,Hostility,kDN,DS,DCP,TD_U,TD_P,MV,CB,CLD,N1,N2,LSC,LSradius,H,U,F1,F2,F3,F4,y
0,0.0,0.0,0.0,0.0075987841945288626,0.15625,0.2857142857142857,0.0,0.6666666666666666,0.0241488738896124,0.0,0.059055668754308344,0.7239079693231076,0.7612621561886131,0.0,0.843,0.5,0.4605745721592018,0.6346164462802012,0.8086583204012006,0
1,0.2703581207765309,0.2,0.9964664310954063,0.10169491525423724,0.28125,0.5714285714285714,0.0,0.6666666666666666,0.0555477733063342,0.0,0.3345813862315612,0.9983327775925308,0.9845351492705308,0.0,0.9983333333333333,1.0,0.7274281097150589,0.7718580532711042,0.8162879968271496,0
2,0.0,0.0,0.0,0.0075987841945288626,0.15625,0.2857142857142857,0.0,0.6666666666666666,0.024148873889626166,0.0,0.04779687611887973,0.7562520840280094,0.7191569530823627,0.0,0.9383333333333334,0.0,0.5441855685104768,0.5590288410649358,0.5738721136193948,0
3,0.0,0.0,0.0,0.0075987841945288626,0.15625,0.2857142857142857,0.0,0.6666666666666666,0.0241488738896124,0.0,0.0071382844833328685,0.7082360786928976,0.7410549857888469,0.0,0.859,0.5,0.44960949627623636,0.6150143223709992,0.7804191484657621,0
4,0.11064621106462114,0.0,0.0,0.0075987841945288626,0.15625,0.2857142857142857,0.0,0.6666666666666666,0.024158066775519127,0.0,0.05027428760795605,0.9409803267755918,0.9270487435288403,0.0,0.804,0.5,0.6259972674879497,0.7562157077015872,0.8864341479152248,0
5,0.0,0.0,0.0,0.0075987841945288626,0.15625,0.2857142857142857,0.0,0.6666666666666666,0.0241488738896124,0.0,0.01971413207185213,0.6985661887295765,0.6879899219823269,0.0,0.9336666666666666,0.0,0.47621558547363696,0.5374601762965456,0.5987047671194544,0
6,0.2325310073028657,0.1,0.9901060070671378,0.0075987841945288626,0.46875,0.2857142857142857,0.0,0.6666666666666666,0.0627949102594123,0.0,0.37437836538718605,0.9993331110370124,0.9910104731762809,0.0,0.9983333333333333,1.0,0.760168592659695,0.8080050348940542,0.8558414771284133,0
7,0.0,0.0,0.0,0.0075987841945288626,0.15625,0.2857142857142857,0.0,0.6666666666666666,0.024148873889683675,0.0,0.04411660572801712,0.711570523507836,0.7762386529343124,0.0,0.851,0.5,0.5113605320370362,0.6172740545583791,0.723187577079722,0
8,0.19059750976591983,0.0,0.9469964664310954,0.0075987841945288626,0.15625,0.2857142857142857,0.0,0.6666666666666666,0.026105744401378583,0.0,0.0875140904858257,0.9829943314438147,0.9573162512036418,0.0,0.9339999999999999,1.0,0.723889861421495,0.7418007301264165,0.7597115988313378,0
9,0.062382297551789145,0.0,0.8671378091872791,0.0075987841945288626,0.1875,0.2857142857142857,0.0,0.6666666666666666,0.02441852120361032,0.0,0.15429969301521185,0.9826608869623208,0.9560725831303996,0.0,0.8556666666666667,1.0,0.6776114823479664,0.784817517941321,0.8920235535346756,0
10,0.4843855929493329,0.7,0.9985865724381625,0.14084507042253525,0.25,0.2857142857142857,0.0,0.6666666666666666,0.35887370760220705,0.5,0.3030913623070608,0.9996665555185061,0.9914675710849884,0.0,0.9996666666666667,1.0,0.7756231863889977,0.8748739547882872,0.9741247231875767,0
11,0.062382297551789145,0.0,0.0,0.0075987841945288626,0.15625,0.2857142857142857,0.0,0.6666666666666666,0.024148873972778206,0.0,0.028946146757599656,0.843947982660887,0.8583867266214494,0.0,0.7846666666666666,0.5,0.5395161008440047,0.7255473887753994,0.9115786767067942,0
12,0.11064621106462114,0.0,0.0,0.0075987841945288626,0.15625,0.2857142857142857,0.0,0.6666666666666666,0.02414887395583043,0.0,0.04632462042621177,0.7979326442147383,0.8406240700693075,0.0,0.8083333333333333,0.5,0.5396101266309846,0.6672092303729488,0.7948083341149129,0
13,0.19059750976591983,0.0,0.9519434628975265,0.0075987841945288626,0.1875,0.2857142857142857,0.0,0.6666666666666666,0.025058539680100966,0.0,0.05380915026109612,0.9829943314438147,0.9548877295213343,0.0,0.8693333333333333,1.0,0.7126567139376336,0.7312455215660838,0.749834329194534,0
14,0.20946212948456222,0.0,0.9484098939929329,0.0075987841945288626,0.25,0.2857142857142857,0.0,0.6666666666666666,0.036773099736196246,0.0,0.12283625391262376,0.9939979993331111,0.9723272977461148,0.0,0.997,1.0,0.7465661465659846,0.8256326473535736,0.9046991481411626,0
15,0.716574541992952,0.9,1.0,0.5964912280701755,0.40625,0.8571428571428571,0.0,0.6666666666666666,0.7569206113082892,1.0,0.624775565346342,1.0,0.9980649874816778,0.0026666666666666666,1.0,1.0,0.853065519859493,0.8601104342256463,0.8671553485917995,0
16,0.3328581207765309,0.3,0.9964664310954063,0.5964912280701755,0.40625,0.8571428571428571,0.0,0.6666666666666666,0.38277406766416167,0.5,0.5623028661341132,1.0,0.9937126124745698,0.0,1.0,1.0,0.7653964218076507,0.8155354455997849,0.865674469391919,0
17,0.6239067930752031,0.6,0.9992932862190813,0.5964912280701755,0.625,0.8571428571428571,0.0,0.6666666666666666,0.7870960372477775,0.3333333333333333,0.6222829160234484,1.0,0.9979425343253652,0.001,0.9996666666666667,1.0,0.8604599083091719,0.9031576490136487,0.9458553897181255,0
18,0.8928287047902442,1.0,1.0,0.8964851293935883,0.78125,1.0,0.0,0.6666666666666666,0.9179975777541266,1.0,0.801703155801281,1.0,0.9986271176581535,0.004666666666666667,1.0,1.0,0.9672122502137714,0.9753770997668874,0.9835419493200034,0
19,0.0,0.0,0.0,0.0075987841945288626,0.15625,0.2857142857142857,0.0,0.6666666666666666,0.0241488738896124,0.0,0.05804654721213054,0.7169056352117372,0.7469240239690547,0.0,0.8556666666666667,0.5,0.4572920806253806,0.6564641937280551,0.8556363068307297,0
20,0.19059750976591983,0.0,0.9469964664310954,0.0075987841945288626,0.15625,0.2857142857142857,0.0,0.6666666666666666,0.026498266059893583,0.0,0.06386886997126229,0.9846615538512837,0.9591170760548846,0.0,0.9383333333333334,1.0,0.7283877795026982,0.7432073560322237,0.7580269325617492,0
21,0.07131086898036054,0.0,0.9816254416961131,0.14084507042253525,0.1875,0.2857142857142857,0.0,0.6666666666666666,0.026223295959042048,0.0,0.15489249300581476,0.9939979993331111,0.9471241959838239,0.0,0.9436666666666667,1.0,0.6880985514038681,0.7869968125777265,0.8858950737515847,0
22,0.18166893833734843,0.0,0.8671378091872791,0.0075987841945288626,0.1875,0.2857142857142857,0.0,0.6666666666666666,0.024402801842199895,0.0,0.14259380045521042,0.9896632210736912,0.9674581817398064,0.0,0.8763333333333333,1.0,0.6758814377165729,0.7398140842280772,0.8037467307395812,0
23,0.062382297551789145,0.0,0.0,0.0075987841945288626,0.15625,0.2857142857142857,0.0,0.6666666666666666,0.02414888283585137,0.0,0.04352386382461826,0.8739579859953318,0.793591787805576,0.0,0.9296666666666666,0.0,0.6347681096206971,0.6418204613717239,0.6488728131227507,0
24,0.062382297551789145,0.0,0.0,0.0075987841945288626,0.15625,0.2857142857142857,0.0,0.6666666666666666,0.024234485027140318,0.0,0.14650190787404116,0.9849949983327776,0.9569992020902339,0.0,0.8406666666666667,0.5,0.6622372290854458,0.7730713877151951,0.8839055463449444,0
25,0.11064621106462114,0.0,0.0,0.0075987841945288626,0.15625,0.2857142857142857,0.0,0.6666666666666666,0.024160045765052596,0.0,0.0317091063001238,0.9326442147382461,0.9223144868641685,0.0,0.8043333333333333,0.5,0.6292643459799941,0.7460690088365303,0.8628736716930664,0
26,0.8780210059631457,0.8,1.0,0.8964851293935883,0.6875,1.0,0.0,0.6666666666666666,0.9172947985764245,1.0,0.6661871186755188,1.0,0.9982149813238346,0.0003333333333333333,1.0,1.0,0.863522225409765,0.9102394489154402,0.9569566724211155,0
27,0.20946212948456222,0.0,0.9484098939929329,0.0075987841945288626,0.25,0.2857142857142857,0.0,0.6666666666666666,0.029766362978959404,0.0,0.21036963537937203,0.9933311103701233,0.9715804495146774,0.0,0.9853333333333333,1.0,0.7323877746077292,0.8117525190637536,0.8911172635197778,0
28,0.062382297551789145,0.0,0.0,0.0075987841945288626,0.15625,0.2857142857142857,0.0,0.6666666666666666,0.024148873980829766,0.0,0.028264233207480727,0.7722574191397132,0.81703158560178,0.0,0.8203333333333334,0.5,0.5476470350465817,0.6818781620552636,0.8161092890639455,0
29,0.062382297551789145,0.0,0.0,0.0075987841945288626,0.15625,0.2857142857142857,0.0,0.6666666666666666,0.024152064795372796,0.0,0.00839810398858809,0.9096365455151717,0.8943495604451963,0.0,0.8523333333333334,0.5,0.6318128102267019,0.7285957526718327,0.8253786951169635,0
30,0.09631086898036045,0.1,0.9830388692579506,0.14084507042253525,0.1875,0.2857142857142857,0.0,0.6666666666666666,0.06437350219626703,0.0,0.35098857851182585,0.9969989996665555,0.9808845059443219,0.0,0.997,1.0,0.7566213643092057,0.8225104611431422,0.8883995579770788,0
31,0.11064621106462114,0.0,0.0,0.0075987841945288626,0.15625,0.2857142857142857,0.0,0.6666666666666666,0.024149194756250103,0.0,0.0443093435717834,0.8842947649216406,0.8975587760560679,0.0,0.7656666666666667,0.5,0.5942914311442857,0.7347046470213409,0.875117862898396,0
32,0.11064621106462114,0.0,0.0,0.0075987841945288626,0.15625,0.2857142857142857,0.0,0.6666666666666666,0.024149440317253967,0.0,0.055326349538740716,0.8802934311437146,0.8928574752309834,0.0,0.796,0.5,0.598105469678568,0.7637026846566559,0.9292998996347438,0
33,0.062382297551789145,0.0,0.0,0.0075987841945288626,0.15625,0.2857142857142857,0.0,0.6666666666666666,0.024148873889618172,0.0,0.02087861834234217,0.6928976325441814,0.7335432051603774,0.0,0.8966666666666667,0.5,0.5116066246347059,0.6125406929960977,0.7134747613574894,0
34,0.0,0.0,0.0,0.0075987841945288626,0.15625,0.2857142857142857,0.0,0.6666666666666666,0.0241488738896124,0.0,0.05686231254893426,0.6958986328776259,0.6791469926453618,0.0,0.9273333333333333,0.5,0.41358359784896814,0.5465643459121381,0.679545093975308,0
35,0.8109334638756036,0.8,1.0,0.8964851293935883,0.9375,1.0,0.0,0.6666666666666666,0.8949207238432707,0.6666666666666666,0.4746058657038785,0.9996665555185061,0.9955261801497081,0.001,0.9996666666666667,1.0,0.8302250357157493,0.8397242550518131,0.8492234743878769,0
36,0.062382297551789145,0.0,0.0,0.0075987841945288626,0.15625,0.2857142857142857,0.0,0.6666666666666666,0.024170704763598283,0.0,0.07429615784459809,0.9376458819606536,0.9137734302736038,0.0,0.8533333333333333,0.5,0.6546381697900383,0.7409255039720737,0.8272128381541092,0
37,0.0,0.0,0.0,0.0075987841945288626,0.15625,0.2857142857142857,0.0,0.6666666666666666,0.024148878496381476,0.0,0.01751348440253342,0.8582860953651217,0.7969561684994996,0.0,0.924,0.0,0.6028043747088812,0.614694275533067,0.6265841763572528,0
38,0.1994621294845622,0.0,0.9879858657243816,0.0075987841945288626,0.28125,0.2857142857142857,0.0,0.6666666666666666,0.031663911183486104,0.0,0.129259859863732,0.9933311103701233,0.9712476994915062,0.0,0.945,1.0,0.7560726653263637,0.7966393769825026,0.8372060886386415,0
39,0.062382297551789145,0.0,0.0,0.0075987841945288626,0.15625,0.2857142857142857,0.0,0.6666666666666666,0.024160274074845667,0.0,0.08311011813820324,0.9453151050350117,0.9189997098222886,0.0,0.847,0.5,0.6417021474991162,0.7464919813799151,0.8512818152607139,0
40,0.13553057739209573,0.0,0.9837455830388693,0.0075987841945288626,0.40625,0.2857142857142857,0.0,0.6666666666666666,0.038637961827316936,0.0,0.2894846757313281,0.9953317772590864,0.977869948170371,0.0,0.9963333333333333,1.0,0.7355688730832144,0.8167946038548114,0.8980203346264084,0
41,0.13756436963239604,0.1,0.0,0.0075987841945288626,0.15625,0.2857142857142857,0.0,0.6666666666666666,0.024200673301851494,0.0,0.24565888881886377,0.9976658886295432,0.9776571137411421,0.0,0.8056666666666666,0.5,0.6496796149285463,0.7924266647286382,0.9351737145287302,0
42,0.11064621106462114,0.0,0.0,0.0075987841945288626,0.15625,0.2857142857142857,0.0,0.6666666666666666,0.024210504870371796,0.0,0.12548401797488262,0.9633211070356785,0.9401218351945285,0.0,0.9003333333333333,0.5,0.6475091054963611,0.8150004504360204,0.9824917953756797,0
43,0.5157664773106492,0.7,0.9992932862190813,0.5964912280701755,0.5625,0.8571428571428571,0.0,0.6666666666666666,0.7019556887868009,0.6666666666666666,0.47522450874185296,0.9996665555185061,0.9931480883959404,0.0003333333333333333,1.0,1.0,0.860269943614884,0.9020142864779481,0.9437586293410123,0
44,0.062382297551789145,0.0,0.0,0.0075987841945288626,0.15625,0.2857142857142857,0.0,0.6666666666666666,0.024162185022168714,0.0,0.04552924082623211,0.9139713237745916,0.8893479910447973,0.0,0.8693333333333333,0.5,0.6619169403953363,0.7201474386384001,0.7783779368814641,0
45,0.062382297551789145,0.0,0.0,0.0075987841945288626,0.15625,0.2857142857142857,0.0,0.6666666666666666,0.024148873889729527,0.0,0.03362337608957722,0.7585861953984662,0.8066394491810612,0.0,0.7836666666666667,0.5,0.5039805507409089,0.7509997975469704,0.998019044353032,0
46,0.34192534859375867,0.3,0.992226148409894,0.10169491525423724,0.28125,0.5714285714285714,0.0,0.6666666666666666,0.06313854971426636,0.5,0.42064260622259064,0.9996665555185061,0.9950033412221336,0.0003333333333333333,0.9993333333333333,1.0,0.773838363961452,0.7886248491333876,0.8034113343053231,0
47,0.11064621106462114,0.0,0.0,0.0075987841945288626,0.15625,0.2857142857142857,0.0,0.6666666666666666,0.024150598863696304,0.0,0.04942754058008825,0.9049683227742581,0.9038544568002658,0.0,0.742,0.5,0.6085076989551773,0.7895512505584781,0.9705948021617787,0
48,0.27229217379754034,0.3,0.9936395759717315,0.0075987841945288626,0.4375,0.2857142857142857,0.0,0.6666666666666666,0.09168536314272802,0.0,0.33278595524140564,0.9986662220740247,0.9879250339809854,0.0,0.9993333333333333,1.0,0.7656526919942205,0.8634111957083932,0.961169699422566,0
49,0.4077954628178956,0.4,0.9957597173144876,0.19354838709677424,0.34375,0.8571428571428571,0.0,0.6666666666666666,0.31459857014858605,0.3333333333333333,0.6519384797422427,1.0,0.9959463669193278,0.0,0.9996666666666667,1.0,0.8440997088650265,0.8547467399663771,0.8653937710677275,0
50,0.07131086898036054,0.0,0.9696113074204947,0.020408163265306145,0.125,0.42857142857142855,0.0,0.6666666666666666,0.02893831129271729,0.0,0.12421789243267078,0.9956652217405801,0.9646226710308556,0.0,0.9016666666666666,1.0,0.7615138682851167,0.7773681219610471,0.7932223756369774,0
51,0.062382297551789145,0.0,0.0,0.0075987841945288626,0.15625,0.2857142857142857,0.0,0.6666666666666666,0.024150009556625163,0.0,0.05944402521079262,0.9369789929976658,0.9162574273993384,0.0,0.802,0.5,0.611780812655402,0.7506237339015076,0.8894666551476134,0
52,0.9037028651300083,1.0,1.0,0.8964851293935883,0.65625,1.0,0.0,0.6666666666666666,0.9191676126098989,1.0,0.7927847122075139,1.0,0.998076510128284,0.004666666666666667,1.0,1.0,0.9765110785207736,0.9868903019961867,0.9972695254715997,0
53,0.11064621106462114,0.0,0.0,0.0075987841945288626,0.15625,0.2857142857142857,0.0,0.6666666666666666,0.024148874767315753,0.0,0.03357285342567351,0.7939313104368123,0.835612060159353,0.0,0.827,0.5,0.5609374811734912,0.6538826730454484,0.7468278649174057,0
54,0.13553057739209573,0.2,0.9936395759717315,0.0075987841945288626,0.4375,0.2857142857142857,0.0,0.6666666666666666,0.05005873368883085,0.0,0.4387476919265202,0.9989996665555185,0.9866740084907845,0.0,0.9993333333333333,1.0,0.7461573431093361,0.8521494194679493,0.9581414958265626,0
55,0.8507724317400065,0.9,1.0,0.8964851293935883,0.59375,1.0,0.0,0.6666666666666666,0.9117027535545023,1.0,0.6900036864449726,1.0,0.997124333131556,0.0026666666666666666,1.0,1.0,0.8723417683133057,0.9165204275172725,0.9606990867212394,0
56,0.11064621106462114,0.0,0.0,0.0075987841945288626,0.15625,0.2857142857142857,0.0,0.6666666666666666,0.024148874021320155,0.0,0.02464523269775576,0.7769256418806268,0.827607784785262,0.0,0.8143333333333334,0.5,0.5467024976408349,0.6547985345837296,0.7628945715266243,0
57,0.11064621106462114,0.0,0.0,0.0075987841945288626,0.15625,0.2857142857142857,0.0,0.6666666666666666,0.0241491211477195,0.0,0.024991352245501752,0.8836278759586529,0.8690328775391494,0.0,0.8803333333333333,0.5,0.62061690239709,0.656004147056192,0.6913913917152941,0
58,0.11064621106462114,0.0,0.8671378091872791,0.0075987841945288626,0.1875,0.2857142857142857,0.0,0.6666666666666666,0.02416093405602371,0.0,0.02991737420283802,0.9326442147382461,0.8832155771926091,0.0,0.9073333333333333,0.5,0.6505226815462088,0.6724333927664916,0.6943441039867743,0
59,0.062382297551789145,0.0,0.0,0.0075987841945288626,0.15625,0.2857142857142857,0.0,0.6666666666666666,0.0241488738902097,0.0,0.06610095343925149,0.8276092030676893,0.8412425852143164,0.0,0.7773333333333333,0.5,0.5127841715216467,0.7241296983928065,0.9354752252639663,0
60,0.19518245185086192,0.0,0.8671378091872791,0.0075987841945288626,0.1875,0.2857142857142857,0.0,0.6666666666666666,0.02461651068011561,0.0,0.1267563862918203,0.9856618872957652,0.9590693033433313,0.0,0.8563333333333334,1.0,0.6913734248864488,0.7346280662095893,0.7778827075327298,0
61,0.062382297551789145,0.0,0.0,0.0075987841945288626,0.15625,0.2857142857142857,0.0,0.6666666666666666,0.0241488738896124,0.0,0.04636676578276866,0.7129043014338112,0.7015474779022728,0.0,0.9233333333333333,0.0,0.4957615437242608,0.5735051816046274,0.651248819484994,0
62,0.15217391304347827,0.2,0.9830388692579506,0.14084507042253525,0.1875,0.2857142857142857,0.0,0.6666666666666666,0.03767148131419196,0.0,0.3170775794001146,0.9989996665555185,0.9680557686166276,0.0,0.9943333333333333,1.0,0.7355846271007976,0.7475400034617725,0.7594953798227473,0
63,0.0,0.0,0.0,0.0075987841945288626,0.15625,0.2857142857142857,0.0,0.6666666666666666,0.0241488738896124,0.0,0.04333244565678662,0.7812604201400467,0.7816998908571283,0.0,0.837,0.5,0.4602665781186576,0.7073460020668202,0.9544254260149827,0
64,0.5601431687069087,0.4,0.9971731448763251,0.679144385026738,0.5625,0.8571428571428571,0.0,0.6666666666666666,0.781966152352782,0.0,0.35149474235155387,0.9996665555185061,0.9954070816406938,0.0,0.9993333333333333,1.0,0.8298484885513372,0.8822472031478832,0.9346459177444291,0
65,0.19518245185086192,0.2,0.9469964664310954,0.0075987841945288626,0.15625,0.2857142857142857,0.0,0.6666666666666666,0.028884515939507915,0.5,0.7853081946230784,1.0,0.9977806445433105,0.0003333333333333333,0.996,1.0,0.7258511665663642,0.7680232880331219,0.8101954094998797,0
66,0.7317829536531453,0.8,0.9992932862190813,0.8964851293935883,0.53125,1.0,0.0,0.6666666666666666,0.8952396865311703,0.5,0.7152531932161816,1.0,0.9991100498403971,0.0006666666666666666,0.9996666666666667,1.0,0.8997802580498246,0.9113755923826036,0.9229709267153825,0
67,0.0,0.0,0.0,0.0075987841945288626,0.15625,0.2857142857142857,0.0,0.6666666666666666,0.02414887467696436,0.0,0.018999234101411577,0.8292764254751583,0.8584918992596099,0.0,0.8003333333333333,0.5,0.5538028802220131,0.6800812269042185,0.8063595735864237,0
68,0.11064621106462114,0.0,0.0,0.0075987841945288626,0.15625,0.2857142857142857,0.0,0.6666666666666666,0.024148902656667692,0.0,0.029555397975460695,0.8222740913637879,0.8453376123759525,0.0,0.85,0.5,0.5931067370078927,0.6547001150518623,0.716293493095832,0
69,0.11064621106462114,0.0,0.0,0.0075987841945288626,0.15625,0.2857142857142857,0.0,0.6666666666666666,0.024148875147949944,0.0,0.0147035320351796,0.8132710903634545,0.8515053674164893,0.0,0.7143333333333333,0.5,0.5525849763584809,0.7572885105409451,0.9619920447234094,0
70,0.13553057739209573,0.0,0.9837455830388693,0.0075987841945288626,0.40625,0.2857142857142857,0.0,0.6666666666666666,0.0340663821443572,0.0,0.1886200999083507,0.9936645548516172,0.9747911579671793,0.0,0.9963333333333333,1.0,0.7271618464416064,0.8248714490720864,0.9225810517025664,0
71,0.062382297551789145,0.0,0.0,0.0075987841945288626,0.15625,0.2857142857142857,0.0,0.6666666666666666,0.024148873978819374,0.0,0.025086351144821384,0.800266755585195,0.8335366978898382,0.0,0.8033333333333333,0.5,0.5437331518686642,0.6987696163084363,0.8538060807482084,0
72,0.11064621106462114,0.0,0.0,0.0075987841945288626,0.15625,0.2857142857142857,0.0,0.6666666666666666,0.024149129188010154,0.0,0.03555321524408184,0.8826275425141714,0.8900259700924338,0.0,0.738,0.5,0.5917354668753259,0.7898297766680922,0.9879240864608586,0
73,0.062382297551789145,0.0,0.8671378091872791,0.0075987841945288626,0.1875,0.2857142857142857,0.0,0.6666666666666666,0.024301880642913165,0.0,0.08123632045983864,0.9846615538512837,0.9570771010932834,0.0,0.8406666666666667,1.0,0.670500490754279,0.7770653797913103,0.8836302688283417,0
74,0.062382297551789145,0.0,0.0,0.0075987841945288626,0.15625,0.2857142857142857,0.0,0.6666666666666666,0.024162817696823935,0.0,0.07036971176584161,0.9589863287762588,0.9297375335080323,0.0,0.8416666666666667,0.5,0.6412680745269074,0.7550735048479347,0.868878935168962,0
75,0.0,0.0,0.9469964664310954,0.0075987841945288626,0.15625,0.2857142857142857,0.0,0.6666666666666666,0.024149260758965063,0.0,0.06965731686941512,0.9513171057019006,0.8336861767944473,0.0,0.9686666666666667,0.5,0.56102267099493,0.6590398841984139,0.7570570974018977,0
76,0.062382297551789145,0.0,0.0,0.0075987841945288626,0.15625,0.2857142857142857,0.0,0.6666666666666666,0.024148873889612732,0.0,0.038146580324696755,0.7345781927309103,0.704312939313283,0.0,0.9306666666666666,0.0,0.5225112936327002,0.5734932976484568,0.6244753016642134,0
77,0.11064621106462114,0.0,0.0,0.0075987841945288626,0.15625,0.2857142857142857,0.0,0.6666666666666666,0.02415016544777615,0.0,0.044130861811287114,0.8902967655885295,0.8966223865334932,0.0,0.7993333333333333,0.5,0.6056130340671654,0.7642998126819559,0.9229865912967464,0
78,0.13553057739209573,0.0,0.9519434628975265,0.0075987841945288626,0.1875,0.2857142857142857,0.0,0.6666666666666666,0.0295499413767909,0.0,0.10826594394183142,0.9853284428142715,0.9638385845351178,0.0,0.981,1.0,0.7156955204275051,0.8169433388342524,0.9181911572409999,0
79,0.11064621106462114,0.0,0.8671378091872791,0.0075987841945288626,0.1875,0.2857142857142857,0.0,0.6666666666666666,0.024227673720130016,0.0,0.017051316109096826,0.9376458819606536,0.9105922161285958,0.0,0.8763333333333333,1.0,0.6826548409997776,0.7011970023131464,0.7197391636265151,0
80,0.2703581207765309,0.1,0.9964664310954063,0.10169491525423724,0.28125,0.5714285714285714,0.0,0.6666666666666666,0.06558384906082693,0.0,0.3042578429839401,0.9976658886295432,0.9857318438526691,0.0,0.9973333333333333,1.0,0.7396620374338864,0.7763592525114589,0.8130564675890314,0
81,0.11064621106462114,0.0,0.0,0.0075987841945288626,0.15625,0.2857142857142857,0.0,0.6666666666666666,0.024175379328513547,0.0,0.09590714104048315,0.9563187729243081,0.9386140262229966,0.0,0.8063333333333333,0.5,0.6383344240674448,0.7568926386687171,0.8754508532699894,0
82,0.11064621106462114,0.0,0.0,0.0075987841945288626,0.15625,0.2857142857142857,0.0,0.6666666666666666,0.024149359753425026,0.0,0.062393877952922505,0.8662887629209737,0.8871227271827333,0.0,0.7986666666666666,0.5,0.5970548763540966,0.7507053248631311,0.9043557733721657,0
83,0.062382297551789145,0.0,0.0,0.0075987841945288626,0.15625,0.2857142857142857,0.0,0.6666666666666666,0.024148873908870994,0.0,0.02832749385402855,0.8012670890296766,0.8384163164951268,0.0,0.7483333333333333,0.5,0.5288871822681062,0.7592573006997577,0.9896274191314093,0
84,0.0,0.0,0.0,0.0075987841945288626,0.15625,0.2857142857142857,0.0,0.6666666666666666,0.0241488738896124,0.0,0.02085908618481802,0.6828942980993664,0.6448660852280738,0.0,0.946,0.0,0.4131986791979957,0.5150060997183061,0.6168135202386167,0
85,0.25779546281789556,0.1,0.992226148409894,0.19354838709677424,0.28125,0.8571428571428571,0.0,0.6666666666666666,0.17315391780146383,0.0,0.19937806670090064,0.9976658886295432,0.9822187744821947,0.0,0.998,1.0,0.8220580562883697,0.8373361865270639,0.8526143167657579,0
86,0.0,0.0,0.0,0.0075987841945288626,0.15625,0.2857142857142857,0.0,0.6666666666666666,0.0241488738896124,0.0,0.08203344219636677,0.7015671890630211,0.6721867907256678,0.0,0.9173333333333333,0.5,0.389325103966859,0.6379661724992702,0.8866072410316815,0
87,0.13947068771518478,0.0,0.8671378091872791,0.0075987841945288626,0.1875,0.2857142857142857,0.0,0.6666666666666666,0.024677683787428184,0.0,0.1170022871134263,0.9916638879626543,0.9690643803722733,0.0,0.9053333333333333,1.0,0.6773179066236865,0.7846048591057777,0.891891811587869,0
88,0.0,0.0,0.0,0.0075987841945288626,0.15625,0.2857142857142857,0.0,0.6666666666666666,0.024148873889616063,0.0,0.004539435376526235,0.7335778592864288,0.7920354474226611,0.0,0.7989999999999999,0.5,0.48960532620259356,0.6836015690043266,0.8775978118060596,0
89,0.11064621106462114,0.0,0.0,0.0075987841945288626,0.15625,0.2857142857142857,0.0,0.6666666666666666,0.02414888708660945,0.0,0.04133067804836188,0.8342780926975659,0.8707128233395465,0.0,0.7763333333333333,0.5,0.5694297580995028,0.7197990307573241,0.8701683034151453,0
90,0.9029659614512292,0.9,1.0,0.8964851293935883,0.625,1.0,0.0,0.6666666666666666,0.9160248786537301,1.0,0.7746403003568679,1.0,0.9985490748229751,0.006333333333333333,1.0,1.0,0.9073265885603151,0.9342356218119237,0.9611446550635321,0
91,0.062382297551789145,0.0,0.0,0.0075987841945288626,0.15625,0.2857142857142857,0.0,0.6666666666666666,0.024148887254486273,0.0,0.03724663781429782,0.8102700900300099,0.8226822768414405,0.0,0.873,0.5,0.595808126370986,0.6727873591910776,0.7497665920111692,0
92,0.2951824518508619,0.2,0.9519434628975265,0.0075987841945288626,0.1875,0.2857142857142857,0.0,0.6666666666666666,0.02616494840070993,0.3333333333333333,0.5310127815228913,1.0,0.9924829010688718,0.0003333333333333333,0.9266666666666666,1.0,0.7098896858217675,0.7587259802000829,0.8075622745783982,0
93,0.11064621106462114,0.0,0.0,0.0075987841945288626,0.15625,0.2857142857142857,0.0,0.6666666666666666,0.024148999935257653,0.0,0.07376218183333771,0.9116372124041348,0.9026795701804039,0.0,0.7456666666666667,0.5,0.5866549290240193,0.7841846992095376,0.981714469395056,0
94,0.11064621106462114,0.0,0.0,0.0075987841945288626,0.15625,0.2857142857142857,0.0,0.6666666666666666,0.02416727486992265,0.0,0.0224153347376852,0.9393131043681227,0.9261810483781979,0.0,0.856,0.5,0.6326776680329073,0.7813069110608408,0.9299361540887743,0
95,0.062382297551789145,0.0,0.0,0.0075987841945288626,0.15625,0.2857142857142857,0.0,0.6666666666666666,0.024148873889857092,0.0,0.02441163565978388,0.8309436478826275,0.8409106932930024,0.0,0.7826666666666666,0.5,0.5083248511423347,0.7271203795087352,0.9459159078751357,0
96,0.0,0.0,0.0,0.0075987841945288626,0.15625,0.2857142857142857,0.0,0.6666666666666666,0.0241488738896124,0.0,0.05564352978835896,0.663887962654218,0.6931646495565558,0.0,0.8906666666666667,0.5,0.43584125633585247,0.6087881739070757,0.781735091478299,0
97,0.0,0.0,0.0,0.0075987841945288626,0.15625,0.2857142857142857,0.0,0.6666666666666666,0.024148874052217106,0.0,0.019607299737311568,0.8016005335111704,0.7990999208930406,0.0,0.9006666666666667,0.0,0.572441481945074,0.6107447001342694,0.6490479183234648,0
98,0.062382297551789145,0.0,0.0,0.0075987841945288626,0.15625,0.2857142857142857,0.0,0.6666666666666666,0.024148920052295297,0.0,0.06372086198125637,0.9296432144048016,0.9104360176889076,0.0,0.7616666666666667,0.5,0.5807310742047275,0.756616804183829,0.9325025341629306,0
99,0.062382297551789145,0.0,0.0,0.0075987841945288626,0.15625,0.2857142857142857,0.0,0.6666666666666666,0.02414887399460719,0.0,0.04943206882006246,0.7629209736578859,0.8080824248819148,0.0,0.841,0.5,0.5513675434154429,0.6727420922244824,0.794116641033522,0
100,0.1994621294845622,0.1,0.9696113074204947,0.020408163265306145,0.125,0.42857142857142855,0.0,0.6666666666666666,0.044330706161172295,0.0,0.3087316843854635,0.9979993331110371,0.9804955075124799,0.0,0.9883333333333333,1.0,0.780634050215478,0.8093369507534136,0.8380398512913492,0
101,0.07131086898036054,0.0,0.9816254416961131,0.14084507042253525,0.1875,0.2857142857142857,0.0,0.6666666666666666,0.02424814728998992,0.0,0.1796019210054144,0.9836612204068023,0.9050938647911823,0.0,0.948,0.5,0.6528047624631164,0.7396069786625536,0.826409194861991,0
102,0.0,0.3,0.9674911660777386,0.19696969696969702,0.125,0.42857142857142855,0.0,0.6666666666666666,0.03118475125773179,0.0,0.37104950954114424,0.9986662220740247,0.9598858914034009,0.0,0.9966666666666667,0.5,0.6326654087131764,0.7594987613243601,0.8863321139355438,0
103,0.5869421913465953,0.6,0.995053003533569,0.7424749163879598,0.34375,1.0,0.0,0.6666666666666666,0.5336752373190972,0.0,0.4569568301790736,0.9996665555185061,0.9889719490106423,0.0,1.0,1.0,0.7575237693335771,0.7729713971722426,0.7884190250109081,0
104,0.217888198757764,0.1,0.9752650176678446,0.14084507042253525,0.15625,0.2857142857142857,0.0,0.6666666666666666,0.02505289654368492,0.0,0.28177378096304495,0.9996665555185061,0.9817419914505858,0.0,0.9716666666666667,0.5,0.6526515805774052,0.8095610810720183,0.9664705815666313,0
105,0.22954730996572004,0.0,0.9469964664310954,0.0075987841945288626,0.15625,0.2857142857142857,0.0,0.6666666666666666,0.02545071138122723,0.0,0.05398564588553467,0.9886628876292097,0.9628242244105594,0.0,0.9013333333333333,1.0,0.6870687375979606,0.724137820324458,0.7612069030509554,0
106,0.0,0.0,0.0,0.0075987841945288626,0.15625,0.2857142857142857,0.0,0.6666666666666666,0.024148873890194267,0.0,0.060206741714585954,0.7579193064354786,0.8130833608761748,0.0,0.7783333333333333,0.5,0.5135985310494121,0.6636137494242186,0.813628967799025,0
107,0.5601431687069087,0.6,0.9971731448763251,0.679144385026738,0.5625,0.8571428571428571,0.0,0.6666666666666666,0.7725983285299485,0.0,0.4488839904309,0.9993331110370124,0.9903607074468266,0.0,1.0,1.0,0.8272804522144139,0.873856970104449,0.920433487994484,0
108,0.11064621106462114,0.0,0.0,0.0075987841945288626,0.15625,0.2857142857142857,0.0,0.6666666666666666,0.02414890814605075,0.0,0.01422794346032763,0.8206068689563187,0.8639043587943256,0.0,0.779,0.5,0.5776283771382814,0.7112252280075009,0.8448220788767205,0
109,0.0,0.0,0.0,0.0075987841945288626,0.15625,0.2857142857142857,0.0,0.6666666666666666,0.024148873889612843,0.0,0.05203794521809357,0.7149049683227743,0.7724376293236588,0.0,0.8083333333333333,0.5,0.481717884431278,0.7335676847837298,0.9854174851361817,0
110,0.0,0.0,0.0,0.0075987841945288626,0.15625,0.2857142857142857,0.0,0.6666666666666666,0.0241488738896124,0.0,0.03721482707046786,0.7612537512504168,0.7739453046775399,0.0,0.8376666666666667,0.5,0.4612651998923675,0.6863912704310744,0.9115173409697813,0
111,0.0,0.0,0.0,0.0075987841945288626,0.15625,0.2857142857142857,0.0,0.6666666666666666,0.0241488738896124,0.0,0.047887497639164,0.7009003001000333,0.7521421773078512,0.0,0.8243333333333334,0.5,0.46676779028134685,0.7232455753139733,0.9797233603465997,0
112,0.15217391304347827,0.0,0.9752650176678446,0.14084507042253525,0.15625,0.2857142857142857,0.0,0.6666666666666666,0.024161061901680658,0.0,0.09987970229630638,0.9949983327775925,0.9108605660886544,0.0,0.9883333333333333,0.5,0.5952716127910936,0.7610603395446371,0.9268490662981805,0
113,0.590389219379058,0.5,0.9964664310954063,0.5964912280701755,0.5,0.8571428571428571,0.0,0.6666666666666666,0.519603231577058,0.0,0.42184072802654027,0.9996665555185061,0.9945806568549002,0.0,0.9996666666666667,1.0,0.8214762477176469,0.8599802314133709,0.8984842151090948,0
114,0.7070340824524926,0.8,0.9992932862190813,0.5964912280701755,0.34375,0.8571428571428571,0.0,0.6666666666666666,0.808097455930284,1.0,0.7781972883541795,1.0,0.99880167516678,0.001,1.0,1.0,0.8700530436889261,0.883718632665619,0.8973842216423118,0
115,0.11064621106462114,0.0,0.0,0.0075987841945288626,0.15625,0.2857142857142857,0.0,0.6666666666666666,0.024178510783826268,0.0,0.08713221550692007,0.9726575525175059,0.9470753774524754,0.0,0.8956666666666666,0.5,0.6394341767846061,0.8162526973773298,0.9930712179700534,0
116,0.062382297551789145,0.0,0.0,0.0075987841945288626,0.15625,0.2857142857142857,0.0,0.6666666666666666,0.024148873920483593,0.0,0.025520057404691543,0.7672557519173058,0.7600548243352355,0.0,0.905,0.5,0.5721577999580364,0.6232032786033579,0.6742487572486793,0
117,0.11064621106462114,0.0,0.9519434628975265,0.0075987841945288626,0.1875,0.2857142857142857,0.0,0.6666666666666666,0.024406855510401337,0.0,0.16836971282337543,0.9706568856285428,0.937895435745355,0.0,0.8873333333333333,1.0,0.7029101561812211,0.7075128897692053,0.7121156233571897,0
118,0.8476811490607887,0.9,0.9992932862190813,0.7424749163879598,0.84375,1.0,0.0,0.6666666666666666,0.8884787081488071,1.0,0.7775994807118561,1.0,0.9984664914079444,0.002,1.0,1.0,0.7982224385668834,0.8697111790759267,0.9411999195849698,0
119,0.580976502040242,0.8,1.0,0.679144385026738,0.5,0.8571428571428571,0.0,0.6666666666666666,0.4746250457486676,1.0,0.9475630461115224,1.0,0.9993229842078081,0.0013333333333333333,1.0,1.0,0.7820568905879836,0.8099407153189698,0.8378245400499561,0
120,0.3807430124114225,0.3,0.995053003533569,0.39669421487603307,0.375,0.5714285714285714,0.0,0.6666666666666666,0.34332201254494665,0.0,0.1507022338172821,0.9993331110370124,0.9942688908898663,0.0,0.9993333333333333,1.0,0.8076070056741708,0.8398893577375302,0.8721717098008895,0
121,0.11064621106462114,0.0,0.8671378091872791,0.0075987841945288626,0.1875,0.2857142857142857,0.0,0.6666666666666666,0.024175841852771995,0.0,0.03722234944206271,0.9453151050350117,0.9054048328069826,0.0,0.8936666666666666,1.0,0.6795279377830439,0.6830796920987661,0.6866314464144883,0
122,0.548375172962823,0.8,1.0,0.8964851293935883,0.53125,1.0,0.0,0.6666666666666666,0.766064022151589,1.0,0.7836106298262915,1.0,0.9969367208609367,0.0013333333333333333,1.0,1.0,0.8706546626883592,0.8988811349316328,0.9271076071749064,0
123,0.11064621106462114,0.0,0.0,0.0075987841945288626,0.15625,0.2857142857142857,0.0,0.6666666666666666,0.024148910987811467,0.0,0.014282237135432085,0.8216072024008003,0.8644880770193448,0.0,0.779,0.5,0.5783365851685776,0.7107033780344201,0.8430701709002627,0
124,0.0,0.0,0.0,0.0075987841945288626,0.15625,0.2857142857142857,0.0,0.6666666666666666,0.0241488738896124,0.0,0.019267656002163958,0.7045681893964655,0.7166975268143481,0.0,0.8953333333333333,0.5,0.44384455331822914,0.5680878025172846,0.6923310517163402,0
125,0.5765003304901691,0.5,0.9837455830388693,0.0075987841945288626,0.40625,0.2857142857142857,0.0,0.6666666666666666,0.08729703890198004,0.0,0.2929999645730622,0.9996665555185061,0.9886381536928457,0.0,0.998,1.0,0.7659448880742372,0.8283800823881483,0.8908152767020594,0
126,0.15217391304347827,0.0,0.9752650176678446,0.14084507042253525,0.15625,0.2857142857142857,0.0,0.6666666666666666,0.024148876637530514,0.0,0.034717340910768946,0.9853284428142715,0.7965982758089433,0.0,0.9973333333333333,0.0,0.564815596564502,0.6099207713022332,0.6550259460399646,0
127,0.11064621106462114,0.0,0.0,0.0075987841945288626,0.15625,0.2857142857142857,0.0,0.6666666666666666,0.02414950719128439,0.0,0.04244350486809623,0.8639546515505169,0.8723434911410188,0.0,0.8416666666666667,0.5,0.6179557830021685,0.6749540121883746,0.7319522413745807,0
128,0.0,0.0,0.0,0.0075987841945288626,0.15625,0.2857142857142857,0.0,0.6666666666666666,0.0241488738896124,0.0,0.017171549283834797,0.7382460820273424,0.7231866534545435,0.0,0.8876666666666667,0.5,0.4239418257307261,0.6576438383681388,0.8913458510055515,0
129,0.11064621106462114,0.0,0.0,0.0075987841945288626,0.15625,0.2857142857142857,0.0,0.6666666666666666,0.02414971905466745,0.0,0.10559714246628449,0.9056352117372457,0.9054604772404029,0.0,0.795,0.5,0.6075275586309213,0.708559263994334,0.8095909693577467,0
130,0.11064621106462114,0.0,0.0,0.0075987841945288626,0.15625,0.2857142857142857,0.0,0.6666666666666666,0.0241519900978876,0.0,0.021785881034706467,0.9143047682560854,0.8751568197224405,0.0,0.898,0.0,0.6621414821866984,0.6635380641213058,0.6649346460559131,0
131,0.0,0.0,0.0,0.0075987841945288626,0.15625,0.2857142857142857,0.0,0.6666666666666666,0.02414887506979413,0.0,0.03143684697778859,0.7939313104368123,0.848305404706508,0.0,0.7433333333333334,0.5,0.5535038685321236,0.7057296992225373,0.8579555299129509,0
132,0.062382297551789145,0.0,0.0,0.0075987841945288626,0.15625,0.2857142857142857,0.0,0.6666666666666666,0.024156821178326182,0.0,0.03751444015411143,0.9073024341447149,0.8806035296750743,0.0,0.8726666666666667,0.5,0.6595705929461322,0.7125014704920773,0.7654323480380224,0
133,0.11064621106462114,0.0,0.0,0.0075987841945288626,0.15625,0.2857142857142857,0.0,0.6666666666666666,0.02416335446580553,0.0,0.08587113534525248,0.9779926642214072,0.9503837033293882,0.0,0.7723333333333333,0.5,0.6319600961658044,0.8037219553701151,0.975483814574426,0
134,0.11064621106462114,0.0,0.0,0.0075987841945288626,0.15625,0.2857142857142857,0.0,0.6666666666666666,0.02415648697666728,0.0,0.06811517182301818,0.9349783261087029,0.9186729824074246,0.0,0.8246666666666667,0.5,0.6334114621501286,0.7094791097788473,0.785546757407566,0
135,0.062382297551789145,0.0,0.0,0.0075987841945288626,0.15625,0.2857142857142857,0.0,0.6666666666666666,0.02414887389411835,0.0,0.04637479283172474,0.7359119706568856,0.7605122152572215,0.0,0.89,0.5,0.548039995842249,0.6289722930447221,0.7099045902471952,0
136,0.062382297551789145,0.0,0.0,0.0075987841945288626,0.15625,0.2857142857142857,0.0,0.6666666666666666,0.024148874476065396,0.0,0.04927177771077418,0.7952650883627876,0.8318444991789501,0.0,0.8103333333333333,0.5,0.5584248225136619,0.6919254564724164,0.8254260904311711,0
137,0.4173961471750224,0.6,0.9985865724381625,0.7424749163879598,0.28125,1.0,0.0,0.6666666666666666,0.6867511586082571,0.5,0.4688753375348337,0.9996665555185061,0.9927738215754086,0.0,0.9996666666666667,1.0,0.7614559591555369,0.8473174111060577,0.9331788630565785,0
138,0.380976502040242,0.2,0.9830388692579506,0.14084507042253525,0.1875,0.2857142857142857,0.0,0.6666666666666666,0.17891821560827625,0.0,0.3853491053159146,0.9986662220740247,0.9827065238110405,0.0,0.998,1.0,0.7601714342490138,0.8052112576913839,0.8502510811337539,0
139,0.07131086898036054,0.0,0.9484098939929329,0.0075987841945288626,0.25,0.2857142857142857,0.0,0.6666666666666666,0.024458386198396243,0.0,0.014584415235162185,0.9669889963321107,0.9097457526280859,0.0,0.8993333333333333,1.0,0.7322410058185345,0.7377319143778998,0.7432228229372652,0
140,0.6851060105244206,0.8,0.9992932862190813,0.8964851293935883,0.5,1.0,0.0,0.6666666666666666,0.8320379987373354,1.0,0.9156881602708926,1.0,0.9996155779108802,0.0023333333333333335,1.0,1.0,0.8442770198091909,0.871162629183986,0.8980482385587812,0
141,0.062382297551789145,0.0,0.8671378091872791,0.0075987841945288626,0.1875,0.2857142857142857,0.0,0.6666666666666666,0.02419472962945135,0.0,0.03499973222799235,0.9433144381460487,0.9165643759761362,0.0,0.858,1.0,0.6670397311512909,0.7425391642846308,0.8180385974179709,0
142,0.13630898943153524,0.0,0.8671378091872791,0.0075987841945288626,0.1875,0.2857142857142857,0.0,0.6666666666666666,0.024547995180514315,0.0,0.0931450685311127,0.9883294431477159,0.9669179120271832,0.0,0.952,1.0,0.6738909319972323,0.832112642173082,0.9903343523489317,0
143,0.13630898943153524,0.0,0.8671378091872791,0.0075987841945288626,0.1875,0.2857142857142857,0.0,0.6666666666666666,0.02488822826122694,0.0,0.009870303468815567,0.9793264421473825,0.9568406854875916,0.0,0.9603333333333334,1.0,0.6828355242274488,0.8412173452617944,0.9995991662961399,0
144,0.8967584206855639,0.9,0.9992932862190813,0.8964851293935883,0.59375,1.0,0.0,0.6666666666666666,0.9217699226269507,1.0,0.6583496504073938,1.0,0.9982594746868014,0.0036666666666666666,1.0,1.0,0.9675579183043111,0.9695827627374732,0.9716076071706353,0
145,0.13553057739209573,0.1,0.9837455830388693,0.0075987841945288626,0.40625,0.2857142857142857,0.0,0.6666666666666666,0.03414775789349889,0.0,0.26525134153129315,0.9979993331110371,0.9823772365098123,0.0,0.9966666666666667,1.0,0.7271639897279473,0.8306683631686398,0.9341727366093323,0
146,0.11064621106462114,0.0,0.0,0.0075987841945288626,0.15625,0.2857142857142857,0.0,0.6666666666666666,0.02414910953910865,0.0,0.02489701070804018,0.8886295431810604,0.8946442004820502,0.0,0.802,0.5,0.5975056612509597,0.6964456210461625,0.7953855808413653,0
147,0.17518497342947048,0.1,0.9802120141342756,0.0075987841945288626,0.21875,0.2857142857142857,0.0,0.6666666666666666,0.026686895542981648,0.5,0.6012561254767116,1.0,0.9956823573564123,0.0,0.9656666666666667,1.0,0.7041900873571617,0.7897377930685583,0.875285498779955,0
148,0.062382297551789145,0.0,0.0,0.0075987841945288626,0.15625,0.2857142857142857,0.0,0.6666666666666666,0.02414939342352218,0.0,0.02470074587052773,0.8899633211070357,0.8887990234252177,0.0,0.8443333333333334,0.5,0.6095172255561753,0.7279446504529301,0.846372075349685,0
149,0.6031079628178955,0.9,1.0,0.8964851293935883,0.71875,1.0,0.0,0.6666666666666666,0.8561014059718248,1.0,0.8824859939283666,1.0,0.9986775537309195,0.0013333333333333333,1.0,1.0,0.8912867586892858,0.9276836731888325,0.9640805876883792,0
150,0.0,0.0,0.0,0.0075987841945288626,0.15625,0.2857142857142857,0.0,0.6666666666666666,0.0241488738896124,0.0,0.03504674733058755,0.6942314104701568,0.6831318483862356,0.0,0.923,0.5,0.4227907904662782,0.5460838654644302,0.6693769404625823,0
151,0.4173961471750224,0.7,0.9985865724381625,0.7424749163879598,0.40625,1.0,0.0,0.6666666666666666,0.6112015108234532,0.0,0.2200321184055285,0.9996665555185061,0.9916578118445597,0.0,0.9996666666666667,1.0,0.7592419979633984,0.8373652300112826,0.9154884620591669,0
152,0.07131086898036054,0.0,0.9484098939929329,0.0075987841945288626,0.25,0.2857142857142857,0.0,0.6666666666666666,0.024250452308672843,0.0,0.07368136632017563,0.9536512170723574,0.884142140784278,0.0,0.9193333333333333,1.0,0.6981095995777856,0.7237160630900048,0.7493225266022241,0
153,0.19518245185086192,0.0,0.8671378091872791,0.0075987841945288626,0.1875,0.2857142857142857,0.0,0.6666666666666666,0.02450865705918659,0.0,0.1598880179927582,0.9879959986662221,0.9649049042408201,0.0,0.8823333333333333,1.0,0.6834868306288401,0.7381132444714151,0.7927396583139903,0
154,0.0,0.0,0.0,0.0075987841945288626,0.15625,0.2857142857142857,0.0,0.6666666666666666,0.024148899762408305,0.0,0.04556221430088714,0.8582860953651217,0.8773697004025741,0.0,0.7883333333333333,0.5,0.577857060216146,0.6944311188692998,0.8110051775224534,0
155,0.062382297551789145,0.0,0.0,0.0075987841945288626,0.15625,0.2857142857142857,0.0,0.6666666666666666,0.024148873890280753,0.0,0.01615716006147838,0.8136045348449483,0.8358658203812306,0.0,0.776,0.5,0.512553757828384,0.7379971256328872,0.9634404934373904,0
156,0.0,0.0,0.0,0.0075987841945288626,0.15625,0.2857142857142857,0.0,0.6666666666666666,0.024148873889612732,0.0,0.043060660320179855,0.742914304768256,0.786658637305632,0.0,0.8236666666666667,0.5,0.4836390785277593,0.6413518759494012,0.7990646733710431,0
157,0.0,0.0,0.0,0.0075987841945288626,0.15625,0.2857142857142857,0.0,0.6666666666666666,0.0241488738896124,0.0,0.11439228764368925,0.6925641880626876,0.6266240610202273,0.0,0.9523333333333334,0.5,0.3584953919107754,0.5982067546701477,0.83791811742952,0
158,0.11064621106462114,0.0,0.0,0.0075987841945288626,0.15625,0.2857142857142857,0.0,0.6666666666666666,0.02414889935886988,0.0,0.011737409942224719,0.8396132044014671,0.8714273951719143,0.0,0.6933333333333334,0.5,0.5730859984692247,0.7543668381738935,0.9356476778785622,0
159,0.3953581207765309,0.6,1.0,0.7424749163879598,0.53125,1.0,0.0,0.6666666666666666,0.43605365372542415,0.5,0.6702673725963787,1.0,0.9955883007300143,0.0006666666666666666,1.0,1.0,0.7614591786355908,0.8199891660677345,0.8785191534998784,0
160,0.19518245185086192,0.0,0.9519434628975265,0.0075987841945288626,0.1875,0.2857142857142857,0.0,0.6666666666666666,0.025823452330434926,0.0,0.13881848283152665,0.9933311103701233,0.9742057004492439,0.0,0.9266666666666666,1.0,0.7155902980137626,0.7447440770758185,0.7738978561378744,0
161,0.11064621106462114,0.0,0.0,0.0075987841945288626,0.15625,0.2857142857142857,0.0,0.6666666666666666,0.024154146288034917,0.0,0.06878642942753965,0.9139713237745916,0.9053637095686762,0.0,0.8293333333333334,0.5,0.6323241058685749,0.7005434433057687,0.7687627807429623,0
162,0.062382297551789145,0.0,0.0,0.0075987841945288626,0.15625,0.2857142857142857,0.0,0.6666666666666666,0.02414888086469713,0.0,0.005506327080513573,0.8172724241413805,0.8408096134555401,0.0,0.852,0.5,0.5779628752823482,0.6945565938370614,0.8111503123917745,0
163,0.09631086898036045,0.1,0.9957597173144876,0.14084507042253525,0.21875,0.2857142857142857,0.0,0.6666666666666666,0.06707338615719205,0.0,0.3554862518429629,0.9983327775925308,0.9816927631648837,0.0,0.9986666666666667,1.0,0.767079343705343,0.8194734610282768,0.8718675783512105,0
164,0.07131086898036054,0.0,0.9484098939929329,0.0075987841945288626,0.25,0.2857142857142857,0.0,0.6666666666666666,0.02508726658103444,0.0,0.07170931362234612,0.9813271090363455,0.9413148946747879,0.0,0.8846666666666667,1.0,0.7393010598419105,0.7565130389844901,0.7737250181270697,0
165,0.062382297551789145,0.0,0.0,0.0075987841945288626,0.15625,0.2857142857142857,0.0,0.6666666666666666,0.024148971138299613,0.0,0.011491051435320698,0.8342780926975659,0.84604431888189,0.0,0.862,0.5,0.6061290488221814,0.6929035967191624,0.7796781446161434,0
166,0.7830162701993861,1.0,1.0,0.8964851293935883,0.71875,1.0,0.0,0.6666666666666666,0.9155381562803352,1.0,0.8919468622694852,1.0,0.998435570957842,0.007,1.0,1.0,0.9212963724410606,0.9513374912614339,0.9813786100818072,0
167,0.0,0.0,0.0,0.0075987841945288626,0.15625,0.2857142857142857,0.0,0.6666666666666666,0.0241488738896124,0.0,0.034184580745230564,0.735245081693898,0.7802696455036305,0.0,0.8273333333333334,0.5,0.4772824438402782,0.6423564907355985,0.8074305376309188,0
168,0.0,0.0,0.9674911660777386,0.19696969696969702,0.125,0.42857142857142855,0.0,0.6666666666666666,0.0242071247171588,0.0,0.2523320131629029,0.9943314438146049,0.9029283238508352,0.0,0.9966666666666667,0.5,0.6115921443042422,0.65344340981464,0.6952946753250379,0
169,0.0,0.0,0.9674911660777386,0.19696969696969702,0.125,0.42857142857142855,0.0,0.6666666666666666,0.024148962596358348,0.0,0.2058299602395769,0.9909969989996665,0.8434992166056225,0.0,0.997,0.0,0.5929625182651465,0.6005261040752154,0.6080896898852844,0
170,0.07131086898036054,0.0,0.9696113074204947,0.020408163265306145,0.125,0.42857142857142855,0.0,0.6666666666666666,0.026795590968688887,0.0,0.11692685073622011,0.9906635545181727,0.9508293442901949,0.0,0.902,1.0,0.7522485900737945,0.767887869633274,0.7835271491927537,0
171,0.557483632902043,0.6,0.9992932862190813,0.39669421487603307,0.4375,0.5714285714285714,0.0,0.6666666666666666,0.1807421606804115,0.0,0.46981868513459846,0.9996665555185061,0.9901501145900676,0.0,1.0,1.0,0.7918697061670147,0.8751309909663525,0.9583922757656904,0
172,0.13553057739209573,0.1,0.9519434628975265,0.0075987841945288626,0.1875,0.2857142857142857,0.0,0.6666666666666666,0.02810477896399155,0.0,0.24049486493124028,0.9986662220740247,0.9902962638428353,0.0,0.996,1.0,0.7097887946361636,0.8306804151547769,0.95157203567339,0
173,0.13553057739209573,0.0,0.9837455830388693,0.0075987841945288626,0.40625,0.2857142857142857,0.0,0.6666666666666666,0.03186120481946131,0.0,0.12686811687563315,0.9896632210736912,0.9679051144078145,0.0,0.99,1.0,0.7229170096653381,0.81370041218155,0.9044838146977618,0
174,0.11064621106462114,0.0,0.0,0.0075987841945288626,0.15625,0.2857142857142857,0.0,0.6666666666666666,0.024148946147053207,0.0,0.06107709655571392,0.8476158719573191,0.8560973365907234,0.0,0.85,0.5,0.6024378028339462,0.6569516849510751,0.7114655670682041,0
175,0.062382297551789145,0.0,0.0,0.0075987841945288626,0.15625,0.2857142857142857,0.0,0.6666666666666666,0.024148873891678968,0.0,0.027796629072808887,0.7389129709903302,0.798384366830721,0.0,0.8296666666666667,0.5,0.525977995178321,0.672151817376229,0.818325639574137,0
176,0.1994621294845622,0.0,0.9484098939929329,0.0075987841945288626,0.25,0.2857142857142857,0.0,0.6666666666666666,0.026631177388022564,0.0,0.13771568507350795,0.9846615538512837,0.9565839234230228,0.0,0.8783333333333333,1.0,0.7291398885481088,0.7855559061064299,0.8419719236647509,0
177,0.5292099219439058,0.9,0.9992932862190813,0.5964912280701755,0.375,0.8571428571428571,0.0,0.6666666666666666,0.7083118844771658,1.0,0.7087564796168531,1.0,0.9972894255052898,0.0016666666666666668,1.0,1.0,0.8235194366982486,0.846943668889149,0.8703679010800492,0
178,0.11064621106462114,0.0,0.0,0.0075987841945288626,0.15625,0.2857142857142857,0.0,0.6666666666666666,0.02426309087127898,0.0,0.03543797496008361,0.9636545515171724,0.9435231846329077,0.0,0.87,0.5,0.6553497055644693,0.777960738845547,0.9005717721266248,0
179,0.2943063009747111,0.1,0.992226148409894,0.10169491525423724,0.28125,0.5714285714285714,0.0,0.6666666666666666,0.10425300116824698,0.5,0.5828508734850768,1.0,0.9946789486006539,0.0,0.9993333333333333,1.0,0.7936677510936071,0.7953076539245598,0.7969475567555125,0
180,0.25779546281789556,0.1,0.992226148409894,0.19354838709677424,0.28125,0.8571428571428571,0.0,0.6666666666666666,0.07929795920617233,1.0,0.6133174504995924,1.0,0.9888062781829013,0.0,0.997,1.0,0.8145038382282903,0.8197357055448623,0.8249675728614343,0
181,0.39185191338100966,0.3,0.9957597173144876,0.4782608695652174,0.25,0.7142857142857143,0.0,0.6666666666666666,0.2895039366012826,0.0,0.34337944326045766,0.9989996665555185,0.9763360826614118,0.0,0.996,1.0,0.7158324583357207,0.8331620952401544,0.950491732144588,0
182,0.1994621294845622,0.0,0.9484098939929329,0.0075987841945288626,0.25,0.2857142857142857,0.0,0.6666666666666666,0.029200984334240232,0.0,0.2589078994698546,0.9953317772590864,0.9757562766628256,0.0,0.9813333333333333,1.0,0.7389396729028156,0.7988533753496934,0.8587670777965711,0
183,0.0,0.0,0.0,0.0075987841945288626,0.15625,0.2857142857142857,0.0,0.6666666666666666,0.024148873889742628,0.0,0.05666485101708074,0.8182727575858619,0.7112001852481903,0.0,0.966,0.0,0.5300647656684986,0.5620117881743065,0.5939588106801146,0
184,0.11064621106462114,0.0,0.0,0.0075987841945288626,0.15625,0.2857142857142857,0.0,0.6666666666666666,0.02414894920057542,0.0,0.03539858856779532,0.9319773257752584,0.913314351914845,0.0,0.7523333333333333,0.5,0.5833627123301697,0.7707748150200753,0.9581869177099808,0
185,0.18166893833734843,0.0,0.8671378091872791,0.0075987841945288626,0.1875,0.2857142857142857,0.0,0.6666666666666666,0.024672562445549273,0.0,0.11345499694670691,0.9846615538512837,0.9590766251425541,0.0,0.8976666666666666,1.0,0.6817438226439283,0.759710842705996,0.8376778627680636,0
186,0.0,0.0,0.0,0.0075987841945288626,0.15625,0.2857142857142857,0.0,0.6666666666666666,0.024148874212403637,0.0,0.05501080609334952,0.7739246415471824,0.8360947675852308,0.0,0.7336666666666667,0.5,0.5457686308549755,0.6976512950458598,0.8495339592367441,0
187,0.0,0.0,0.0,0.0075987841945288626,0.15625,0.2857142857142857,0.0,0.6666666666666666,0.0241488738896124,0.0,0.015797581694524276,0.7442480826942315,0.7458002513953809,0.0,0.8653333333333333,0.5,0.44176038423358777,0.6690984918599148,0.8964365994862419,0
188,0.0,0.0,0.0,0.0075987841945288626,0.15625,0.2857142857142857,0.0,0.6666666666666666,0.0241488738896124,0.0,0.012499308103025242,0.7002334111370456,0.7032494538916979,0.0,0.897,0.5,0.41720496218763153,0.5966065095958707,0.7760080570041099,0
189,0.6226431687069087,0.6,0.9985865724381625,0.679144385026738,0.25,0.8571428571428571,0.0,0.6666666666666666,0.4457147849575742,0.5,0.5672966139145204,1.0,0.9964866683942722,0.0013333333333333333,0.9996666666666667,1.0,0.7606854240287669,0.8111689651898594,0.8616525063509518,0
190,0.11064621106462114,0.0,0.0,0.0075987841945288626,0.15625,0.2857142857142857,0.0,0.6666666666666666,0.024148874315852442,0.0,0.042856517210520084,0.806268756252084,0.8463523542071101,0.0,0.7263333333333333,0.5,0.5458442068629501,0.7523704779290754,0.9588967489952006,0
191,0.8526001305422704,1.0,1.0,0.8964851293935883,0.875,1.0,0.0,0.6666666666666666,0.8827717468147018,1.0,0.7003190927521084,1.0,0.9932375319832457,0.0023333333333333335,1.0,1.0,0.8202349429914737,0.8311505809826694,0.8420662189738649,0
192,0.11064621106462114,0.0,0.0,0.0075987841945288626,0.15625,0.2857142857142857,0.0,0.6666666666666666,0.024148923526284616,0.0,0.07580623055630986,0.835945315105035,0.8707766219192891,0.0,0.71,0.5,0.5784179855335884,0.7402299873315403,0.9020419891294923,0
193,0.13553057739209573,0.0,0.9519434628975265,0.0075987841945288626,0.1875,0.2857142857142857,0.0,0.6666666666666666,0.02825976921213047,0.0,0.11064482113718244,0.9946648882960987,0.9775714275972551,0.0,0.9773333333333334,1.0,0.7111185632889754,0.807644648799146,0.9041707343093167,0
194,0.828130515295956,0.9,0.9992932862190813,0.8964851293935883,0.4375,1.0,0.0,0.6666666666666666,0.8783393084057706,1.0,0.6768839079792515,1.0,0.9976619480180093,0.0013333333333333333,1.0,1.0,0.8243736922024186,0.8898728356382897,0.9553719790741606,0
195,0.1821739130434783,0.0,0.9752650176678446,0.14084507042253525,0.15625,0.2857142857142857,0.0,0.6666666666666666,0.02736515590926425,0.0,0.2870551765030471,0.995998666222074,0.9431792214485557,0.0,0.993,1.0,0.6775586417570605,0.7661923903690088,0.854826138980957,0
196,0.34076647731064913,0.5,0.9985865724381625,0.39669421487603307,0.40625,0.5714285714285714,0.0,0.6666666666666666,0.18018642254058292,0.0,0.49735986885135286,0.9993331110370124,0.9835719421096619,0.0,0.9996666666666667,1.0,0.8011115067854042,0.8594618460061862,0.9178121852269683,0
197,0.5876608872485374,0.8,1.0,0.679144385026738,0.53125,0.8571428571428571,0.0,0.6666666666666666,0.7882970034706599,1.0,0.6286959554094902,1.0,0.9946827544271123,0.0016666666666666668,1.0,1.0,0.8442844418302207,0.918151941874134,0.9920194419180471,0
198,0.455976502040242,0.2,0.9957597173144876,0.4782608695652174,0.25,0.7142857142857143,0.0,0.6666666666666666,0.09136839288200371,0.0,0.31061592168584584,0.9983327775925308,0.9841621466965994,0.0,0.998,1.0,0.7319921357302612,0.775099028690712,0.8182059216511629,0
199,0.062382297551789145,0.0,0.8671378091872791,0.0075987841945288626,0.1875,0.2857142857142857,0.0,0.6666666666666666,0.02414904957322095,0.0,0.032308109902498994,0.9133044348116038,0.8178118381975813,0.0,0.9373333333333334,0.5,0.6335219453885746,0.6635808014344298,0.693639657480285,0
200,0.8827907304989521,0.9,1.0,0.8964851293935883,0.5,1.0,0.0,0.6666666666666666,0.9223782747195667,0.6666666666666666,0.4137957792045869,0.9996665555185061,0.9970438690312927,0.0036666666666666666,1.0,1.0,0.8951967248249845,0.9327604717239624,0.9703242186229404,0
201,0.062382297551789145,0.0,0.0,0.0075987841945288626,0.15625,0.2857142857142857,0.0,0.6666666666666666,0.024149064369629603,0.0,0.012456952315523573,0.8456152050683561,0.8462065531317462,0.0,0.8693333333333333,0.5,0.6178047872893001,0.688932224501686,0.760059661714072,0
202,0.27229217379754034,0.3,0.9943462897526502,0.39669421487603307,0.46875,0.5714285714285714,0.0,0.6666666666666666,0.1960296866093657,0.0,0.37455219689398134,0.9989996665555185,0.9902361241830003,0.0,0.999,1.0,0.7865659841108665,0.8798706079741976,0.9731752318375287,0
203,0.32595318035758425,0.2,0.9957597173144876,0.07936507936507942,0.28125,0.7142857142857143,0.0,0.6666666666666666,0.03326155071385173,0.0,0.2949506727232565,0.9976658886295432,0.9572562239779383,0.0,0.998,1.0,0.6736234993430457,0.7208332608384348,0.7680430223338239,0
204,0.062382297551789145,0.0,0.0,0.0075987841945288626,0.15625,0.2857142857142857,0.0,0.6666666666666666,0.02414895747312862,0.0,0.018279627953094013,0.8289429809936646,0.8449952176863327,0.0,0.8606666666666667,0.5,0.6039648532074459,0.6934806234741683,0.7829963937408907,0
205,0.062382297551789145,0.0,0.9484098939929329,0.0075987841945288626,0.25,0.2857142857142857,0.0,0.6666666666666666,0.024153108362881648,0.0,0.06477762793803032,0.9553184394798266,0.853417447759151,0.0,0.9413333333333334,0.5,0.6401087235790299,0.6950415070840077,0.7499742905889856,0
206,0.0,0.0,0.0,0.0075987841945288626,0.15625,0.2857142857142857,0.0,0.6666666666666666,0.0241488738896124,0.0,0.02825511344101972,0.697565855285095,0.7346117658364648,0.0,0.849,0.5,0.44824197471983607,0.6907077878531735,0.9331736009865109,0
207,0.0,0.0,0.9674911660777386,0.19696969696969702,0.125,0.42857142857142855,0.0,0.6666666666666666,0.02415255890506618,0.0,0.17941677015701352,0.9929976658886296,0.8807291383045464,0.0,0.9966666666666667,0.0,0.6235800612193946,0.6271146205892542,0.6306491799591138,0
208,0.1463108689803605,0.1,0.9929328621908127,0.14084507042253525,0.1875,0.2857142857142857,0.0,0.6666666666666666,0.13869028125426497,0.5,0.4655785877599504,0.9996665555185061,0.9945654520977066,0.0,0.9993333333333333,1.0,0.7808606653383928,0.8387372415930996,0.8966138178478062,0
209,0.0,0.0,0.0,0.0075987841945288626,0.15625,0.2857142857142857,0.0,0.6666666666666666,0.02414887672132826,0.0,0.03565288789335219,0.8582860953651217,0.7904953095398458,0.0,0.9343333333333333,0.0,0.5950665819088168,0.6112887847095032,0.6275109875101895,0
210,0.07131086898036054,0.0,0.9484098939929329,0.0075987841945288626,0.25,0.2857142857142857,0.0,0.6666666666666666,0.024213886693189024,0.0,0.07004665564646329,0.9456485495165055,0.8784410212251672,0.0,0.9186666666666666,1.0,0.6994967783685695,0.7182999428394115,0.7371031073102535,0
211,0.2585920152604253,0.1,0.992226148409894,0.10169491525423724,0.28125,0.5714285714285714,0.0,0.6666666666666666,0.05114639997013204,0.0,0.4120735762651603,0.9983327775925308,0.984513691862492,0.0,0.9976666666666667,1.0,0.773711972194468,0.7780928446712911,0.7824737171481144,0
212,0.0,0.0,0.0,0.0075987841945288626,0.15625,0.2857142857142857,0.0,0.6666666666666666,0.0241488738896124,0.0,0.037201665048243515,0.6965655218406135,0.7045757967088674,0.0,0.8833333333333333,0.5,0.42366940147914084,0.6937805173642497,0.9638916332493586,0
213,0.557483632902043,0.5,0.9992932862190813,0.39669421487603307,0.4375,0.5714285714285714,0.0,0.6666666666666666,0.24491607439752971,1.0,0.5898688966030359,1.0,0.9930718676953622,0.0,1.0,1.0,0.8021804437853267,0.8766510446288878,0.9511216454724489,0
214,0.18166893833734843,0.0,0.8671378091872791,0.0075987841945288626,0.1875,0.2857142857142857,0.0,0.6666666666666666,0.024742629107550762,0.0,0.0947109157935292,0.9846615538512837,0.9566891383881609,0.0,0.9396666666666667,1.0,0.6827049650781626,0.7643856884704114,0.8460664118626604,0
215,0.062382297551789145,0.0,0.0,0.0075987841945288626,0.15625,0.2857142857142857,0.0,0.6666666666666666,0.024148873889619726,0.0,0.01082837756838495,0.695565188396132,0.7577156300391592,0.0,0.8456666666666667,0.5,0.5029178796325209,0.6419019887638796,0.7808860978952383,0
216,0.0,0.0,0.0,0.0075987841945288626,0.15625,0.2857142857142857,0.0,0.6666666666666666,0.024148874441219603,0.0,0.0417216610889648,0.780593531177059,0.838647376636312,0.0,0.724,0.5,0.5473995525991306,0.7348449167591934,0.9222902809192561,0
217,0.0,0.0,0.0,0.0075987841945288626,0.15625,0.2857142857142857,0.0,0.6666666666666666,0.024148873890085576,0.0,0.02280577028016273,0.7399133044348116,0.8053479101076298,0.0,0.7713333333333333,0.5,0.5098557264266763,0.7229465149633774,0.9360373035000784,0
218,0.062382297551789145,0.0,0.0,0.0075987841945288626,0.15625,0.2857142857142857,0.0,0.6666666666666666,0.024148961205913144,0.0,0.024844320328525238,0.8346115371790597,0.8513670505985974,0.0,0.8553333333333333,0.5,0.6015649930551363,0.6988587796352002,0.7961525662152641,0
219,0.062382297551789145,0.0,0.0,0.0075987841945288626,0.15625,0.2857142857142857,0.0,0.6666666666666666,0.0241488738911525,0.0,0.05450994542205112,0.7405801933977993,0.7450113087857948,0.0,0.906,0.5,0.5516492801515137,0.6131126745440804,0.674576068936647,0
220,0.0,0.0,0.0,0.0075987841945288626,0.15625,0.2857142857142857,0.0,0.6666666666666666,0.024148879210811658,0.0,0.08683403881463414,0.839946648882961,0.8161757269487904,0.0,0.903,0.0,0.604018079264136,0.6230010442386849,0.6419840092132336,0
221,0.4218855929493329,0.4,0.9830388692579506,0.14084507042253525,0.1875,0.2857142857142857,0.0,0.6666666666666666,0.11481880712715331,0.5,0.34598871972671663,0.9989996665555185,0.9809080232511842,0.0,0.9993333333333333,1.0,0.7403135805774489,0.8451086276111659,0.9499036746448829,0
222,0.34983806933418626,0.5,0.9802120141342756,0.0075987841945288626,0.28125,0.2857142857142857,0.0,0.6666666666666666,0.060993134778614344,0.5,0.27349475607488416,0.9996665555185061,0.9953316066871566,0.001,0.9983333333333333,1.0,0.7624272203463817,0.8518991970624563,0.9413711737785311,0
223,0.3487045537269864,0.6,0.9985865724381625,0.679144385026738,0.3125,0.8571428571428571,0.0,0.6666666666666666,0.35603192627343594,0.0,0.3960244304665165,0.9996665555185061,0.9911467969479562,0.0003333333333333333,0.9996666666666667,1.0,0.8024275076531265,0.8629122885823277,0.923397069511529,0
224,0.07131086898036054,0.0,0.9696113074204947,0.020408163265306145,0.125,0.42857142857142855,0.0,0.6666666666666666,0.024908630887288563,0.0,0.08135937182789366,0.9789929976658887,0.921134302177071,0.0,0.9166666666666666,1.0,0.7230055186641706,0.7496825315641842,0.7763595444641976,0
225,0.15881086898036045,0.2,0.9978798586572438,0.020408163265306145,0.15625,0.42857142857142855,0.0,0.6666666666666666,0.04136339467956651,0.0,0.42745590262491473,0.9996665555185061,0.989652324387731,0.0,0.9243333333333333,1.0,0.7804424062533045,0.7989609586108436,0.8174795109683827,0
226,0.11064621106462114,0.0,0.0,0.0075987841945288626,0.15625,0.2857142857142857,0.0,0.6666666666666666,0.024148880763674496,0.0,0.01597028548584578,0.8402800933644547,0.8648560156193182,0.0,0.7993333333333333,0.5,0.5702395563348887,0.6789007966965313,0.787562037058174,0
227,0.11064621106462114,0.0,0.0,0.0075987841945288626,0.15625,0.2857142857142857,0.0,0.6666666666666666,0.024148873889964784,0.0,0.024223823234656328,0.729243081027009,0.7941389340549065,0.0,0.835,0.5,0.5153887778737942,0.6355069131194221,0.75562504836505,0
228,0.548375172962823,0.8,0.9992932862190813,0.679144385026738,0.375,0.8571428571428571,0.0,0.6666666666666666,0.6883502727321297,0.0,0.29689925232489567,0.9996665555185061,0.9921079812108401,0.0,0.9996666666666667,1.0,0.8601166041298547,0.8863877244144198,0.9126588446989851,0
229,0.45420992194390575,0.5,0.9985865724381625,0.5964912280701755,0.25,0.8571428571428571,0.0,0.6666666666666666,0.5078038219993062,0.5,0.8542451130177607,1.0,0.9992180379551778,0.0003333333333333333,0.9996666666666667,1.0,0.8121808624138775,0.828978325477405,0.8457757885409324,0
230,0.24059750976591987,0.1,0.9469964664310954,0.0075987841945288626,0.15625,0.2857142857142857,0.0,0.6666666666666666,0.0317331315831777,0.0,0.34631672000946023,0.9979993331110371,0.9853876711254871,0.0,0.963,1.0,0.7391476593851724,0.752406235504691,0.7656648116242096,0
231,0.062382297551789145,0.0,0.0,0.0075987841945288626,0.15625,0.2857142857142857,0.0,0.6666666666666666,0.02414887389205156,0.0,0.01963200178154323,0.7942647549183062,0.8279621055337598,0.0,0.7893333333333333,0.5,0.5217719296275501,0.7038572906472407,0.8859426516669311,0
232,0.13553057739209573,0.0,0.9802120141342756,0.0075987841945288626,0.21875,0.2857142857142857,0.0,0.6666666666666666,0.02653753709746476,0.0,0.31801345838348083,0.9946648882960987,0.9780090158857229,0.0,0.9656666666666667,1.0,0.7008969716635719,0.8108936993688323,0.9208904270740925,0
233,0.062382297551789145,0.0,0.0,0.0075987841945288626,0.15625,0.2857142857142857,0.0,0.6666666666666666,0.02414887574941893,0.0,0.02353627413212267,0.7975991997332444,0.7794986942843115,0.0,0.9043333333333333,0.5,0.604199106163973,0.6410593671721085,0.677919628180244,0
234,0.0,0.0,0.0,0.0075987841945288626,0.15625,0.2857142857142857,0.0,0.6666666666666666,0.024148874077185467,0.0,0.03539620903261964,0.7675891963987996,0.8334212364400947,0.0,0.7986666666666666,0.5,0.543462513405513,0.6864323370432022,0.8294021606808912,0
235,0.11064621106462114,0.0,0.0,0.0075987841945288626,0.15625,0.2857142857142857,0.0,0.6666666666666666,0.024148875993342478,0.0,0.03649295188746027,0.788596198732911,0.8452846025601384,0.0,0.7116666666666667,0.5,0.5558850834033436,0.7370738428463293,0.9182626022893148,0
236,0.07131086898036054,0.0,0.9484098939929329,0.0075987841945288626,0.25,0.2857142857142857,0.0,0.6666666666666666,0.024156965449615875,0.0,0.07696445206504432,0.9483161053684561,0.8651211606494704,0.0,0.9303333333333333,0.5,0.6642832170292443,0.6971725942558533,0.7300619714824622,0
237,0.29740967907808913,0.5,0.9971731448763251,0.39669421487603307,0.1875,0.5714285714285714,0.0,0.6666666666666666,0.12477297756940608,0.0,0.14620293547053553,0.9989996665555185,0.985560716992979,0.0,0.9993333333333333,1.0,0.7855016576358924,0.810488498731333,0.8354753398267735,0
238,0.3759531803575843,0.2,0.9943462897526502,0.19696969696969702,0.1875,0.42857142857142855,0.0,0.6666666666666666,0.028069400047917803,0.0,0.1258045542513534,0.9986662220740247,0.9660608227745817,0.0,0.9953333333333333,1.0,0.6787396025074514,0.696299768535878,0.7138599345643047,0
239,0.11064621106462114,0.0,0.0,0.0075987841945288626,0.15625,0.2857142857142857,0.0,0.6666666666666666,0.02414934424184545,0.0,0.0077670304834033255,0.8969656552184061,0.898589292350149,0.0,0.804,0.5,0.6040439115644005,0.6983704013749716,0.7926968911855428,0
240,0.11064621106462114,0.0,0.0,0.0075987841945288626,0.15625,0.2857142857142857,0.0,0.6666666666666666,0.02414890974011208,0.0,0.025793037159986376,0.8136045348449483,0.8450128147978612,0.0,0.8486666666666667,0.5,0.5939060629790758,0.6573777708588655,0.7208494787386552,0
241,0.4494621294845622,0.7,0.9992932862190813,0.8964851293935883,0.5,1.0,0.0,0.6666666666666666,0.6532403800148254,0.5,0.5217098480089063,1.0,0.9932400723655389,0.0003333333333333333,1.0,1.0,0.8706866243889234,0.8817941243100479,0.8929016242311724,0
242,0.0,0.0,0.0,0.0075987841945288626,0.15625,0.2857142857142857,0.0,0.6666666666666666,0.0241488738896124,0.0,0.04432516887305904,0.7545848616205402,0.781839560719558,0.0,0.8240000000000001,0.5,0.47633678563004755,0.6830327184220719,0.8897286512140964,0
243,0.062382297551789145,0.0,0.0,0.0075987841945288626,0.15625,0.2857142857142857,0.0,0.6666666666666666,0.024148873889612732,0.0,0.031694727179642834,0.6825608536178727,0.7117706717742375,0.0,0.91,0.5,0.5041019419452081,0.5952419223223684,0.6863819026995288,0
244,0.11064621106462114,0.0,0.0,0.0075987841945288626,0.15625,0.2857142857142857,0.0,0.6666666666666666,0.024148873890971312,0.0,0.049082541701833904,0.7349116372124042,0.79895153671686,0.0,0.833,0.5,0.5223595844130021,0.6375612857656661,0.7527629871183301,0
245,0.062382297551789145,0.0,0.9519434628975265,0.0075987841945288626,0.1875,0.2857142857142857,0.0,0.6666666666666666,0.02566484546394565,0.0,0.1808883894842067,0.9869956652217405,0.9611112537053751,0.0,0.8666666666666667,1.0,0.7087612722677418,0.79481898561361,0.8808766989594782,0
246,0.40340949790561487,0.5,0.9971731448763251,0.39669421487603307,0.1875,0.5714285714285714,0.0,0.6666666666666666,0.10873881274041852,0.5,0.4909578264044554,0.9996665555185061,0.9912247892456884,0.0006666666666666666,0.9993333333333333,1.0,0.7843937065761225,0.8543623618645877,0.9243310171530529,0
247,0.5869421913465953,0.6,1.0,0.7424749163879598,0.65625,1.0,0.0,0.6666666666666666,0.7080093509598393,1.0,0.7238756414912866,1.0,0.9979537786544217,0.0003333333333333333,1.0,1.0,0.7683152654646942,0.7883925461134893,0.8084698267622844,0
248,0.0,0.0,0.0,0.0075987841945288626,0.15625,0.2857142857142857,0.0,0.6666666666666666,0.02414887390996756,0.0,0.05074690153418204,0.8172724241413805,0.7553299314361017,0.0,0.9346666666666666,0.0,0.5802984855184946,0.5860620461340758,0.5918256067496569,0
249,0.9170258452294229,1.0,1.0,0.8964851293935883,0.5,1.0,0.0,0.6666666666666666,0.9222782351674472,1.0,0.89122050832749,1.0,0.998986791100795,0.008333333333333333,1.0,1.0,0.9445036249973894,0.9578393431878689,0.9711750613783483,0
250,0.7141345220766618,0.9,1.0,0.8964851293935883,0.71875,1.0,0.0,0.6666666666666666,0.8326389299377449,1.0,0.7661679159071278,1.0,0.9947031550681604,0.001,1.0,1.0,0.7700917794837743,0.8675084774439343,0.9649251754040943,0
251,0.6786957541141642,0.7,0.9992932862190813,0.8964851293935883,0.53125,1.0,0.0,0.6666666666666666,0.8650429891718522,0.5,0.6302850289485863,1.0,0.9977334734894681,0.0,0.9996666666666667,1.0,0.8766104185849201,0.8904771414137163,0.9043438642425126,0
252,0.27840949790561487,0.0,0.9802120141342756,0.0075987841945288626,0.28125,0.2857142857142857,0.0,0.6666666666666666,0.04537259758440604,0.0,0.38553285214177746,0.9943314438146049,0.9722963465607133,0.0,0.996,1.0,0.7443908196557514,0.8705888546727785,0.9967868896898057,0
253,0.5063472692656793,0.4,0.9978798586572438,0.5964912280701755,0.65625,0.8571428571428571,0.0,0.6666666666666666,0.5764415234040499,0.0,0.40681669895780503,0.9989996665555185,0.9913678946188282,0.0,1.0,1.0,0.8268547122523491,0.900472215292587,0.9740897183328249,0
254,0.4244621294845622,0.5,0.9978798586572438,0.5964912280701755,0.375,0.8571428571428571,0.0,0.6666666666666666,0.4098168834356015,0.5,0.3294050329124859,0.9996665555185061,0.9941577014410005,0.0003333333333333333,0.9996666666666667,1.0,0.8382390558353723,0.8683396882134131,0.8984403205914541,0
255,0.0,0.0,0.0,0.0075987841945288626,0.15625,0.2857142857142857,0.0,0.6666666666666666,0.0241488738896124,0.0,0.009169846218812117,0.7269089696565522,0.7519922730258354,0.0,0.8403333333333334,0.5,0.45418747375860496,0.7243627614155026,0.9945380490724003,0
256,0.11064621106462114,0.0,0.0,0.0075987841945288626,0.15625,0.2857142857142857,0.0,0.6666666666666666,0.024156986174120987,0.0,0.055034296135651695,0.9163054351450484,0.8939897314140559,0.0,0.873,0.5,0.6527913010169503,0.683038165680447,0.7132850303439437,0
257,0.11064621106462114,0.0,0.0,0.0075987841945288626,0.15625,0.2857142857142857,0.0,0.6666666666666666,0.024148878163025578,0.0,0.02780604511006257,0.8296098699566522,0.8581407725993131,0.0,0.8029999999999999,0.5,0.5675409785756469,0.6742665319019578,0.7809920852282689,0
258,0.5327954628178955,0.8,1.0,0.8964851293935883,0.375,1.0,0.0,0.6666666666666666,0.7857278324280526,1.0,0.5724624426565079,1.0,0.9937912153035734,0.0013333333333333333,1.0,1.0,0.8981103212487461,0.9029048344780786,0.9076993477074109,0
259,0.062382297551789145,0.0,0.0,0.0075987841945288626,0.15625,0.2857142857142857,0.0,0.6666666666666666,0.02415518606702094,0.0,0.05221662276264927,0.8979659886628877,0.8803835837524049,0.0,0.8646666666666667,0.5,0.6507058372879687,0.7165758639730113,0.7824458906580539,0
260,0.0,0.0,0.0,0.0075987841945288626,0.15625,0.2857142857142857,0.0,0.6666666666666666,0.02414887388961251,0.0,0.0461391272004289,0.7049016338779593,0.7690099181692811,0.0,0.825,0.5,0.47814032209714535,0.6505804238574411,0.8230205256177368,0
261,0.062382297551789145,0.0,0.0,0.0075987841945288626,0.15625,0.2857142857142857,0.0,0.6666666666666666,0.024149179762320117,0.0,0.0693746132149905,0.865621873957986,0.8161308621790428,0.0,0.9103333333333333,0.5,0.6606568258111768,0.6696270553511476,0.6785972848911186,0
262,0.062382297551789145,0.0,0.0,0.0075987841945288626,0.15625,0.2857142857142857,0.0,0.6666666666666666,0.024148873900927015,0.0,0.010139370742479503,0.7839279759919974,0.8258026588796433,0.0,0.8053333333333333,0.5,0.5313323895666242,0.6966859906694518,0.8620395917722794,0
263,0.0,0.0,0.0,0.0075987841945288626,0.15625,0.2857142857142857,0.0,0.6666666666666666,0.02414887388961673,0.0,0.0313703056571798,0.7435811937312438,0.7940182100917957,0.0,0.8066666666666666,0.5,0.49228047793470975,0.6511709026326902,0.8100613273306706,0
264,0.062382297551789145,0.0,0.0,0.0075987841945288626,0.15625,0.2857142857142857,0.0,0.6666666666666666,0.02414887447651415,0.0,0.021056823774512234,0.7772590863621207,0.7949594181711819,0.0,0.8806666666666667,0.5,0.5756958577779034,0.6532147138612836,0.7307335699446638,0
265,0.0,0.0,0.0,0.0075987841945288626,0.15625,0.2857142857142857,0.0,0.6666666666666666,0.0241488738896124,0.0,0.033918485317447566,0.7029009669889963,0.7490513072343216,0.0,0.8506666666666667,0.5,0.46089490082969437,0.6165987041102865,0.7723025073908787,0
266,0.34090949790561487,0.2,0.9802120141342756,0.0075987841945288626,0.28125,0.2857142857142857,0.0,0.6666666666666666,0.03871220343785253,0.0,0.18204063119004443,0.9976658886295432,0.9836908544933052,0.0,0.9986666666666667,1.0,0.7426149467454404,0.8425009113786742,0.9423868760119081,0
267,0.2325310073028657,0.1,0.9901060070671378,0.0075987841945288626,0.46875,0.2857142857142857,0.0,0.6666666666666666,0.04968524462927082,0.0,0.3316935826830202,0.9973324441480493,0.9863807575846387,0.0,0.998,1.0,0.7517737608488316,0.8029581987710247,0.8541426366932178,0
268,0.11064621106462114,0.0,0.0,0.0075987841945288626,0.15625,0.2857142857142857,0.0,0.6666666666666666,0.02414888562407369,0.0,0.039690252980756346,0.8262754251417139,0.8658864590397014,0.0,0.779,0.5,0.568869974160734,0.7157425507739914,0.8626151273872487,0
269,0.5168519133810097,0.6,0.9971731448763251,0.4782608695652174,0.375,0.7142857142857143,0.0,0.6666666666666666,0.679540149507893,1.0,0.8556993070432093,1.0,0.9982185159556731,0.0006666666666666666,0.9996666666666667,1.0,0.7526357713420221,0.8503021490901173,0.9479685268382125,0
270,0.2943063009747111,0.2,0.992226148409894,0.10169491525423724,0.28125,0.5714285714285714,0.0,0.6666666666666666,0.07382082385310962,0.0,0.36703821784465596,0.9989996665555185,0.9895832285201522,0.0,0.9976666666666667,1.0,0.7858684848220497,0.7864397878715758,0.7870110909211018,0
271,0.5003313407499195,0.5,0.9957597173144876,0.679144385026738,0.4375,0.8571428571428571,0.0,0.6666666666666666,0.3705257089838132,0.0,0.431035441355214,0.9993331110370124,0.9886742386403421,0.0,0.9996666666666667,1.0,0.7999404011914779,0.8061418742653021,0.8123433473391264,0
272,0.0,0.0,0.9674911660777386,0.19696969696969702,0.125,0.42857142857142855,0.0,0.6666666666666666,0.024201615252329667,0.0,0.23740033585554532,0.9943314438146049,0.9063936216979377,0.0,0.9966666666666667,0.0,0.640104783793117,0.6486290181732062,0.6571532525532955,0
273,0.07131086898036054,0.0,0.9484098939929329,0.0075987841945288626,0.25,0.2857142857142857,0.0,0.6666666666666666,0.025110874913806147,0.0,0.10680416160832396,0.9806602200733577,0.9366603737387309,0.0,0.8896666666666666,1.0,0.748520870744732,0.7546316245892591,0.7607423784337863,0
274,0.0,0.0,0.0,0.0075987841945288626,0.15625,0.2857142857142857,0.0,0.6666666666666666,0.024148873889612954,0.0,0.020002448981483845,0.7082360786928976,0.7596700072016538,0.0,0.8653333333333333,0.5,0.4919079533056926,0.6032852379336637,0.7146625225616349,0
275,0.11064621106462114,0.0,0.9469964664310954,0.0075987841945288626,0.15625,0.2857142857142857,0.0,0.6666666666666666,0.024262767213736436,0.0,0.11471947486541645,0.9603201067022341,0.9172050642091375,0.0,0.906,0.5,0.6641459684284989,0.694618232847001,0.7250904972655031,0
276,0.0,0.0,0.0,0.0075987841945288626,0.15625,0.2857142857142857,0.0,0.6666666666666666,0.02414887388982223,0.0,0.02955432783725176,0.7502500833611203,0.7768303467580813,0.0,0.8863333333333333,0.5,0.5258467101811691,0.5972496176761003,0.6686525251710315,0
277,0.07131086898036054,0.0,0.9484098939929329,0.0075987841945288626,0.25,0.2857142857142857,0.0,0.6666666666666666,0.024730663942900244,0.0,0.047536996605586856,0.9589863287762588,0.9220605046678183,0.0,0.8716666666666667,1.0,0.7172187254842177,0.7567523737315554,0.796286021978893,0
278,0.07131086898036054,0.0,0.9484098939929329,0.0075987841945288626,0.25,0.2857142857142857,0.0,0.6666666666666666,0.02429725627462731,0.0,0.046350880356335056,0.9549849949983328,0.8958669438726831,0.0,0.9043333333333333,1.0,0.7211241400331522,0.7283567197383862,0.7355892994436202,0
279,0.6077954628178955,0.8,1.0,0.8964851293935883,0.65625,1.0,0.0,0.6666666666666666,0.8731971558873843,1.0,0.7621832938800415,1.0,0.9977907672271563,0.0016666666666666668,1.0,1.0,0.9304031307702304,0.9382000081911075,0.9459968856119845,0
280,0.0,0.0,0.0,0.0075987841945288626,0.15625,0.2857142857142857,0.0,0.6666666666666666,0.024148874306550328,0.0,0.042270847747232665,0.7679226408802935,0.8324453425657992,0.0,0.7256666666666667,0.5,0.5457685046591685,0.7293873407073519,0.9130061767555353,0
281,0.0,0.0,0.0,0.0075987841945288626,0.15625,0.2857142857142857,0.0,0.6666666666666666,0.024148873889612843,0.0,0.03740843919243764,0.7682560853617872,0.7945734988534757,0.0,0.8133333333333334,0.5,0.4838926619724653,0.6921284896075506,0.9003643172426358,0
282,0.0,0.0,0.9752650176678446,0.14084507042253525,0.15625,0.2857142857142857,0.0,0.6666666666666666,0.024148873889633937,0.0,0.30242816778773796,0.9876625541847283,0.7374251630691978,0.0,0.9986666666666667,0.5,0.4690914846241682,0.6305767255639526,0.792061966503737,0
283,0.11064621106462114,0.0,0.0,0.0075987841945288626,0.15625,0.2857142857142857,0.0,0.6666666666666666,0.02414890133004266,0.0,0.047310199369877126,0.8356118706235411,0.8669538538433741,0.0,0.716,0.5,0.5739442822387875,0.7765380761926952,0.979131870146603,0
284,0.8608127085209301,0.9,0.9992932862190813,0.8964851293935883,0.875,1.0,0.0,0.6666666666666666,0.9182945195943906,1.0,0.7110284157673177,1.0,0.9987053879818172,0.002,1.0,1.0,0.8638307282121338,0.917838009691109,0.9718452911700842,0
285,0.4077954628178956,0.1,0.9696113074204947,0.020408163265306145,0.125,0.42857142857142855,0.0,0.6666666666666666,0.10037088913357028,0.0,0.35223007666230444,0.9983327775925308,0.9887435518656206,0.0,0.9976666666666667,1.0,0.7967822825038303,0.8371909961527844,0.8775997098017383,0
286,0.062382297551789145,0.0,0.0,0.0075987841945288626,0.15625,0.2857142857142857,0.0,0.6666666666666666,0.024148877629401433,0.0,0.05045550907495533,0.8499499833277759,0.7987059752375509,0.0,0.9126666666666666,0.0,0.6170610429410329,0.641563809134241,0.6660665753274492,0
287,0.062382297551789145,0.0,0.0,0.0075987841945288626,0.15625,0.2857142857142857,0.0,0.6666666666666666,0.024229066775860675,0.0,0.141369261533551,0.9893297765921975,0.9690860508049057,0.0,0.8333333333333334,0.5,0.6580057049978933,0.7834265104898797,0.9088473159818661,0
288,0.11064621106462114,0.0,0.0,0.0075987841945288626,0.15625,0.2857142857142857,0.0,0.6666666666666666,0.02415296712193804,0.0,0.018822612036362707,0.8966322107369123,0.9012899324553303,0.0,0.7996666666666666,0.5,0.6169294277821182,0.7638750105964045,0.9108205934106909,0
289,0.07131086898036054,0.0,0.9484098939929329,0.0075987841945288626,0.25,0.2857142857142857,0.0,0.6666666666666666,0.02482413550141338,0.0,0.06775385824472935,0.968322774258086,0.9308285490655219,0.0,0.877,1.0,0.7264259212538408,0.7550026975999277,0.7835794739460146,0
290,0.0,0.0,0.0,0.0075987841945288626,0.15625,0.2857142857142857,0.0,0.6666666666666666,0.024148874904502793,0.0,0.01936719599195058,0.8342780926975659,0.861079188187477,0.0,0.8,0.5,0.5555310863831714,0.6803707882909291,0.805210490198687,0
291,0.9170258452294229,1.0,1.0,0.8964851293935883,0.46875,1.0,0.0,0.6666666666666666,0.9224458587788918,1.0,0.96515973647668,1.0,0.9997028134679581,0.004,1.0,1.0,0.9314150477233508,0.950111509397648,0.9688079710719453,0
292,0.0,0.0,0.0,0.0075987841945288626,0.15625,0.2857142857142857,0.0,0.6666666666666666,0.024148873889942468,0.0,0.013224333175882563,0.745248416138713,0.8060791580537865,0.0,0.7736666666666667,0.5,0.5081997861466069,0.7250450776414246,0.9418903691362424,0
293,0.0,0.0,0.0,0.0075987841945288626,0.15625,0.2857142857142857,0.0,0.6666666666666666,0.0241488738896124,0.0,0.00708769053198588,0.705568522840947,0.7396779180805118,0.0,0.8593333333333333,0.5,0.44946530220605,0.6136822784317797,0.7778992546575093,0
294,0.0,0.0,0.0,0.0075987841945288626,0.15625,0.2857142857142857,0.0,0.6666666666666666,0.024148874726491076,0.0,0.09061933818553647,0.8879626542180727,0.7680345920438559,0.0,0.9636666666666667,0.0,0.5534491696461414,0.6057855726524273,0.6581219756587132,0
295,0.3807430124114225,0.4,0.9992932862190813,0.5964912280701755,0.5625,0.8571428571428571,0.0,0.6666666666666666,0.614412644773156,0.3333333333333333,0.37492971448823953,0.9996665555185061,0.9954965133874147,0.0003333333333333333,0.9993333333333333,1.0,0.8365472305451598,0.8545718012947382,0.8725963720443166,0
296,0.062382297551789145,0.0,0.0,0.0075987841945288626,0.15625,0.2857142857142857,0.0,0.6666666666666666,0.02414887481635908,0.0,0.04109143268543758,0.7872624208069356,0.778379909636072,0.0,0.8996666666666666,0.5,0.59460084133183,0.6400639628292948,0.6855270843267596,0
297,0.062382297551789145,0.0,0.8671378091872791,0.0075987841945288626,0.1875,0.2857142857142857,0.0,0.6666666666666666,0.024156786664814578,0.0,0.04722851193899058,0.901300433477826,0.8628029560294684,0.0,0.8953333333333333,1.0,0.67908195527229,0.7013719766974238,0.7236619981225577,0
298,0.062382297551789145,0.0,0.0,0.0075987841945288626,0.15625,0.2857142857142857,0.0,0.6666666666666666,0.024148876701369115,0.0,0.012791169465011909,0.7985995331777259,0.8323037056301659,0.0,0.854,0.5,0.5720627323709742,0.6886505360483992,0.8052383397258244,0
299,0.07131086898036054,0.0,0.9696113074204947,0.020408163265306145,0.125,0.42857142857142855,0.0,0.6666666666666666,0.026465231313809956,0.0,0.1865884523207204,0.9899966655551851,0.9439403088912092,0.0,0.916,1.0,0.7346331572532008,0.7665763577676233,0.7985195582820459,0
300,0.5447746294845621,0.7,1.0,0.8964851293935883,0.625,1.0,0.0,0.6666666666666666,0.8957848037825874,1.0,0.6549408985897545,1.0,0.9965845796251154,0.0003333333333333333,1.0,1.0,0.9134074655476466,0.9496026247573798,0.9857977839671129,0
301,0.828130515295956,0.7,1.0,0.8964851293935883,0.59375,1.0,0.0,0.6666666666666666,0.8849308607623705,1.0,0.7517537828671949,1.0,0.9983837096715806,0.0013333333333333333,1.0,1.0,0.8274114817261873,0.8950600156345332,0.9627085495428792,0
302,0.8109334638756036,0.9,1.0,0.8964851293935883,0.8125,1.0,0.0,0.6666666666666666,0.8906636276366554,0.0,0.3967637677337804,0.9996665555185061,0.9938802992191395,0.0013333333333333333,0.9996666666666667,1.0,0.8277801211782788,0.835778969051,0.8437778169237213,0
303,0.11064621106462114,0.0,0.0,0.0075987841945288626,0.15625,0.2857142857142857,0.0,0.6666666666666666,0.024154825427146975,0.0,0.08031410049429655,0.9219739913304434,0.9153758957497927,0.0,0.8483333333333334,0.5,0.6205202609421564,0.7757910374513768,0.9310618139605971,0
304,0.26550724637681167,0.2,0.9752650176678446,0.14084507042253525,0.15625,0.2857142857142857,0.0,0.6666666666666666,0.05737781534496267,0.0,0.3590876979272224,0.9996665555185061,0.9893287176181185,0.0,0.998,1.0,0.721033922601382,0.8009695313980272,0.8809051401946723,0
305,0.062382297551789145,0.0,0.0,0.0075987841945288626,0.15625,0.2857142857142857,0.0,0.6666666666666666,0.024149742328020696,0.0,0.04852699709090613,0.873624541513838,0.8715330929149128,0.0,0.8576666666666667,0.5,0.6228810645968356,0.7119629946146899,0.8010449246325442,0
306,0.11064621106462114,0.0,0.0,0.0075987841945288626,0.15625,0.2857142857142857,0.0,0.6666666666666666,0.024148874725960057,0.0,0.012605800922159127,0.8286095365121707,0.8573622317582478,0.0,0.8013333333333333,0.5,0.554826618404055,0.6766091290699683,0.7983916397358817,0
307,0.32595318035758425,0.3,1.0,0.4782608695652174,0.3125,0.7142857142857143,0.0,0.6666666666666666,0.07409504386097787,0.0,0.36105411466022097,0.9989996665555185,0.9700359286053891,0.0,0.997,1.0,0.7154444668286292,0.7343597194907854,0.7532749721529417,0
308,0.0,0.0,0.0,0.0075987841945288626,0.15625,0.2857142857142857,0.0,0.6666666666666666,0.02414887388962106,0.0,0.04422165852351223,0.7099033011003668,0.7711805880558674,0.0,0.8526666666666667,0.5,0.501068150418035,0.6157932388431285,0.7305183272682221,0
309,0.0,0.0,0.0,0.0075987841945288626,0.15625,0.2857142857142857,0.0,0.6666666666666666,0.02414887438395341,0.0,0.03321868258830296,0.8219406468822941,0.8537425475873395,0.0,0.8009999999999999,0.5,0.5506879542811041,0.6796094606662513,0.8085309670513986,0
310,0.0,0.0,0.0,0.0075987841945288626,0.15625,0.2857142857142857,0.0,0.6666666666666666,0.024148879500555998,0.0,0.04058104310923438,0.8466155385128376,0.8083422423928813,0.0,0.9123333333333333,0.0,0.6134936409192956,0.6193354802308806,0.6251773195424655,0
311,0.0,0.0,0.0,0.0075987841945288626,0.15625,0.2857142857142857,0.0,0.6666666666666666,0.02414887388989939,0.0,0.013051732713950659,0.7399133044348116,0.8039897159946978,0.0,0.7746666666666666,0.5,0.5075608741900931,0.7231188939581936,0.938676913726294,0
312,0.11064621106462114,0.0,0.0,0.0075987841945288626,0.15625,0.2857142857142857,0.0,0.6666666666666666,0.024148874078526728,0.0,0.058340493500762314,0.8119373124374791,0.8478413005958685,0.0,0.7306666666666667,0.5,0.5415406932200703,0.7690792526163186,0.9966178120125669,0
313,0.11064621106462114,0.0,0.0,0.0075987841945288626,0.15625,0.2857142857142857,0.0,0.6666666666666666,0.024148875261266745,0.0,0.03630448038436773,0.7892630876958986,0.8445805498314627,0.0,0.7176666666666667,0.5,0.5530951016019149,0.7378143563368066,0.9225336110716983,0
314,0.0,0.0,0.0,0.0075987841945288626,0.15625,0.2857142857142857,0.0,0.6666666666666666,0.02414887395060583,0.0,0.025659978864529198,0.7922640880293431,0.8017082001842184,0.0,0.8826666666666667,0.0,0.5605504804033713,0.6124065871217437,0.6642626938401159,0
315,0.5197746294845622,0.7,1.0,0.679144385026738,0.40625,0.8571428571428571,0.0,0.6666666666666666,0.8416553126752756,1.0,0.680748585658822,1.0,0.99710123098183,0.0013333333333333333,1.0,1.0,0.8592839652113632,0.9208919479523482,0.9824999306933332,0
316,0.13947068771518478,0.1,0.8671378091872791,0.0075987841945288626,0.1875,0.2857142857142857,0.0,0.6666666666666666,0.025688105171925546,0.0,0.15599727421392195,0.9976658886295432,0.9842113920376423,0.0,0.9293333333333333,1.0,0.6944464199277365,0.7928787467463283,0.8913110735649201,0
317,0.20946212948456222,0.1,0.9484098939929329,0.0075987841945288626,0.25,0.2857142857142857,0.0,0.6666666666666666,0.02909755710059747,0.0,0.3162537563010842,0.9973324441480493,0.9828510078768328,0.0,0.995,1.0,0.7255483815071638,0.8186592412671262,0.9117701010270886,0
318,0.49076647731064915,0.5,0.9978798586572438,0.5964912280701755,0.375,0.8571428571428571,0.0,0.6666666666666666,0.4307639270153403,0.5,0.5613526130974076,1.0,0.993725921002386,0.0003333333333333333,1.0,1.0,0.8358329315937838,0.8727359041084694,0.9096388766231549,0
319,0.6995290874474975,0.9,1.0,0.8964851293935883,0.46875,1.0,0.0,0.6666666666666666,0.8905407899443457,1.0,0.6965703643023924,1.0,0.9967444205845705,0.001,1.0,1.0,0.8507841728060896,0.8994701460855196,0.9481561193649495,0
320,0.062382297551789145,0.0,0.0,0.0075987841945288626,0.15625,0.2857142857142857,0.0,0.6666666666666666,0.024148873891612688,0.0,0.0037703611661361602,0.7279093031010337,0.7856767148672306,0.0,0.8363333333333334,0.5,0.5290573433669077,0.659071964237022,0.7890865851071361,0
321,0.6643098353735754,0.7,0.9964664310954063,0.679144385026738,0.5,0.8571428571428571,0.0,0.6666666666666666,0.7838602085145171,1.0,0.8726038616639006,1.0,0.9984593360301239,0.0006666666666666666,1.0,1.0,0.834974937803576,0.9052734903611979,0.9755720429188198,0
322,0.5197746294845622,0.8,0.9992932862190813,0.679144385026738,0.5,0.8571428571428571,0.0,0.6666666666666666,0.8284545594206373,1.0,0.9246102023067564,1.0,0.9993326446564874,0.002,1.0,1.0,0.8576182725299598,0.9285881828332898,0.9995580931366198,0
323,0.3759531803575843,0.4,0.9943462897526502,0.19696969696969702,0.1875,0.42857142857142855,0.0,0.6666666666666666,0.052618686181461594,0.0,0.29939441923418353,0.9989996665555185,0.971491967921084,0.0,0.9983333333333333,1.0,0.7205012062440126,0.7232507580812932,0.726000309918574,0
324,0.5515003304901691,0.3,0.9992932862190813,0.39669421487603307,0.59375,0.5714285714285714,0.0,0.6666666666666666,0.41878098776376893,1.0,0.7063870955249387,1.0,0.9962860281231897,0.0003333333333333333,1.0,1.0,0.8107032314860781,0.8585378302879817,0.9063724290898852,0
325,0.0,0.0,0.0,0.0075987841945288626,0.15625,0.2857142857142857,0.0,0.6666666666666666,0.0241488738896124,0.0,0.053974001675390015,0.7019006335445148,0.755655039210793,0.0,0.8416666666666667,0.5,0.48008387063942126,0.6508169617679584,0.8215500528964957,0
326,0.0,0.0,0.0,0.0075987841945288626,0.15625,0.2857142857142857,0.0,0.6666666666666666,0.0241488738896124,0.0,0.03262754919599309,0.6795598532844281,0.7190699056856572,0.0,0.8743333333333333,0.5,0.4651775358712458,0.6149060149674734,0.764634494063701,0
327,0.13553057739209573,0.1,0.9837455830388693,0.0075987841945288626,0.40625,0.2857142857142857,0.0,0.6666666666666666,0.052464659276613146,0.0,0.3580080027847856,0.9969989996665555,0.9796545587905711,0.0,0.9983333333333333,1.0,0.7502530934569722,0.8163579329096198,0.8824627723622674,0
328,0.0,0.0,0.0,0.0075987841945288626,0.15625,0.2857142857142857,0.0,0.6666666666666666,0.02414887389271625,0.0,0.05035658485616534,0.7635878626208736,0.816518254662259,0.0,0.761,0.5,0.5189183584220033,0.7395983563387334,0.9602783542554636,0
329,0.11064621106462114,0.0,0.9469964664310954,0.0075987841945288626,0.15625,0.2857142857142857,0.0,0.6666666666666666,0.024385053642472787,0.0,0.060514369652274747,0.970323441147049,0.9366454765324953,0.0,0.8946666666666667,1.0,0.6881265996031515,0.7042393797738418,0.7203521599445322,0
330,0.0,0.0,0.9519434628975265,0.0075987841945288626,0.1875,0.2857142857142857,0.0,0.6666666666666666,0.024148875111700496,0.0,0.10096274740584932,0.9223074358119373,0.7677856717328947,0.0,0.9753333333333334,0.5,0.529353868855995,0.6191807576926804,0.709007646529366,0
331,0.2703581207765309,0.1,0.9816254416961131,0.10169491525423724,0.21875,0.5714285714285714,0.0,0.6666666666666666,0.0490863293062207,0.0,0.3250851853918846,0.9973324441480493,0.9843923244189708,0.0,0.9976666666666667,1.0,0.7424797952726105,0.7690980220673118,0.7957162488620132,0
332,0.0,0.0,0.0,0.0075987841945288626,0.15625,0.2857142857142857,0.0,0.6666666666666666,0.024148882102559055,0.0,0.030794198368082726,0.8172724241413805,0.8601600984917431,0.0,0.7873333333333333,0.5,0.5676531155590578,0.7016177948043318,0.835582474049606,0
333,0.07131086898036054,0.0,0.9879858657243816,0.0075987841945288626,0.28125,0.2857142857142857,0.0,0.6666666666666666,0.025012320062505422,0.0,0.17764122212622158,0.9799933311103701,0.9281360977401143,0.0,0.903,1.0,0.7408064130544135,0.751331929623753,0.7618574461930924,0
334,0.8805738028294599,0.9,1.0,0.8964851293935883,0.875,1.0,0.0,0.6666666666666666,0.9101850812870288,1.0,0.7018659111080984,1.0,0.9971536265681376,0.002,1.0,1.0,0.9602848996905682,0.9781985094429022,0.9961121191952363,0
335,0.6034202363623761,0.8,0.9978798586572438,0.4782608695652174,0.34375,0.7142857142857143,0.0,0.6666666666666666,0.5288869459031986,1.0,0.7353329233071249,1.0,0.9934490247085903,0.0006666666666666666,1.0,1.0,0.7268225628347802,0.8504622074692035,0.9741018521036269,0
336,0.062382297551789145,0.0,0.0,0.0075987841945288626,0.15625,0.2857142857142857,0.0,0.6666666666666666,0.024149328145342097,0.0,0.07162942356507773,0.8796265421807269,0.8801696596586851,0.0,0.8486666666666667,0.5,0.6106684064236025,0.7206169377501731,0.8305654690767437,0
337,0.70586650003491,0.7,0.9992932862190813,0.8964851293935883,0.53125,1.0,0.0,0.6666666666666666,0.8876657199910394,1.0,0.5438634322896281,1.0,0.9963809217066987,0.0013333333333333333,1.0,1.0,0.9414433733175795,0.9504506169396516,0.9594578605617237,0
338,0.11064621106462114,0.0,0.0,0.0075987841945288626,0.15625,0.2857142857142857,0.0,0.6666666666666666,0.02415904510553235,0.0,0.08290526409186394,0.9456485495165055,0.928178393751954,0.0,0.855,0.5,0.6261497265785853,0.7851246611828793,0.9440995957871734,0
339,0.13756436963239604,0.0,0.0,0.0075987841945288626,0.15625,0.2857142857142857,0.0,0.6666666666666666,0.024228494568833026,0.0,0.23689674606442435,0.9946648882960987,0.9755070759454669,0.0,0.8456666666666667,0.5,0.6565312499039869,0.7889536751150616,0.9213761003261363,0
340,0.11064621106462114,0.0,0.0,0.0075987841945288626,0.15625,0.2857142857142857,0.0,0.6666666666666666,0.024149324755035173,0.0,0.05627507689087208,0.8632877625875292,0.8740856020395755,0.0,0.8386666666666667,0.5,0.6127053295287362,0.6762669103350748,0.7398284911414134,0
341,0.15217391304347827,0.0,0.9752650176678446,0.14084507042253525,0.15625,0.2857142857142857,0.0,0.6666666666666666,0.024155810987768422,0.0,0.09630616142164583,0.9949983327775925,0.9075257418449759,0.0,0.9886666666666667,0.5,0.5893254374241026,0.762640606129975,0.9359557748358474,0
342,0.0,0.0,0.0,0.0075987841945288626,0.15625,0.2857142857142857,0.0,0.6666666666666666,0.0241488738896124,0.0,0.012494999416762131,0.6982327442480827,0.7007799565147411,0.0,0.908,0.5,0.4345813122239274,0.5573955230998677,0.6802097339758082,0
343,0.062382297551789145,0.0,0.0,0.0075987841945288626,0.15625,0.2857142857142857,0.0,0.6666666666666666,0.024149340548620057,0.0,0.06860333050079814,0.9166388796265422,0.9047868746274391,0.0,0.8033333333333333,0.5,0.6041891209364506,0.7428535847336866,0.8815180485309225,0
344,0.11064621106462114,0.0,0.0,0.0075987841945288626,0.15625,0.2857142857142857,0.0,0.6666666666666666,0.0241488773234243,0.0,0.01908375048305333,0.8226075358452818,0.8579739023426829,0.0,0.7323333333333333,0.5,0.5594503931863897,0.7740812061779346,0.9887120191694796,0
345,0.7400011154195254,0.9,0.9992932862190813,0.8964851293935883,0.6875,1.0,0.0,0.6666666666666666,0.905972317537333,0.5,0.45656007928640563,0.9996665555185061,0.9990840822714466,0.0006666666666666666,1.0,1.0,0.9024699713329369,0.9275123905452007,0.9525548097574645,0
346,0.27229217379754034,0.6,0.9971731448763251,0.39669421487603307,0.5,0.5714285714285714,0.0,0.6666666666666666,0.3560109893294061,1.0,0.6859210636710833,1.0,0.9957264824160738,0.0006666666666666666,1.0,1.0,0.8055799354559673,0.8962662226492459,0.9869525098425245,0
347,0.13553057739209573,0.1,0.9837455830388693,0.0075987841945288626,0.40625,0.2857142857142857,0.0,0.6666666666666666,0.05051346712510085,0.0,0.21418989177632008,0.9986662220740247,0.9852200491603594,0.0,0.9963333333333333,1.0,0.7466845501021846,0.8308503950479257,0.9150162399936668,0
348,0.062382297551789145,0.0,0.0,0.0075987841945288626,0.15625,0.2857142857142857,0.0,0.6666666666666666,0.02414887389004805,0.0,0.01149585028274036,0.7202400800266755,0.771426427119298,0.0,0.858,0.5,0.5249554428678157,0.6427101145122489,0.7604647861566821,0
349,0.8729705009126407,0.9,0.9978798586572438,0.8964851293935883,0.6875,1.0,0.0,0.6666666666666666,0.9120704436525823,0.0,0.4288526352120847,0.9996665555185061,0.9970473206739764,0.0016666666666666668,1.0,1.0,0.8395189103138283,0.8905960734612425,0.9416732366086566,0
350,0.09631086898036045,0.1,0.9830388692579506,0.14084507042253525,0.1875,0.2857142857142857,0.0,0.6666666666666666,0.08531793997857273,0.0,0.20072310995360143,0.9973324441480493,0.9831950509032827,0.0,0.997,1.0,0.7616502754869561,0.8314302259100597,0.9012101763331634,0
351,0.062382297551789145,0.0,0.8671378091872791,0.0075987841945288626,0.1875,0.2857142857142857,0.0,0.6666666666666666,0.02417562121661354,0.0,0.058141794414597214,0.9236412137379126,0.8759867040747439,0.0,0.8956666666666666,1.0,0.698752689587392,0.7115941144980372,0.7244355394086824,0
352,0.26336360236896894,0.4,0.9971731448763251,0.39669421487603307,0.5,0.5714285714285714,0.0,0.6666666666666666,0.3361055543507945,0.5,0.4337865798699998,0.9996665555185061,0.9920223790097126,0.0,0.9996666666666667,1.0,0.8017348526007955,0.8790308382909136,0.9563268239810317,0
353,0.380976502040242,0.2,0.9830388692579506,0.14084507042253525,0.1875,0.2857142857142857,0.0,0.6666666666666666,0.142270934431739,0.0,0.28686207829231813,0.9983327775925308,0.9721935771501793,0.0,0.9993333333333333,1.0,0.7482029379436379,0.8143952328899611,0.8805875278362844,0
354,0.11064621106462114,0.0,0.9469964664310954,0.0075987841945288626,0.15625,0.2857142857142857,0.0,0.6666666666666666,0.024981338611413606,0.0,0.05096752221172862,0.9856618872957652,0.9497717791781001,0.0,0.9216666666666666,1.0,0.6675041048895901,0.7190105485975913,0.7705169923055925,0
355,0.0,0.0,0.9674911660777386,0.19696969696969702,0.125,0.42857142857142855,0.0,0.6666666666666666,0.024161156427568997,0.0,0.10751785129001634,0.9713237745915305,0.8632732419268834,0.0,0.9726666666666667,0.5,0.5735400872256723,0.7045510597380538,0.8355620322504351,0
356,0.13630898943153524,0.0,0.8671378091872791,0.0075987841945288626,0.1875,0.2857142857142857,0.0,0.6666666666666666,0.025590304464285785,0.0,0.03956984598760582,0.9946648882960987,0.9764470203529001,0.0,0.9703333333333334,1.0,0.6928895412575947,0.8367501548741813,0.9806107684907678,0
357,0.062382297551789145,0.0,0.0,0.0075987841945288626,0.15625,0.2857142857142857,0.0,0.6666666666666666,0.024149032025764128,0.0,0.05750858188893215,0.8456152050683561,0.8258580866435732,0.0,0.888,0.5,0.6313760601910187,0.6740874452451326,0.7167988302992467,0
358,0.1994621294845622,0.0,0.9484098939929329,0.0075987841945288626,0.25,0.2857142857142857,0.0,0.6666666666666666,0.03182177966879518,0.0,0.1424182874951595,0.9949983327775925,0.9742362670367974,0.0,0.9446666666666667,1.0,0.7547613495005973,0.7981478636654367,0.8415343778302762,0
359,0.11064621106462114,0.0,0.0,0.0075987841945288626,0.15625,0.2857142857142857,0.0,0.6666666666666666,0.024159547562768724,0.0,0.07877350398098648,0.9276425475158386,0.9185492316259545,0.0,0.8033333333333333,0.5,0.6271708225372526,0.7634951540821318,0.8998194856270109,0
360,0.15217391304347827,0.0,0.976678445229682,0.07936507936507942,0.1875,0.7142857142857143,0.0,0.6666666666666666,0.032591967587340065,0.0,0.25831158014426225,0.995998666222074,0.9573085643049866,0.0,0.9933333333333333,1.0,0.6869803424796828,0.7499162280530124,0.812852113626342,0
361,0.26336360236896894,0.7,0.9971731448763251,0.39669421487603307,0.5,0.5714285714285714,0.0,0.6666666666666666,0.41430788622083414,0.5,0.4587219650567155,0.9996665555185061,0.9928320663467772,0.0003333333333333333,0.9996666666666667,1.0,0.8092618264183066,0.8816955147668627,0.9541292031154188,0
362,0.9029659614512292,0.9,1.0,0.8964851293935883,0.6875,1.0,0.0,0.6666666666666666,0.9175212343004232,1.0,0.623768588463253,1.0,0.9970047083805856,0.0033333333333333335,1.0,1.0,0.9080863936329118,0.9388782433549827,0.9696700930770537,0
363,0.1373542855987826,0.0,0.0,0.0075987841945288626,0.15625,0.2857142857142857,0.0,0.6666666666666666,0.024383204197275243,0.0,0.20512276524928874,0.9889963321107036,0.9650538773737021,0.0,0.9126666666666666,0.5,0.6645834419497856,0.8109235081767848,0.9572635744037841,0
364,0.07131086898036054,0.0,0.9519434628975265,0.0075987841945288626,0.1875,0.2857142857142857,0.0,0.6666666666666666,0.024642205070031342,0.0,0.04817882400939999,0.9599866622207403,0.9234483976899215,0.0,0.8713333333333333,1.0,0.7153238568555874,0.7542698581753992,0.7932158594952109,0
365,0.062382297551789145,0.0,0.0,0.0075987841945288626,0.15625,0.2857142857142857,0.0,0.6666666666666666,0.024148873900580625,0.0,0.010042872656002677,0.7819273091030343,0.8244086332848443,0.0,0.8056666666666666,0.5,0.5313719017806625,0.6952789882727437,0.8591860747648249,0
366,0.0,0.0,0.0,0.0075987841945288626,0.15625,0.2857142857142857,0.0,0.6666666666666666,0.0241488738896124,0.0,0.12547822752868132,0.7105701900633545,0.6187451801142345,0.0,0.9683333333333334,0.5,0.3428175356473935,0.5768699270988389,0.8109223185502844,0
367,0.2703581207765309,0.1,0.9816254416961131,0.10169491525423724,0.21875,0.5714285714285714,0.0,0.6666666666666666,0.0342859452566624,0.0,0.33922741022515335,0.9986662220740247,0.9889652471304791,0.0,0.9693333333333334,1.0,0.7367615096140626,0.7558577774490333,0.7749540452840039,0
368,0.11064621106462114,0.0,0.0,0.0075987841945288626,0.15625,0.2857142857142857,0.0,0.6666666666666666,0.024149497375952178,0.0,0.029752823676375106,0.9016338779593198,0.901699361362109,0.0,0.8013333333333333,0.5,0.6064813218370944,0.7002896041345004,0.7940978864319064,0
369,0.21274563318777295,0.0,0.9943462897526502,0.19696969696969702,0.1875,0.42857142857142855,0.0,0.6666666666666666,0.02415064534621636,0.0,0.2901320149443638,0.991997332444148,0.8786124825625872,0.0,0.9973333333333333,0.5,0.5784179914210346,0.6421334289236178,0.7058488664262009,0
370,0.062382297551789145,0.0,0.8671378091872791,0.0075987841945288626,0.1875,0.2857142857142857,0.0,0.6666666666666666,0.02419321759189952,0.0,0.11415079768083003,0.924974991663888,0.9004829981262918,0.0,0.8643333333333334,1.0,0.6716028342701293,0.7361585407668683,0.8007142472636071,0
371,0.8585525114946513,0.8,1.0,0.8964851293935883,0.40625,1.0,0.0,0.6666666666666666,0.8432916715360994,0.5,0.6635652991454437,1.0,0.9961022919483783,0.0023333333333333335,1.0,1.0,0.8085240862299231,0.811713511398563,0.8149029365672029,0
372,0.19518245185086192,0.1,0.9469964664310954,0.0075987841945288626,0.15625,0.2857142857142857,0.0,0.6666666666666666,0.026277423071621175,0.0,0.13969125263186177,0.9976658886295432,0.9850517790784384,0.0,0.9286666666666666,1.0,0.7163506367988168,0.7513865198512011,0.7864224029035854,0
373,0.11064621106462114,0.0,0.0,0.0075987841945288626,0.15625,0.2857142857142857,0.0,0.6666666666666666,0.02414913601190516,0.0,0.05751734630204541,0.8946315438479493,0.8975621067358361,0.0,0.7076666666666667,0.5,0.5914741717480838,0.7709073841674725,0.9503405965868611,0
374,0.11064621106462114,0.0,0.0,0.0075987841945288626,0.15625,0.2857142857142857,0.0,0.6666666666666666,0.024152701243533747,0.0,0.07083279467568904,0.9273091030343448,0.9132012058225851,0.0,0.8233333333333334,0.5,0.6256139364958013,0.7063260320727012,0.7870381276496011,0
375,0.0,0.0,0.0,0.0075987841945288626,0.15625,0.2857142857142857,0.0,0.6666666666666666,0.0241488738896124,0.0,0.03026293175660333,0.7225741913971324,0.7646919713671911,0.0,0.8240000000000001,0.5,0.46891021568790564,0.7090345084222682,0.9491588011566309,0
376,0.0,0.0,0.0,0.0075987841945288626,0.15625,0.2857142857142857,0.0,0.6666666666666666,0.024148873889620615,0.0,0.01636843815414102,0.7002334111370456,0.7804898911290183,0.0,0.796,0.5,0.4936323581951326,0.6687958929189698,0.843959427642807,0
377,0.11064621106462114,0.0,0.0,0.0075987841945288626,0.15625,0.2857142857142857,0.0,0.6666666666666666,0.024148913147030826,0.0,0.04003050275783515,0.8659553184394798,0.881355097765557,0.0,0.7916666666666666,0.5,0.5825571370973975,0.68909398294234,0.7956308287872825,0
378,0.828130515295956,0.9,1.0,0.7424749163879598,0.53125,1.0,0.0,0.6666666666666666,0.8412771922893207,1.0,0.6797438120819814,1.0,0.99659885918822,0.0023333333333333335,1.0,1.0,0.790926820700632,0.8765829755529115,0.9622391304051912,0
379,0.13947068771518478,0.1,0.8671378091872791,0.0075987841945288626,0.1875,0.2857142857142857,0.0,0.6666666666666666,0.025835461530605675,0.0,0.15221211778407684,0.9979993331110371,0.9836986266302971,0.0,0.9606666666666667,1.0,0.6958671105229447,0.7947840476763437,0.8937009848297426,0
380,0.0,0.0,0.0,0.0075987841945288626,0.15625,0.2857142857142857,0.0,0.6666666666666666,0.0241488738896124,0.0,0.05710776965142106,0.6865621873957986,0.7366309126991901,0.0,0.858,0.5,0.46865224355807594,0.5921380750066582,0.7156239064552403,0
381,0.217888198757764,0.1,0.9752650176678446,0.14084507042253525,0.15625,0.2857142857142857,0.0,0.6666666666666666,0.03023818183496374,0.3333333333333333,0.43947239855714926,0.9993331110370124,0.9797693612635325,0.0,0.991,1.0,0.6870039646588217,0.8327178902184189,0.9784318157780161,0
382,0.0,0.0,0.0,0.0075987841945288626,0.15625,0.2857142857142857,0.0,0.6666666666666666,0.024148873967035356,0.0,0.029780849147305832,0.8056018672890963,0.7798584418774881,0.0,0.913,0.0,0.5797743843952274,0.599147805013694,0.6185212256321607,0
383,0.11064621106462114,0.0,0.0,0.0075987841945288626,0.15625,0.2857142857142857,0.0,0.6666666666666666,0.02414929221748352,0.0,0.01721405554415978,0.9273091030343448,0.91210034976876,0.0,0.7383333333333333,0.5,0.5967326195324119,0.7897152176327759,0.9826978157331399,0
384,0.5423207965864658,0.5,0.9992932862190813,0.07936507936507942,0.34375,0.7142857142857143,0.0,0.6666666666666666,0.05339807976844768,0.5,0.482486893044036,0.9996665555185061,0.988725131777381,0.0,1.0,1.0,0.6732293443935674,0.7661304092074959,0.8590314740214242,0
385,0.062382297551789145,0.0,0.8671378091872791,0.0075987841945288626,0.1875,0.2857142857142857,0.0,0.6666666666666666,0.024536379393212515,0.0,0.1083922409690613,0.9679893297765922,0.9386822100825872,0.0,0.8486666666666667,1.0,0.6898719226339497,0.7739236258611388,0.8579753290883279,0
386,0.0,0.0,0.0,0.0075987841945288626,0.15625,0.2857142857142857,0.0,0.6666666666666666,0.024148873933209303,0.0,0.03318478042691775,0.7685895298432811,0.8244486311060808,0.0,0.7433333333333334,0.5,0.5328311143096339,0.7543227921158105,0.9758144699219872,0
387,0.0,0.0,0.0,0.0075987841945288626,0.15625,0.2857142857142857,0.0,0.6666666666666666,0.024148873896737255,0.0,0.04404331739154255,0.7322440813604535,0.8085772757360203,0.0,0.755,0.5,0.5231569766490329,0.7172642289787334,0.911371481308434,0
388,0.5632294805083556,0.7,0.9971731448763251,0.7424749163879598,0.375,1.0,0.0,0.6666666666666666,0.582786931039559,1.0,0.753017517948869,1.0,0.9962984184560049,0.0013333333333333333,1.0,1.0,0.7501016826268838,0.8378842415517952,0.9256668004767066,0
389,0.0,0.0,0.0,0.0075987841945288626,0.15625,0.2857142857142857,0.0,0.6666666666666666,0.02414887404109123,0.0,0.031186507725266654,0.8159386462154051,0.7793956121896709,0.0,0.9186666666666666,0.0,0.5897138742282827,0.5997830819097095,0.6098522895911364,0
390,0.11064621106462114,0.0,0.0,0.0075987841945288626,0.15625,0.2857142857142857,0.0,0.6666666666666666,0.024148875599129593,0.0,0.009176961034786268,0.7829276425475158,0.8262734808123462,0.0,0.8506666666666667,0.5,0.5697523702889598,0.6459475785027228,0.7221427867164858,0
391,0.34983806933418626,0.3,0.9879858657243816,0.0075987841945288626,0.28125,0.2857142857142857,0.0,0.6666666666666666,0.062380184389829396,0.5,0.23579791671399808,0.9993331110370124,0.9892314572241842,0.0,0.9976666666666667,1.0,0.7696338737128238,0.8402473454858762,0.9108608172589286,0
392,0.0,0.0,0.0,0.0075987841945288626,0.15625,0.2857142857142857,0.0,0.6666666666666666,0.0241488738896124,0.0,0.006802813875363745,0.7182394131377126,0.7173932973171518,0.0,0.9203333333333333,0.0,0.5018656450602944,0.556835784174069,0.6118059232878437,0
393,0.7213093904778005,1.0,1.0,0.8964851293935883,0.78125,1.0,0.0,0.6666666666666666,0.8782554101613302,1.0,0.7293329146767149,1.0,0.9960923523172109,0.0016666666666666668,1.0,1.0,0.9067337901820706,0.9347087387918988,0.9626836874017269,0
394,0.2994621294845621,0.1,0.992226148409894,0.19354838709677424,0.28125,0.8571428571428571,0.0,0.6666666666666666,0.14109941506905188,0.0,0.09412691539015161,0.9979993331110371,0.9828821239538306,0.0,0.998,1.0,0.8302037375058662,0.8334398528278211,0.8366759681497761,0
395,0.3266345220766619,0.0,0.976678445229682,0.07936507936507942,0.1875,0.7142857142857143,0.0,0.6666666666666666,0.07588827164589274,0.0,0.19493308062294978,0.9946648882960987,0.9558546485192723,0.0,0.9946666666666667,1.0,0.6849970082659733,0.8164889123305197,0.9479808163950659,0
396,0.11064621106462114,0.0,0.0,0.0075987841945288626,0.15625,0.2857142857142857,0.0,0.6666666666666666,0.02415054729706001,0.0,0.05154050672186361,0.91297099033011,0.9076179476036345,0.0,0.7723333333333333,0.5,0.6081131328785215,0.7854010052368856,0.9626888775952496,0
397,0.0,0.0,0.0,0.0075987841945288626,0.15625,0.2857142857142857,0.0,0.6666666666666666,0.024148873889698996,0.0,0.01930326307507202,0.7419139713237746,0.7845640152155684,0.0,0.8573333333333333,0.5,0.5150107184204572,0.6092229518053414,0.7034351851902256,0
398,0.0,0.0,0.0,0.0075987841945288626,0.15625,0.2857142857142857,0.0,0.6666666666666666,0.02414887389011955,0.0,0.032734557600233916,0.7642547515838612,0.8136968216985403,0.0,0.7956666666666666,0.5,0.5142679756535371,0.6527313552652108,0.7911947348768843,0
399,0.11064621106462114,0.0,0.0,0.0075987841945288626,0.15625,0.2857142857142857,0.0,0.6666666666666666,0.024148879162734893,0.0,0.049911309965254946,0.8259419806602201,0.8638731607421162,0.0,0.7813333333333333,0.5,0.5630205902724226,0.7160959624514102,0.8691713346303978,0
400,0.062382297551789145,0.0,0.0,0.0075987841945288626,0.15625,0.2857142857142857,0.0,0.6666666666666666,0.02414887415182565,0.0,0.05111323148710256,0.8026008669556519,0.8368660721672081,0.0,0.8103333333333333,0.5,0.5509147270803114,0.6991051110965862,0.847295495112861,0
401,0.8685050162132378,0.9,0.9992932862190813,0.8964851293935883,0.78125,1.0,0.0,0.6666666666666666,0.9130148988551376,1.0,0.844311629584869,1.0,0.998954388337911,0.0016666666666666668,1.0,1.0,0.8429493396051435,0.8761408532436376,0.9093323668821316,0
402,0.13947068771518478,0.1,0.9519434628975265,0.0075987841945288626,0.1875,0.2857142857142857,0.0,0.6666666666666666,0.027104990503841297,0.0,0.40486983152187983,0.9993331110370124,0.9927766311460098,0.0,0.9713333333333334,1.0,0.7059215656634715,0.797534184805192,0.8891468039469125,0
403,0.07131086898036054,0.0,0.9816254416961131,0.14084507042253525,0.1875,0.2857142857142857,0.0,0.6666666666666666,0.02483344698195289,0.0,0.15662810837117602,0.9956652217405801,0.9497621152787615,0.0,0.953,0.5,0.6662753955027708,0.7775569803343035,0.8888385651658363,0
404,0.062382297551789145,0.0,0.0,0.0075987841945288626,0.15625,0.2857142857142857,0.0,0.6666666666666666,0.024149247639314586,0.0,0.025448585900243348,0.8589529843281094,0.8290709676772472,0.0,0.893,0.5,0.6455254289475154,0.6768377272971793,0.7081500256468433,0
405,0.2703581207765309,0.3,0.9943462897526502,0.19696969696969702,0.25,0.42857142857142855,0.0,0.6666666666666666,0.07234627945042738,0.0,0.42405744809764523,0.9993331110370124,0.9904658946034852,0.0,0.9983333333333333,1.0,0.7292024026940658,0.7788355021466737,0.8284686015992818,0
406,0.18166893833734843,0.0,0.0,0.0075987841945288626,0.15625,0.2857142857142857,0.0,0.6666666666666666,0.02424670373963822,0.0,0.06664501404906542,0.9699899966655552,0.9433996438199587,0.0,0.8676666666666667,0.5,0.6599150482282014,0.739093007156187,0.8182709660841725,0
407,0.0,0.0,0.0,0.0075987841945288626,0.15625,0.2857142857142857,0.0,0.6666666666666666,0.0241488738896124,0.0,0.04340013516882024,0.735245081693898,0.6920919821502451,0.0,0.9093333333333333,0.5,0.39875425069055787,0.6895592352559002,0.9803642198212427,0
408,0.0,0.0,0.0,0.0075987841945288626,0.15625,0.2857142857142857,0.0,0.6666666666666666,0.024148873889996536,0.0,0.03569533916144341,0.7422474158052684,0.8069467718074681,0.0,0.775,0.5,0.5092054008439393,0.7007962577142494,0.8923871145845594,0
409,0.18553057739209566,0.2,0.9936395759717315,0.0075987841945288626,0.4375,0.2857142857142857,0.0,0.6666666666666666,0.07918802267988001,0.0,0.22874921909657342,0.9979993331110371,0.9871720164401198,0.0,0.9983333333333333,1.0,0.7610953152289419,0.8510441009521701,0.9409928866753984,0
410,0.062382297551789145,0.0,0.0,0.0075987841945288626,0.15625,0.2857142857142857,0.0,0.6666666666666666,0.02415004677716759,0.0,0.08351994678584929,0.8949649883294432,0.8890676475137703,0.0,0.85,0.5,0.6197426364814258,0.7262188303882331,0.8326950242950403,0
411,0.19518245185086192,0.1,0.9519434628975265,0.0075987841945288626,0.1875,0.2857142857142857,0.0,0.6666666666666666,0.026128696448431743,0.0,0.46506378668951265,0.9983327775925308,0.9896952148764528,0.0,0.9263333333333333,1.0,0.7124924005897905,0.7539225658850023,0.7953527311802141,0
412,0.7722480045597969,1.0,1.0,0.8964851293935883,0.625,1.0,0.0,0.6666666666666666,0.9205400696721693,1.0,0.8279073227130151,1.0,0.998776915446511,0.005666666666666667,1.0,1.0,0.9290135860003502,0.958494705644688,0.9879758252890257,0
413,0.062382297551789145,0.0,0.0,0.0075987841945288626,0.15625,0.2857142857142857,0.0,0.6666666666666666,0.024148948714196483,0.0,0.03960676272443764,0.9286428809603201,0.9096536607541342,0.0,0.7793333333333333,0.5,0.5851156963026204,0.7539570679296961,0.9227984395567718,0
414,0.18166893833734843,0.0,0.8671378091872791,0.0075987841945288626,0.1875,0.2857142857142857,0.0,0.6666666666666666,0.024822344418949815,0.0,0.16665145594949493,0.9939979993331111,0.9739107100931996,0.0,0.8856666666666667,1.0,0.689947783786346,0.750443569836764,0.8109393558871818,0
415,0.062382297551789145,0.0,0.0,0.0075987841945288626,0.15625,0.2857142857142857,0.0,0.6666666666666666,0.024214681820722506,0.0,0.02481533429996352,0.9863287762587529,0.959476334686044,0.0,0.837,0.5,0.6571477707065148,0.7759010801699013,0.8946543896332878,0
416,0.13630898943153524,0.0,0.8671378091872791,0.0075987841945288626,0.1875,0.2857142857142857,0.0,0.6666666666666666,0.025684312335059967,0.0,0.041200128736373576,0.9949983327775925,0.9773954710327052,0.0,0.972,1.0,0.6939463885198194,0.8372614120218366,0.9805764355238538,0
417,0.1994621294845622,0.0,0.9484098939929329,0.0075987841945288626,0.25,0.2857142857142857,0.0,0.6666666666666666,0.025162885500737642,0.0,0.07178801757823261,0.966322107369123,0.9328727343336514,0.0,0.8633333333333333,1.0,0.7188750611564259,0.7690538481989936,0.8192326352415613,0
418,0.4438472692656793,0.2,0.9943462897526502,0.39669421487603307,0.46875,0.5714285714285714,0.0,0.6666666666666666,0.21032944489952587,0.0,0.1234834704567691,0.9976658886295432,0.9839561098186816,0.0,0.9983333333333333,1.0,0.790760767065289,0.8943333687537565,0.9979059704422241,0
419,0.062382297551789145,0.0,0.0,0.0075987841945288626,0.15625,0.2857142857142857,0.0,0.6666666666666666,0.024149795308541888,0.0,0.0241010256088936,0.9099699899966656,0.8997965439514142,0.0,0.8413333333333333,0.5,0.6132755437458598,0.736274387589581,0.8592732314333021,0
420,0.0,0.0,0.0,0.0075987841945288626,0.15625,0.2857142857142857,0.0,0.6666666666666666,0.0241488738896124,0.0,0.023744627204679403,0.7335778592864288,0.7699298711178476,0.0,0.8306666666666667,0.5,0.47287227580067304,0.6716792503958393,0.8704862249910056,0
421,0.0,0.0,0.0,0.0075987841945288626,0.15625,0.2857142857142857,0.0,0.6666666666666666,0.024148875202308795,0.0,0.018917672239527783,0.8216072024008003,0.8216946860094486,0.0,0.8893333333333333,0.5,0.5811918743360059,0.6253461186005235,0.669500362865041,0
422,0.062382297551789145,0.0,0.0,0.0075987841945288626,0.15625,0.2857142857142857,0.0,0.6666666666666666,0.024148873891075007,0.0,0.028899060743945215,0.7972657552517506,0.7340569592874991,0.0,0.9356666666666666,0.0,0.5801262012604381,0.5961913420534526,0.612256482846467,0
423,0.4798961471750224,0.6,0.9985865724381625,0.7424749163879598,0.40625,1.0,0.0,0.6666666666666666,0.4126848078790408,0.5,0.5428228140479993,1.0,0.994388336916793,0.0,1.0,1.0,0.7359958207688043,0.825712504003004,0.9154291872372038,0
424,0.07131086898036054,0.0,0.9484098939929329,0.0075987841945288626,0.25,0.2857142857142857,0.0,0.6666666666666666,0.02549087465602362,0.0,0.11249641949236311,0.9699899966655552,0.9312230884426719,0.0,0.8726666666666667,1.0,0.7337482523188904,0.7661342419569033,0.7985202315949163,0
425,0.11064621106462114,0.0,0.0,0.0075987841945288626,0.15625,0.2857142857142857,0.0,0.6666666666666666,0.02414907635349961,0.0,0.0021262335580739533,0.8592864288096032,0.8831521056447807,0.0,0.7773333333333333,0.5,0.5924620153814668,0.7141841241052171,0.8359062328289675,0
426,0.062382297551789145,0.0,0.8671378091872791,0.0075987841945288626,0.1875,0.2857142857142857,0.0,0.6666666666666666,0.02430939567216628,0.0,0.07482964493828415,0.9383127709236412,0.9065488918595511,0.0,0.8686666666666667,1.0,0.6937712799974984,0.7446440922040538,0.7955169044106092,0
427,0.062382297551789145,0.0,0.0,0.0075987841945288626,0.15625,0.2857142857142857,0.0,0.6666666666666666,0.02414887388972542,0.0,0.07670097237073914,0.7889296432144048,0.7167865713255471,0.0,0.942,0.0,0.5704935650063495,0.5839735985290735,0.5974536320517976,0
428,0.062382297551789145,0.0,0.0,0.0075987841945288626,0.15625,0.2857142857142857,0.0,0.6666666666666666,0.02414887389992404,0.0,0.01747309773678829,0.8492830943647882,0.8588775611674011,0.0,0.7553333333333333,0.5,0.5265185292731088,0.7383600747990302,0.9502016203249516,0
429,0.11064621106462114,0.0,0.0,0.0075987841945288626,0.15625,0.2857142857142857,0.0,0.6666666666666666,0.02414891945687725,0.0,0.011374660827203176,0.8436145381793931,0.8761010370277719,0.0,0.776,0.5,0.5788976887510838,0.7212499834558624,0.8636022781606411,0
430,0.9037028651300083,1.0,0.9992932862190813,0.8964851293935883,0.625,1.0,0.0,0.6666666666666666,0.9104766858989978,1.0,0.9081932403931348,1.0,0.9989847322131146,0.004666666666666667,1.0,1.0,0.9732978719262065,0.9856673328257349,0.9980367937252633,0
431,0.0,0.0,0.0,0.0075987841945288626,0.15625,0.2857142857142857,0.0,0.6666666666666666,0.024148888534381907,0.0,0.04364848175158398,0.8462820940313438,0.8423807320918016,0.0,0.8853333333333333,0.5,0.5977844148800525,0.6387486516080294,0.6797128883360064,0
432,0.42240967907808913,0.4,0.995053003533569,0.39669421487603307,0.375,0.5714285714285714,0.0,0.6666666666666666,0.3851653393074792,0.5,0.4715739393879367,0.9996665555185061,0.9976065365431269,0.0006666666666666666,0.9993333333333333,1.0,0.8145883329936835,0.8368437682542091,0.8590992035147347,0
433,0.11064621106462114,0.0,0.0,0.0075987841945288626,0.15625,0.2857142857142857,0.0,0.6666666666666666,0.02417002772082988,0.0,0.05939730029675616,0.9543181060353452,0.9374961089706771,0.0,0.8069999999999999,0.5,0.6353319112106577,0.7595816571011502,0.8838314029916426,0
434,0.11064621106462114,0.0,0.0,0.0075987841945288626,0.15625,0.2857142857142857,0.0,0.6666666666666666,0.02415004975924795,0.0,0.06480419960061701,0.895298432810937,0.8974302674989432,0.0,0.742,0.5,0.605011940454863,0.7907506360417291,0.9764893316285952,0
435,0.0,0.0,0.0,0.0075987841945288626,0.15625,0.2857142857142857,0.0,0.6666666666666666,0.024148873889628053,0.0,0.0815308924421746,0.7359119706568856,0.7508196034326746,0.0,0.904,0.0,0.5199435048558677,0.5792999026622903,0.6386563004687129,0
436,0.0,0.0,0.0,0.0075987841945288626,0.15625,0.2857142857142857,0.0,0.6666666666666666,0.0241488738896124,0.0,0.018298194850029814,0.6655551850616872,0.6947415534911299,0.0,0.8936666666666666,0.5,0.45753832552820844,0.5934640631892208,0.7293898008502332,0
437,0.062382297551789145,0.0,0.8671378091872791,0.0075987841945288626,0.1875,0.2857142857142857,0.0,0.6666666666666666,0.0243522859580092,0.0,0.1561091195647647,0.9759919973324441,0.9473518379385608,0.0,0.842,1.0,0.6759799755290884,0.7761026391438131,0.8762253027585378,0
438,0.11064621106462114,0.0,0.0,0.0075987841945288626,0.15625,0.2857142857142857,0.0,0.6666666666666666,0.02414889852813462,0.0,0.027940387591994464,0.8522840946982327,0.8719850051651833,0.0,0.8053333333333333,0.5,0.5801048327055415,0.6824549623637053,0.784805092021869,0
439,0.062382297551789145,0.0,0.0,0.0075987841945288626,0.15625,0.2857142857142857,0.0,0.6666666666666666,0.024177383774559802,0.0,0.0670001709922401,0.9499833277759253,0.9266459621796439,0.0,0.8473333333333333,0.5,0.6537675511277615,0.750778399289393,0.8477892474510246,0
440,0.062382297551789145,0.0,0.0,0.0075987841945288626,0.15625,0.2857142857142857,0.0,0.6666666666666666,0.024149999839662484,0.0,0.04589872868696765,0.8739579859953318,0.869860979280746,0.0,0.8593333333333333,0.5,0.6275898415073371,0.7102049126273295,0.7928199837473219,0
441,0.1373542855987826,0.0,0.8671378091872791,0.0075987841945288626,0.1875,0.2857142857142857,0.0,0.6666666666666666,0.02442426821628174,0.0,0.114052336445431,0.9816605535178393,0.9586803582503393,0.0,0.914,1.0,0.6671236389713963,0.8193407355851149,0.9715578321988335,0
442,0.6509179763363864,0.7,0.9978798586572438,0.8964851293935883,0.4375,1.0,0.0,0.6666666666666666,0.8375513934338822,1.0,0.5492243131034807,1.0,0.9983936950191576,0.0,1.0,1.0,0.8601430099042536,0.8766088792195368,0.8930747485348198,0
443,0.07131086898036054,0.0,0.9696113074204947,0.020408163265306145,0.125,0.42857142857142855,0.0,0.6666666666666666,0.024440058287713562,0.0,0.10892473589329421,0.9736578859619873,0.898802707716785,0.0,0.9296666666666666,1.0,0.6862564774798643,0.7414879678939714,0.7967194583080787,0
444,0.11064621106462114,0.0,0.0,0.0075987841945288626,0.15625,0.2857142857142857,0.0,0.6666666666666666,0.02415444883069673,0.0,0.12210930682328314,0.9066355451817273,0.8950111160766837,0.0,0.8443333333333334,0.5,0.6398233125472689,0.6895462395857611,0.7392691666242533,0
445,0.11064621106462114,0.0,0.0,0.0075987841945288626,0.15625,0.2857142857142857,0.0,0.6666666666666666,0.02415145641918548,0.0,0.06391371032644688,0.9009669889963321,0.9047818632356284,0.0,0.7966666666666666,0.5,0.6125868804037858,0.7563629891973418,0.9001390979908976,0
446,0.21274563318777295,0.0,0.976678445229682,0.07936507936507942,0.1875,0.7142857142857143,0.0,0.6666666666666666,0.024148908074451025,0.0,0.1929436919386801,0.9873291097032344,0.8322933007577241,0.0,0.9966666666666667,0.5,0.5304838571304537,0.723865439459622,0.9172470217887903,0
447,0.6177982074665986,0.9,0.9985865724381625,0.8964851293935883,0.46875,1.0,0.0,0.6666666666666666,0.8314094779284252,1.0,0.7112890804995875,1.0,0.9956897397422823,0.002,1.0,1.0,0.8161432530677583,0.8546022722783783,0.8930612914889983,0
448,0.36641005506375923,0.3,0.9964664310954063,0.19696969696969702,0.40625,0.42857142857142855,0.0,0.6666666666666666,0.06973695206445185,0.5,0.35118347816499074,0.9996665555185061,0.9927594649269164,0.0,0.9976666666666667,1.0,0.6711029039924862,0.8187873072754364,0.9664717105583867,0
449,0.0,0.0,0.0,0.0075987841945288626,0.15625,0.2857142857142857,0.0,0.6666666666666666,0.024148881809212486,0.0,0.03727454458371726,0.8382794264754918,0.8312098681005651,0.0,0.889,0.0,0.5971911757374664,0.6317459192614765,0.6663006627854867,0
450,0.4438472692656793,0.2,0.9943462897526502,0.39669421487603307,0.46875,0.5714285714285714,0.0,0.6666666666666666,0.22379558493918417,0.0,0.09737744341587107,0.9979993331110371,0.9868244695012346,0.0,0.998,1.0,0.793103646288718,0.8927116557950239,0.9923196653013296,0
451,0.062382297551789145,0.0,0.0,0.0075987841945288626,0.15625,0.2857142857142857,0.0,0.6666666666666666,0.024148891184897603,0.0,0.08288390133595303,0.8582860953651217,0.8671404751525439,0.0,0.8140000000000001,0.5,0.5792652612051281,0.7171397055362645,0.855014149867401,0
452,0.19518245185086192,0.0,0.8671378091872791,0.0075987841945288626,0.1875,0.2857142857142857,0.0,0.6666666666666666,0.024603739626458565,0.0,0.18399121865947565,0.9799933311103701,0.952524422746738,0.0,0.8593333333333333,1.0,0.6938328733515913,0.7307414309178463,0.7676499884841013,0
453,0.0,0.0,0.0,0.0075987841945288626,0.15625,0.2857142857142857,0.0,0.6666666666666666,0.0241488738896124,0.0,0.0644867642140392,0.7152384128042681,0.7310488275700344,0.0,0.8716666666666667,0.5,0.43424759099381494,0.6220191016913319,0.809790612388849,0
454,0.0,0.0,0.0,0.0075987841945288626,0.15625,0.2857142857142857,0.0,0.6666666666666666,0.0241488738896124,0.0,0.03257426604832803,0.6812270756918972,0.7292329096562133,0.0,0.859,0.5,0.44444682375174854,0.6427656376096248,0.8410844514675011,0
455,0.062382297551789145,0.0,0.0,0.0075987841945288626,0.15625,0.2857142857142857,0.0,0.6666666666666666,0.02414887388964193,0.0,0.02750975513877063,0.7062354118039347,0.7669307017536889,0.0,0.838,0.5,0.5082173018379794,0.6487719359682895,0.7893265700985995,0
456,0.8805738028294599,0.9,1.0,0.8964851293935883,0.9375,1.0,0.0,0.6666666666666666,0.9072697385383468,1.0,0.7313869208163238,1.0,0.9975223821434881,0.005333333333333333,1.0,1.0,0.9497376128835316,0.9736966113087362,0.9976556097339407,0
457,0.062382297551789145,0.0,0.0,0.0075987841945288626,0.15625,0.2857142857142857,0.0,0.6666666666666666,0.02414887503772911,0.0,0.025128732765976824,0.8302767589196398,0.8536319032101475,0.0,0.7993333333333333,0.5,0.5588931183684961,0.7118129517445929,0.8647327851206897,0
458,0.13630898943153524,0.0,0.9802120141342756,0.0075987841945288626,0.28125,0.2857142857142857,0.0,0.6666666666666666,0.03315333100131701,0.0,0.205934840715308,0.9933311103701233,0.9672342514275516,0.0,0.996,1.0,0.7300477432905044,0.8472040882998628,0.9643604333092213,0
459,0.22954730996572004,0.1,0.9816254416961131,0.10169491525423724,0.21875,0.5714285714285714,0.0,0.6666666666666666,0.029899735798876725,0.0,0.3103293204298241,0.9983327775925308,0.9812928186872718,0.0,0.8936666666666666,1.0,0.7120980046022103,0.7455389613774387,0.7789799181526671,0
460,0.0,0.0,0.0,0.0075987841945288626,0.15625,0.2857142857142857,0.0,0.6666666666666666,0.024148873903096058,0.0,0.05925947183016789,0.7635878626208736,0.824390065020198,0.0,0.774,0.5,0.5291729485458996,0.6740786270296868,0.818984305513474,0
461,0.0,0.0,0.0,0.0075987841945288626,0.15625,0.2857142857142857,0.0,0.6666666666666666,0.024148873889612843,0.0,0.021693197056359526,0.7592530843614538,0.7897302831975141,0.0,0.8156666666666667,0.5,0.4845683685222781,0.6859691623667722,0.8873699562112664,0
462,0.7367959872143972,0.9,1.0,0.8964851293935883,0.6875,1.0,0.0,0.6666666666666666,0.9006840892549861,1.0,0.5984047338269048,1.0,0.99816480547534,0.0023333333333333335,1.0,1.0,0.9076748763427979,0.9233861956172692,0.9390975148917405,0
463,0.19059750976591983,0.0,0.9469964664310954,0.0075987841945288626,0.15625,0.2857142857142857,0.0,0.6666666666666666,0.0310490699133511,0.0,0.1024796539311541,0.9946648882960987,0.9724793372274463,0.0,0.9563333333333334,1.0,0.7511253442558258,0.7560217238206521,0.7609181033854785,0
464,0.11064621106462114,0.0,0.0,0.0075987841945288626,0.15625,0.2857142857142857,0.0,0.6666666666666666,0.024149181771784267,0.0,0.03220903061412528,0.865621873957986,0.8865844270034418,0.0,0.7763333333333333,0.5,0.5960821293180756,0.71583839361807,0.8355946579180644,0
465,0.0,0.0,0.0,0.0075987841945288626,0.15625,0.2857142857142857,0.0,0.6666666666666666,0.0241488738896124,0.0,0.017186298814981016,0.6985661887295765,0.7389533469971136,0.0,0.8573333333333333,0.5,0.4598906218104454,0.6451227077016537,0.8303547935928619,0
466,0.7175400797231957,0.8,0.9985865724381625,0.8964851293935883,0.65625,1.0,0.0,0.6666666666666666,0.8998599355263073,1.0,0.7334287638401271,1.0,0.9984117824656511,0.001,1.0,1.0,0.9342931187354121,0.939227197602668,0.9441612764699239,0
467,0.11064621106462114,0.0,0.9469964664310954,0.0075987841945288626,0.15625,0.2857142857142857,0.0,0.6666666666666666,0.02428847703118786,0.0,0.15221597379367913,0.9643214404801601,0.9183253690070218,0.0,0.9216666666666666,0.5,0.6570835513401496,0.6968539939410767,0.7366244365420037,0
468,0.062382297551789145,0.0,0.0,0.0075987841945288626,0.15625,0.2857142857142857,0.0,0.6666666666666666,0.024148873900797452,0.0,0.017715916260273468,0.7492497499166388,0.8042518523327322,0.0,0.8276666666666667,0.5,0.535747168777881,0.6740715122383851,0.8123958556988894,0
469,0.0,0.0,0.0,0.0075987841945288626,0.15625,0.2857142857142857,0.0,0.6666666666666666,0.024148873951108096,0.0,0.03934584981859901,0.7579193064354786,0.8266302692130152,0.0,0.7486666666666666,0.5,0.5364741510874583,0.688307196200199,0.8401402413129396,0
470,0.0,0.0,0.0,0.0075987841945288626,0.15625,0.2857142857142857,0.0,0.6666666666666666,0.024148873892576694,0.0,0.0246609709179606,0.7499166388796266,0.8148265152790961,0.0,0.7603333333333333,0.5,0.518916660017234,0.707385195061377,0.89585373010552,0
471,0.062382297551789145,0.0,0.0,0.0075987841945288626,0.15625,0.2857142857142857,0.0,0.6666666666666666,0.024148873889695333,0.0,0.027167612340467384,0.7349116372124042,0.7363188480544315,0.0,0.9096666666666666,0.5,0.535256581527641,0.6033720550230037,0.6714875285183666,0
472,0.11064621106462114,0.0,0.0,0.0075987841945288626,0.15625,0.2857142857142857,0.0,0.6666666666666666,0.024152408371412637,0.0,0.03029977190918265,0.9183061020340113,0.883505630741422,0.0,0.891,0.5,0.6584135122711428,0.6674205181044577,0.6764275239377725,0
473,0.2719621294845622,0.1,0.9879858657243816,0.0075987841945288626,0.28125,0.2857142857142857,0.0,0.6666666666666666,0.04009315039813688,0.5,0.7018929640456189,1.0,0.9956190780189516,0.0003333333333333333,0.998,1.0,0.7587701158743255,0.8185735598435009,0.8783770038126761,0
474,0.0,0.0,0.0,0.0075987841945288626,0.15625,0.2857142857142857,0.0,0.6666666666666666,0.024148873889619504,0.0,0.02946342715091743,0.7012337445815271,0.7655073408041119,0.0,0.858,0.5,0.501651681753762,0.6097847130603092,0.7179177443668565,0
475,0.13630898943153524,0.0,0.9802120141342756,0.0075987841945288626,0.28125,0.2857142857142857,0.0,0.6666666666666666,0.033082082346902575,0.0,0.18343297513401047,0.9916638879626543,0.9636570351496838,0.0,0.9936666666666667,1.0,0.7280877105156285,0.8559707844617799,0.9838538584079312,0
476,0.062382297551789145,0.0,0.0,0.0075987841945288626,0.15625,0.2857142857142857,0.0,0.6666666666666666,0.024149121315506394,0.0,0.07840530153345293,0.8629543181060353,0.8704703446220907,0.0,0.85,0.5,0.6066410789527704,0.713447456284811,0.8202538336168516,0
477,0.6995290874474975,0.8,0.9992932862190813,0.8964851293935883,0.53125,1.0,0.0,0.6666666666666666,0.8954667740035811,1.0,0.7560057249346418,1.0,0.9981652491865189,0.0026666666666666666,1.0,1.0,0.8472820824561318,0.9042585892523962,0.9612350960486606,0
478,0.062382297551789145,0.0,0.0,0.0075987841945288626,0.15625,0.2857142857142857,0.0,0.6666666666666666,0.024148873898797607,0.0,0.03907475139294614,0.847949316438813,0.8577379193029703,0.0,0.7753333333333333,0.5,0.5262408747548646,0.7330383881159869,0.9398359014771092,0
479,0.062382297551789145,0.0,0.0,0.0075987841945288626,0.15625,0.2857142857142857,0.0,0.6666666666666666,0.024148954232548925,0.0,0.003351390363207085,0.8322774258086029,0.845226840330285,0.0,0.8623333333333334,0.5,0.6044840372133119,0.6918087070901804,0.7791333769670489,0
480,0.062382297551789145,0.0,0.0,0.0075987841945288626,0.15625,0.2857142857142857,0.0,0.6666666666666666,0.024281654336684277,0.0,0.24146471416429405,0.9906635545181727,0.9732492728765377,0.0,0.8513333333333333,0.5,0.6653565077905937,0.7853162061201197,0.9052759044496456,0
481,0.22954730996572004,0.0,0.9469964664310954,0.0075987841945288626,0.15625,0.2857142857142857,0.0,0.6666666666666666,0.025296485048324158,0.0,0.05122047543652941,0.9876625541847283,0.9606447217595865,0.0,0.9,1.0,0.6867389780764175,0.7224590294887412,0.7581790809010649,0
482,0.8827907304989521,0.9,1.0,0.8964851293935883,0.4375,1.0,0.0,0.6666666666666666,0.9226776206843545,0.6666666666666666,0.6847863085688498,1.0,0.9990380409643603,0.005333333333333333,0.9996666666666667,1.0,0.8991864299113934,0.9344651510762694,0.9697438722411454,0
483,0.19518245185086192,0.2,0.9469964664310954,0.0075987841945288626,0.15625,0.2857142857142857,0.0,0.6666666666666666,0.02931820037537325,0.0,0.27509422955695784,0.9986662220740247,0.986697299220866,0.0,0.9943333333333333,1.0,0.7301937841224697,0.7652746237971781,0.8003554634718865,0
484,0.11064621106462114,0.0,0.0,0.0075987841945288626,0.15625,0.2857142857142857,0.0,0.6666666666666666,0.024151320832535017,0.0,0.08902389203932892,0.8916305435145049,0.8920474029049286,0.0,0.8316666666666667,0.5,0.6261738373563964,0.6918732050129711,0.7575725726695458,0
485,0.1373542855987826,0.0,0.0,0.0075987841945288626,0.15625,0.2857142857142857,0.0,0.6666666666666666,0.024374539622112446,0.0,0.1971671390693447,0.9879959986662221,0.9636081219073788,0.0,0.9113333333333333,0.5,0.6639421557810931,0.8039820597247617,0.9440219636684303,0
486,0.0,0.0,0.9674911660777386,0.19696969696969702,0.125,0.42857142857142855,0.0,0.6666666666666666,0.024196865956644387,0.0,0.09216787281950822,0.9896632210736912,0.8989669159496192,0.0,0.9786666666666667,0.5,0.5742009289369341,0.7466601472669492,0.9191193655969643,0
487,0.062382297551789145,0.0,0.0,0.0075987841945288626,0.15625,0.2857142857142857,0.0,0.6666666666666666,0.02414887388961251,0.0,0.06083717264817623,0.7829276425475158,0.7975145912768716,0.0,0.8156666666666667,0.5,0.47677251743366983,0.7185316986367819,0.960290879839894,0
488,0.21274563318777295,0.1,0.9915194346289753,0.07936507936507942,0.25,0.7142857142857143,0.0,0.6666666666666666,0.024182419379279008,0.0,0.25246129682981533,0.9983327775925308,0.9321146588030202,0.0,0.9956666666666667,0.5,0.5834969086858875,0.7150726614431226,0.8466484142003576,0
489,0.11064621106462114,0.0,0.0,0.0075987841945288626,0.15625,0.2857142857142857,0.0,0.6666666666666666,0.024151607119794583,0.0,0.06827758405556372,0.9156385461820606,0.9117120839402498,0.0,0.7986666666666666,0.5,0.6133814152776549,0.752419217410814,0.8914570195439732,0
490,0.11064621106462114,0.0,0.0,0.0075987841945288626,0.15625,0.2857142857142857,0.0,0.6666666666666666,0.02414889284484456,0.0,0.05129837859383357,0.8226075358452818,0.8531959694989293,0.0,0.8293333333333334,0.5,0.5840091104644718,0.6637918136387146,0.7435745168129575,0
491,0.1373542855987826,0.0,0.0,0.0075987841945288626,0.15625,0.2857142857142857,0.0,0.6666666666666666,0.02423973710188687,0.0,0.030447948927633917,0.9679893297765922,0.9469660201424327,0.0,0.8726666666666667,0.5,0.6518003549401733,0.7934234044486537,0.9350464539571339,0
492,0.13553057739209573,0.0,0.9837455830388693,0.0075987841945288626,0.40625,0.2857142857142857,0.0,0.6666666666666666,0.03306928611552229,0.0,0.1698966290085382,0.9953317772590864,0.9764860632348132,0.0,0.996,1.0,0.7263474820915302,0.8097499396965671,0.8931523973016038,0
493,0.062382297551789145,0.0,0.0,0.0075987841945288626,0.15625,0.2857142857142857,0.0,0.6666666666666666,0.02415878003978189,0.0,0.03445830227695801,0.9196398799599866,0.900360294250977,0.0,0.8563333333333334,0.5,0.6472401840622105,0.7315133406676928,0.8157864972731752,0
494,0.39115967907808913,0.6,0.9978798586572438,0.39669421487603307,0.21875,0.5714285714285714,0.0,0.6666666666666666,0.3867130181887164,1.0,0.6116382283238354,1.0,0.9954638168143907,0.0003333333333333333,1.0,1.0,0.8168589498758926,0.8338228637290626,0.8507867775822324,0
495,0.1373542855987826,0.0,0.0,0.0075987841945288626,0.15625,0.2857142857142857,0.0,0.6666666666666666,0.024259748674299253,0.0,0.13773050471586024,0.9589863287762588,0.9389899640392075,0.0,0.8676666666666667,0.5,0.654538739900328,0.7862266895313584,0.9179146391623889,0
496,0.062382297551789145,0.0,0.0,0.0075987841945288626,0.15625,0.2857142857142857,0.0,0.6666666666666666,0.024149965943723872,0.0,0.02134347662081515,0.9133044348116038,0.9020287472309707,0.0,0.841,0.5,0.6147380813882579,0.7378065056213738,0.8608749298544897,0
497,0.0,0.0,0.0,0.0075987841945288626,0.15625,0.2857142857142857,0.0,0.6666666666666666,0.02414887388962428,0.0,0.034823321851045974,0.7039013004334778,0.7805453759150756,0.0,0.7906666666666666,0.5,0.4938853369813648,0.7063678998401017,0.9188504626988387,0
498,0.3766345220766618,0.2,0.9915194346289753,0.07936507936507942,0.25,0.7142857142857143,0.0,0.6666666666666666,0.03179863128552962,0.5,0.5450151136930881,1.0,0.9821777772396728,0.0,0.996,0.5,0.6477631516063531,0.7893016720058874,0.9308401924054218,0
499,0.11064621106462114,0.0,0.0,0.0075987841945288626,0.15625,0.2857142857142857,0.0,0.6666666666666666,0.024154330465322116,0.0,0.04454387875531207,0.9133044348116038,0.9108734353968383,0.0,0.8016666666666666,0.5,0.6200545826068521,0.7607100656271051,0.9013655486473581,0
500,0.0,0.0,0.9469964664310954,0.0075987841945288626,0.15625,0.2857142857142857,0.0,0.6666666666666666,0.024148952271316082,0.0,0.08170428031866761,0.9299766588862954,0.8094281954956764,0.0,0.9666666666666667,0.5,0.5612422590934935,0.6403691995948169,0.7194961400961402,0
501,0.11064621106462114,0.0,0.0,0.0075987841945288626,0.15625,0.2857142857142857,0.0,0.6666666666666666,0.02414921509753376,0.0,0.04305617057218747,0.8806268756252084,0.8947672407679051,0.0,0.767,0.5,0.5950601710205874,0.7321351936040938,0.8692102161876004,0
502,0.7106463300518844,0.6,0.995053003533569,0.7424749163879598,0.34375,1.0,0.0,0.6666666666666666,0.7339562347524246,0.6666666666666666,0.5464111813898216,1.0,0.995261390293121,0.0003333333333333333,0.9996666666666667,1.0,0.7608254707517492,0.7946698130419234,0.8285141553320976,0
503,0.5863668913893241,0.8,1.0,0.8964851293935883,0.59375,1.0,0.0,0.6666666666666666,0.8048203621286734,1.0,0.8399274016041623,1.0,0.9979659703605586,0.0006666666666666666,1.0,1.0,0.8858875742501376,0.9071622709702312,0.9284369676903246,0
504,0.062382297551789145,0.0,0.0,0.0075987841945288626,0.15625,0.2857142857142857,0.0,0.6666666666666666,0.024148875195739272,0.0,0.028922362176673322,0.784594864954985,0.7924939229493901,0.0,0.8883333333333333,0.5,0.586824863422317,0.6505363231160683,0.7142477828098197,0
505,0.0,0.0,0.0,0.0075987841945288626,0.15625,0.2857142857142857,0.0,0.6666666666666666,0.024148874865261294,0.0,0.03433173873890338,0.8176058686228743,0.8286198283408726,0.0,0.866,0.5,0.5740483834480742,0.6299255694653676,0.6858027554826611,0
506,0.380976502040242,0.5,0.9964664310954063,0.14084507042253525,0.1875,0.2857142857142857,0.0,0.6666666666666666,0.3420661311710187,0.0,0.05820610678426219,0.9986662220740247,0.9770275346395483,0.0,0.9986666666666667,1.0,0.7781528008025618,0.819293474084473,0.8604341473663841,0
507,0.0,0.0,0.0,0.0075987841945288626,0.15625,0.2857142857142857,0.0,0.6666666666666666,0.0241488738896124,0.0,0.018078020710636356,0.711237079026342,0.7617665855441026,0.0,0.8313333333333334,0.5,0.46601430803773697,0.6775956071112236,0.8891769061847101,0
508,0.0,0.0,0.0,0.0075987841945288626,0.15625,0.2857142857142857,0.0,0.6666666666666666,0.02414887619001771,0.0,0.03569889799428361,0.8256085361787262,0.8226620426770944,0.0,0.893,0.0,0.5872543154494857,0.6260680267777885,0.6648817381060913,0
509,0.3759531803575843,0.2,0.9943462897526502,0.19696969696969702,0.1875,0.42857142857142855,0.0,0.6666666666666666,0.038436893026779995,0.0,0.23041073195514872,0.9973324441480493,0.9597991893362544,0.0,0.9946666666666667,1.0,0.711762585904964,0.7137301502623147,0.7156977146196654,0
510,0.3585920152604254,0.3,1.0,0.0075987841945288626,0.46875,0.2857142857142857,0.0,0.6666666666666666,0.06790110832260066,1.0,0.6000552286767741,1.0,0.9950207657400144,0.0003333333333333333,1.0,1.0,0.7691039920638878,0.7979268787843268,0.8267497655047659,0
511,0.2575310073028656,0.1,0.9901060070671378,0.0075987841945288626,0.46875,0.2857142857142857,0.0,0.6666666666666666,0.0348082042483151,0.3333333333333333,0.5188394339961004,1.0,0.9934284316813318,0.0003333333333333333,0.9993333333333333,1.0,0.7374252304855287,0.785217797085358,0.8330103636851873,0
512,0.062382297551789145,0.0,0.0,0.0075987841945288626,0.15625,0.2857142857142857,0.0,0.6666666666666666,0.024148874118448682,0.0,0.03767798858196003,0.7652550850283428,0.7883724673954886,0.0,0.8816666666666667,0.5,0.5695393373120828,0.6486799442010966,0.7278205510901103,0
513,0.062382297551789145,0.0,0.8671378091872791,0.0075987841945288626,0.1875,0.2857142857142857,0.0,0.6666666666666666,0.02414901167789374,0.0,0.007376997865790602,0.9043014338112705,0.8181163286868774,0.0,0.9313333333333333,0.5,0.6433587105524075,0.6610933001229466,0.678827889693486,0
514,0.47206706480104865,0.6,0.9978798586572438,0.5964912280701755,0.34375,0.8571428571428571,0.0,0.6666666666666666,0.5856484546789025,0.5,0.684327090829085,1.0,0.9988464020121517,0.0006666666666666666,0.9996666666666667,1.0,0.8259877396365656,0.8373113639197718,0.8486349882029781,0
515,0.11064621106462114,0.0,0.0,0.0075987841945288626,0.15625,0.2857142857142857,0.0,0.6666666666666666,0.024151541251106856,0.0,0.07196206786128256,0.9063021007002334,0.9084846482991604,0.0,0.7643333333333333,0.5,0.6143840816085319,0.7383449568818171,0.8623058321551024,0
516,0.0,0.0,0.0,0.0075987841945288626,0.15625,0.2857142857142857,0.0,0.6666666666666666,0.024148873889721867,0.0,0.022079338880723443,0.7675891963987996,0.8123659043347119,0.0,0.793,0.5,0.5064336123286403,0.6546928780453796,0.8029521437621189,0
517,0.062382297551789145,0.0,0.0,0.0075987841945288626,0.15625,0.2857142857142857,0.0,0.6666666666666666,0.024148873889617062,0.0,0.04830815631878449,0.7475825275091696,0.7932082347451064,0.0,0.8003333333333333,0.5,0.4905304108526423,0.7429335707345911,0.9953367306165398,0
518,0.0,0.0,0.0,0.0075987841945288626,0.15625,0.2857142857142857,0.0,0.6666666666666666,0.0241488738896124,0.0,0.07300880252981545,0.6825608536178727,0.6637286372797926,0.0,0.9243333333333333,0.5,0.3868671414827732,0.6127519525023757,0.8386367635219782,0
519,0.13630898943153524,0.1,0.9802120141342756,0.0075987841945288626,0.28125,0.2857142857142857,0.0,0.6666666666666666,0.035414540984046505,0.0,0.13540264715603312,0.9976658886295432,0.9811870680694808,0.0,0.9953333333333333,1.0,0.7309288227891894,0.8605908531396569,0.9902528834901245,0
520,0.39185191338100966,0.0,0.976678445229682,0.07936507936507942,0.1875,0.7142857142857143,0.0,0.6666666666666666,0.03375788188272544,0.0,0.3175105883559989,0.9963321107035679,0.9516170189209668,0.0,0.9946666666666667,0.5,0.6660190958372433,0.7767164261577095,0.8874137564781757,0
521,0.11064621106462114,0.0,0.0,0.0075987841945288626,0.15625,0.2857142857142857,0.0,0.6666666666666666,0.024149497607423465,0.0,0.06906399938127661,0.8859619873291097,0.8924963827221606,0.0,0.742,0.5,0.599314266034225,0.7895066954146427,0.9796991247950604,0
522,0.5663377957421997,0.6,0.9674911660777386,0.19696969696969702,0.125,0.42857142857142855,0.0,0.6666666666666666,0.043131508630892434,0.5,0.6261368895447631,1.0,0.9853929011744275,0.0003333333333333333,0.995,0.5,0.6594117836056713,0.7389966306526696,0.8185814776996678,0
523,0.062382297551789145,0.0,0.0,0.0075987841945288626,0.15625,0.2857142857142857,0.0,0.6666666666666666,0.02414887908103125,0.0,0.035493736343856,0.8066022007335778,0.8257081599794557,0.0,0.8646666666666667,0.5,0.5830678938215634,0.6766220187677425,0.7701761437139217,0
524,0.0,0.0,0.0,0.0075987841945288626,0.15625,0.2857142857142857,0.0,0.6666666666666666,0.0241488738896124,0.0,0.02697432915265552,0.6902300766922307,0.7436309930460927,0.0,0.8506666666666667,0.5,0.4633776590034627,0.610031446585497,0.7566852341675313,0
525,0.7461042137101237,1.0,1.0,0.8964851293935883,0.75,1.0,0.0,0.6666666666666666,0.9145755339155518,1.0,0.7566063899032733,1.0,0.9975680395666588,0.002,1.0,1.0,0.8811562342871974,0.9385228821594078,0.9958895300316182,0
526,0.5214874632531324,0.7,0.9957597173144876,0.07936507936507942,0.28125,0.7142857142857143,0.0,0.6666666666666666,0.1513861420206124,0.5,0.49745713348981857,0.9996665555185061,0.986354360919279,0.0003333333333333333,0.9996666666666667,1.0,0.7086070495304015,0.760879585338597,0.8131521211467926,0
527,0.062382297551789145,0.0,0.0,0.0075987841945288626,0.15625,0.2857142857142857,0.0,0.6666666666666666,0.024148873891400968,0.0,0.05029307376068681,0.7299099699899967,0.7504623352990065,0.0,0.8966666666666667,0.5,0.5459639886239499,0.6211813781571348,0.6963987676903197,0
528,0.062382297551789145,0.0,0.0,0.0075987841945288626,0.15625,0.2857142857142857,0.0,0.6666666666666666,0.024148947789442987,0.0,0.045427254182890286,0.8396132044014671,0.8114060798013394,0.0,0.8973333333333333,0.5,0.6329433892863398,0.664239549705447,0.6955357101245541,0
529,0.11064621106462114,0.0,0.0,0.0075987841945288626,0.15625,0.2857142857142857,0.0,0.6666666666666666,0.024150854495866736,0.0,0.09031478020525618,0.9329776592197399,0.9177670901198441,0.0,0.7443333333333333,0.5,0.6105688940986009,0.8033700775551945,0.9961712610117881,0
530,0.13630898943153524,0.0,0.9802120141342756,0.0075987841945288626,0.28125,0.2857142857142857,0.0,0.6666666666666666,0.03163015053120899,0.0,0.1261659604328642,0.9939979993331111,0.9680367683794517,0.0,0.993,1.0,0.7236625899751506,0.8605754473256324,0.9974883046761142,0
531,0.13553057739209573,0.1,0.9837455830388693,0.0075987841945288626,0.40625,0.2857142857142857,0.0,0.6666666666666666,0.0464097411247385,0.0,0.0639541218798334,0.9979993331110371,0.9811741701898499,0.0,0.9963333333333333,1.0,0.7433862824901145,0.8280466529419445,0.9127070233937744,0
532,0.5938472692656793,0.7,0.9978798586572438,0.5964912280701755,0.5,0.8571428571428571,0.0,0.6666666666666666,0.7342953308327126,0.0,0.49290386909152906,0.9996665555185061,0.9954086114974372,0.0,1.0,1.0,0.8574263743837212,0.9169449897563187,0.9764636051289163,0
533,0.11064621106462114,0.0,0.8671378091872791,0.0075987841945288626,0.1875,0.2857142857142857,0.0,0.6666666666666666,0.024162727853093258,0.0,0.07093936655328992,0.9366455485161721,0.8927976192931121,0.0,0.8963333333333333,1.0,0.6682488523456118,0.6757553797914524,0.683261907237293,0
534,0.19059750976591983,0.0,0.9469964664310954,0.0075987841945288626,0.15625,0.2857142857142857,0.0,0.6666666666666666,0.028616754695161117,0.0,0.14174067868455298,0.9876625541847283,0.9624323356442802,0.0,0.9476666666666667,1.0,0.7399643839766621,0.751764742261299,0.7635651005459357,0
535,0.39185191338100966,0.0,0.976678445229682,0.07936507936507942,0.1875,0.7142857142857143,0.0,0.6666666666666666,0.08457418518721704,0.0,0.11961817263103403,0.9953317772590864,0.9566963580748017,0.0,0.995,1.0,0.6929652273001347,0.8045989394355568,0.916232651570979,0
536,0.0,0.0,0.0,0.0075987841945288626,0.15625,0.2857142857142857,0.0,0.6666666666666666,0.0241488738896124,0.0,0.09303188037134424,0.6925641880626876,0.6500707287467161,0.0,0.9493333333333334,0.0,0.46677902258977916,0.5353107369571275,0.6038424513244759,0
537,0.0,0.0,0.0,0.0075987841945288626,0.15625,0.2857142857142857,0.0,0.6666666666666666,0.0241488738896124,0.0,0.027722114596591574,0.6945648549516505,0.7489538763927723,0.0,0.8476666666666667,0.5,0.46642194891008687,0.6136774889897163,0.7609330290693458,0
538,0.062382297551789145,0.0,0.0,0.0075987841945288626,0.15625,0.2857142857142857,0.0,0.6666666666666666,0.024148873889629052,0.0,0.00974169683195425,0.7009003001000333,0.7614334563538787,0.0,0.8476666666666667,0.5,0.5066374345106937,0.6433789936352408,0.780120552759788,0
539,0.15217391304347827,0.1,0.976678445229682,0.07936507936507942,0.1875,0.7142857142857143,0.0,0.6666666666666666,0.053579753837006194,0.0,0.21579175538516848,0.9979993331110371,0.9757068733244431,0.0,0.995,1.0,0.7059466242418606,0.7681097067604299,0.8302727892789993,0
540,0.11064621106462114,0.0,0.0,0.0075987841945288626,0.15625,0.2857142857142857,0.0,0.6666666666666666,0.024148913947969808,0.0,0.0917440610414334,0.8619539846615538,0.8797589385165764,0.0,0.7243333333333333,0.5,0.5770694369481305,0.7861925885568941,0.9953157401656578,0
541,0.11064621106462114,0.0,0.0,0.0075987841945288626,0.15625,0.2857142857142857,0.0,0.6666666666666666,0.024164857326918865,0.0,0.06552180783091821,0.9443147715905302,0.9287329815079254,0.0,0.86,0.5,0.6312817091816527,0.798268864595725,0.9652560200097974,0
542,0.0,0.0,0.0,0.0075987841945288626,0.15625,0.2857142857142857,0.0,0.6666666666666666,0.0241488738896124,0.0,0.029505884115796577,0.6902300766922307,0.74790022644874,0.0,0.8446666666666667,0.5,0.4598679083315879,0.655918860900583,0.8519698134695781,0
543,0.13553057739209573,0.1,0.9936395759717315,0.0075987841945288626,0.4375,0.2857142857142857,0.0,0.6666666666666666,0.035843289704294956,0.0,0.1385610749108912,0.9979993331110371,0.9841494240232684,0.0,0.9973333333333333,1.0,0.730282541858687,0.8407701022998566,0.9512576627410262,0
544,0.0,0.0,0.0,0.0075987841945288626,0.15625,0.2857142857142857,0.0,0.6666666666666666,0.02414893120494621,0.0,0.05193587859702087,0.8726242080693565,0.8278506453121757,0.0,0.9096666666666666,0.0,0.6323586128139534,0.6329587021156626,0.6335587914173719,0
545,0.062382297551789145,0.0,0.0,0.0075987841945288626,0.15625,0.2857142857142857,0.0,0.6666666666666666,0.024148873889613176,0.0,0.04480787874682601,0.7522507502500834,0.7908224395338346,0.0,0.8069999999999999,0.5,0.4837219184684298,0.7348246216259477,0.9859273247834657,0
546,0.11064621106462114,0.0,0.0,0.0075987841945288626,0.15625,0.2857142857142857,0.0,0.6666666666666666,0.024148990870236142,0.0,0.043060825338440245,0.8942980993664555,0.8943353257492764,0.0,0.7403333333333333,0.5,0.5856938487674853,0.7900498858904076,0.9944059230133299,0
547,0.27003100730286567,0.1,0.9957597173144876,0.0075987841945288626,0.5,0.2857142857142857,0.0,0.6666666666666666,0.032181877997229824,0.0,0.3836878895908551,0.9993331110370124,0.9898467847764173,0.0,0.999,1.0,0.7271319816258461,0.7946696275730274,0.8622072735202088,0
548,0.1373542855987826,0.0,0.8671378091872791,0.0075987841945288626,0.1875,0.2857142857142857,0.0,0.6666666666666666,0.02440850306309883,0.0,0.04718860717783058,0.9853284428142715,0.9632998230904309,0.0,0.9143333333333333,1.0,0.6669049963052995,0.8295203185028291,0.9921356407003588,0
549,0.062382297551789145,0.0,0.0,0.0075987841945288626,0.15625,0.2857142857142857,0.0,0.6666666666666666,0.02414887388990028,0.0,0.02413952611565162,0.8249416472157386,0.83842932560089,0.0,0.7826666666666666,0.5,0.5089021187351325,0.7305690576568847,0.952235996578637,0
550,0.062382297551789145,0.0,0.9519434628975265,0.0075987841945288626,0.1875,0.2857142857142857,0.0,0.6666666666666666,0.024150429816435115,0.0,0.06011775785085538,0.9349783261087029,0.8430130593767995,0.0,0.9339999999999999,0.5,0.6487865912114398,0.6819085887945937,0.7150305863777477,0
551,0.5038377957421997,0.3,0.9964664310954063,0.19696969696969702,0.40625,0.42857142857142855,0.0,0.6666666666666666,0.1959794984325124,0.0,0.23568159775713748,0.9993331110370124,0.986865754573018,0.0,0.999,1.0,0.6874175432753373,0.7961329494470804,0.9048483556188233,0
552,0.11064621106462114,0.0,0.0,0.0075987841945288626,0.15625,0.2857142857142857,0.0,0.6666666666666666,0.02415417897961114,0.0,0.04648912128435567,0.9229743247749249,0.9151292665179822,0.0,0.8006666666666666,0.5,0.6199309673143252,0.7575777477489516,0.895224528183578,0
553,0.8342334031591494,0.9,0.9985865724381625,0.4782608695652174,0.28125,0.7142857142857143,0.0,0.6666666666666666,0.7487409755269552,1.0,0.8347605510029993,1.0,0.9977880480144599,0.002,1.0,1.0,0.7559662046911003,0.8139272626490137,0.871888320606927,0
554,0.09631086898036045,0.3,0.9929328621908127,0.14084507042253525,0.1875,0.2857142857142857,0.0,0.6666666666666666,0.08959746096396182,0.0,0.32393083972499126,0.9989996665555185,0.9895263347209154,0.0,0.999,1.0,0.7780797002647837,0.8257795808504924,0.873479461436201,0
555,0.32029546281789556,0.4,0.9929328621908127,0.14084507042253525,0.1875,0.2857142857142857,0.0,0.6666666666666666,0.07691727075629029,0.0,0.2859563395499376,0.9993331110370124,0.9883568091917578,0.0,0.9996666666666667,1.0,0.7929528949260728,0.8187222771245573,0.8444916593230417,0
556,0.11064621106462114,0.0,0.0,0.0075987841945288626,0.15625,0.2857142857142857,0.0,0.6666666666666666,0.024149766853346688,0.0,0.07367031170123406,0.8906302100700233,0.8978845398275889,0.0,0.7976666666666666,0.5,0.6026584139372921,0.7496675888923745,0.896676763847457,0
557,0.13756436963239604,0.0,0.8671378091872791,0.0075987841945288626,0.1875,0.2857142857142857,0.0,0.6666666666666666,0.024644058635558852,0.0,0.19523184998820364,0.9933311103701233,0.9763422622169148,0.0,0.9876666666666667,1.0,0.6818850197303085,0.8061058953044932,0.9303267708786779,0
558,0.3266345220766619,0.0,0.976678445229682,0.07936507936507942,0.1875,0.7142857142857143,0.0,0.6666666666666666,0.028159132560656497,0.0,0.1946759843518665,0.9926642214071357,0.9255269128277556,0.0,0.9953333333333333,0.5,0.6421427254316519,0.7997810824815841,0.9574194395315162,0
559,0.07131086898036054,0.0,0.9696113074204947,0.020408163265306145,0.125,0.42857142857142855,0.0,0.6666666666666666,0.024226084814258253,0.0,0.10773979725887017,0.9653217739246416,0.8832496801773521,0.0,0.9316666666666666,1.0,0.6734654955460055,0.7241572591569361,0.7748490227678665,0
560,0.09631086898036045,0.2,0.9957597173144876,0.14084507042253525,0.21875,0.2857142857142857,0.0,0.6666666666666666,0.07704555018031589,0.0,0.2759078502131511,0.9989996665555185,0.9868102801053307,0.0,0.999,1.0,0.7760124040921723,0.8215191370283798,0.8670258699645872,0
561,0.15217391304347827,0.0,0.976678445229682,0.07936507936507942,0.1875,0.7142857142857143,0.0,0.6666666666666666,0.024239706832603458,0.0,0.29389584366255583,0.9946648882960987,0.9120147447978944,0.0,0.995,0.5,0.6067138716798767,0.7233654491536939,0.8400170266275112,0
562,0.11064621106462114,0.0,0.0,0.0075987841945288626,0.15625,0.2857142857142857,0.0,0.6666666666666666,0.024167056030831913,0.0,0.056067067831981454,0.9496498832944315,0.9335270340287602,0.0,0.8053333333333333,0.5,0.6334814026933333,0.7602348399899118,0.8869882772864903,0
563,0.17518497342947048,0.1,0.9519434628975265,0.0075987841945288626,0.1875,0.2857142857142857,0.0,0.6666666666666666,0.028243480129715115,0.0,0.39849066180553583,0.9996665555185061,0.9914221860427573,0.0,0.9966666666666667,1.0,0.7122103104704565,0.798009802275117,0.8838092940797774,0
564,0.11064621106462114,0.0,0.0,0.0075987841945288626,0.15625,0.2857142857142857,0.0,0.6666666666666666,0.02415062775303012,0.0,0.06120867894195714,0.8846282094031344,0.8946185594902539,0.0,0.8,0.5,0.6085876471667399,0.7614796789720202,0.9143717107773006,0
565,0.7231222920480384,0.8,0.9978798586572438,0.4782608695652174,0.25,0.7142857142857143,0.0,0.6666666666666666,0.7555763803716612,1.0,0.5404826522051581,1.0,0.9927197074455515,0.002,1.0,1.0,0.7526793924381484,0.8271616753870648,0.9016439583359812,0
566,0.0,0.0,0.0,0.0075987841945288626,0.15625,0.2857142857142857,0.0,0.6666666666666666,0.0241488738896124,0.0,0.040112164310468046,0.6992330776925642,0.6882084446232493,0.0,0.8953333333333333,0.5,0.40992120382171965,0.6859952670233713,0.9620693302250231,0
567,0.11064621106462114,0.0,0.0,0.0075987841945288626,0.15625,0.2857142857142857,0.0,0.6666666666666666,0.02416036227439633,0.0,0.031616694747727325,0.9159719906635545,0.9115707702392004,0.0,0.7803333333333333,0.5,0.6309016063513867,0.7375311086437444,0.844160610936102,0
568,0.1373542855987826,0.0,0.0,0.0075987841945288626,0.15625,0.2857142857142857,0.0,0.6666666666666666,0.024233138376094865,0.0,0.09986197484060189,0.9793264421473825,0.9546365683446986,0.0,0.9053333333333333,0.5,0.652008313019361,0.8259171253178752,0.9998259376163895,0
569,0.1994621294845622,0.0,0.9484098939929329,0.0075987841945288626,0.25,0.2857142857142857,0.0,0.6666666666666666,0.02826764822288852,0.0,0.1399598685015495,0.9873291097032344,0.9587329715906111,0.0,0.8863333333333333,1.0,0.744931695974026,0.7873985376711876,0.8298653793683494,0
570,0.7738819914879016,0.9,1.0,0.8964851293935883,0.75,1.0,0.0,0.6666666666666666,0.9065893949081674,1.0,0.8043627628261706,1.0,0.9986896290396668,0.0016666666666666668,1.0,1.0,0.9153875014026853,0.9332157743917324,0.9510440473807795,0
571,0.11064621106462114,0.0,0.0,0.0075987841945288626,0.15625,0.2857142857142857,0.0,0.6666666666666666,0.024149254961414623,0.0,0.033056602223831,0.8962987662554185,0.9013509362650807,0.0,0.7636666666666667,0.5,0.5955166484268706,0.7389107653979203,0.8823048823689701,0
572,0.7317829536531453,0.8,0.9992932862190813,0.8964851293935883,0.53125,1.0,0.0,0.6666666666666666,0.8941083033401088,0.0,0.4169956925572298,0.9996665555185061,0.9968750825834883,0.0006666666666666666,1.0,1.0,0.8979111827125732,0.9116007083165145,0.9252902339204557,0
573,0.8650339929761327,0.9,0.9992932862190813,0.8964851293935883,0.84375,1.0,0.0,0.6666666666666666,0.8986821184799181,1.0,0.778181261519204,1.0,0.998815909318794,0.0016666666666666668,1.0,1.0,0.8421908635850112,0.9086596397587448,0.9751284159324782,0
574,0.701539576957987,0.7,1.0,0.8964851293935883,0.4375,1.0,0.0,0.6666666666666666,0.8860823826750402,0.5,0.5524649613731782,1.0,0.9979791708124872,0.0016666666666666668,0.9996666666666667,1.0,0.9147433208426865,0.9175204555201132,0.9202975901975399,0
575,0.29740967907808913,0.5,0.9978798586572438,0.39669421487603307,0.4375,0.5714285714285714,0.0,0.6666666666666666,0.13903154835265596,0.0,0.14049656864207538,0.9986662220740247,0.9848896568943849,0.0,0.9993333333333333,1.0,0.7883455312663801,0.8123911514169311,0.836436771567482,0
576,0.062382297551789145,0.0,0.0,0.0075987841945288626,0.15625,0.2857142857142857,0.0,0.6666666666666666,0.02414887391532705,0.0,0.021555031568564753,0.7535845281760587,0.7557634886549933,0.0,0.9033333333333333,0.5,0.5693002200238041,0.6237975902846113,0.6782949605454187,0
577,0.20946212948456222,0.2,0.9879858657243816,0.0075987841945288626,0.28125,0.2857142857142857,0.0,0.6666666666666666,0.05987400586895664,0.0,0.19080620991900332,0.9986662220740247,0.9859554415404224,0.0,0.9976666666666667,1.0,0.7691889418143204,0.8378895286685993,0.9065901155228783,0
578,0.250863602368969,0.1,0.9802120141342756,0.0075987841945288626,0.28125,0.2857142857142857,0.0,0.6666666666666666,0.0996359054223187,0.0,0.37326324814273304,0.9989996665555185,0.9905263353473054,0.0,0.998,1.0,0.7686430119039452,0.8726846804161333,0.9767263489283214,0
579,0.0,0.0,0.0,0.0075987841945288626,0.15625,0.2857142857142857,0.0,0.6666666666666666,0.024148873890358913,0.0,0.05247314150687232,0.7482494164721574,0.8074367013674283,0.0,0.769,0.5,0.5120531787179383,0.737539357409103,0.9630255361002678,0
580,0.721880515295956,0.6,0.9971731448763251,0.7424749163879598,0.46875,1.0,0.0,0.6666666666666666,0.7357895540995119,1.0,0.5639253023107121,1.0,0.9958416150172927,0.001,1.0,1.0,0.7861652614871709,0.848148803394077,0.9101323453009832,0
581,0.670250330490169,0.7,0.9964664310954063,0.5964912280701755,0.59375,0.8571428571428571,0.0,0.6666666666666666,0.7061790322674731,1.0,0.6335495413796608,1.0,0.9951976392182457,0.001,1.0,1.0,0.8430817103496628,0.8943829002773194,0.9456840902049758,0
582,0.0,0.0,0.0,0.0075987841945288626,0.15625,0.2857142857142857,0.0,0.6666666666666666,0.024148873902057444,0.0,0.04931557427936828,0.7789263087695899,0.8043280686844442,0.0,0.8736666666666667,0.5,0.5451500205532279,0.6149738780636065,0.6847977355739852,0
583,0.8462144345014018,0.7,1.0,0.7424749163879598,0.5,1.0,0.0,0.6666666666666666,0.7551411480033551,1.0,0.6278066853185797,1.0,0.9939022559443006,0.001,1.0,1.0,0.75172928660321,0.8752283334612958,0.9987273803193817,0
584,0.15217391304347827,0.2,0.9830388692579506,0.14084507042253525,0.1875,0.2857142857142857,0.0,0.6666666666666666,0.041078999448435294,0.0,0.22530984924576547,0.9989996665555185,0.9607868330245256,0.0,0.9936666666666667,1.0,0.7443034432925876,0.7533254325805846,0.7623474218685816,0
585,0.07131086898036054,0.0,0.8671378091872791,0.0075987841945288626,0.1875,0.2857142857142857,0.0,0.6666666666666666,0.02414983506042212,0.0,0.03485752358608729,0.9196398799599866,0.8408000692575717,0.0,0.9253333333333333,0.5,0.6597811749888589,0.6768173247606402,0.6938534745324214,0
586,0.380976502040242,0.2,0.9830388692579506,0.14084507042253525,0.1875,0.2857142857142857,0.0,0.6666666666666666,0.12876471594733685,0.0,0.06675748558514782,0.9976658886295432,0.972031397428509,0.0,0.999,1.0,0.7496056482664882,0.8025729960856716,0.8555403439048549,0
587,0.716574541992952,0.9,1.0,0.5964912280701755,0.46875,0.8571428571428571,0.0,0.6666666666666666,0.7661277301245265,1.0,0.5813512724828205,1.0,0.9976872385895703,0.001,1.0,1.0,0.8507586780767734,0.8606139258122092,0.870469173547645,0
588,0.4798961471750224,0.5,0.9978798586572438,0.7424749163879598,0.46875,1.0,0.0,0.6666666666666666,0.703123366176915,0.0,0.3777495366601238,0.9996665555185061,0.9910191500783395,0.0,1.0,1.0,0.7474691306807288,0.862724724085959,0.9779803174911891,0
589,0.9192198314202695,1.0,1.0,0.8964851293935883,0.65625,1.0,0.0,0.6666666666666666,0.9186602772898678,1.0,0.7466540961976618,1.0,0.9961045288797107,0.006333333333333333,1.0,1.0,0.8891748658527219,0.9389911020599915,0.9888073382672612,0
590,0.8738964268385666,1.0,1.0,0.8964851293935883,0.59375,1.0,0.0,0.6666666666666666,0.9204777807134028,1.0,0.8003938214666235,1.0,0.9978341089774019,0.0036666666666666666,1.0,1.0,0.8882183262095393,0.8903612554060556,0.892504184602572,0
591,0.062382297551789145,0.0,0.8671378091872791,0.0075987841945288626,0.1875,0.2857142857142857,0.0,0.6666666666666666,0.024570515759510414,0.0,0.07208200757646632,0.9753251083694565,0.9470015459281353,0.0,0.8603333333333334,1.0,0.6881496775717596,0.7803234077428842,0.8724971379140087,0
592,0.22089770296572941,0.1,0.0,0.0075987841945288626,0.15625,0.2857142857142857,0.0,0.6666666666666666,0.024352554616014932,0.5,0.5361906033884026,1.0,0.9918962298095365,0.0003333333333333333,0.946,0.5,0.6660697931416061,0.8125339456762475,0.9589980982108889,0
593,0.11064621106462114,0.0,0.0,0.0075987841945288626,0.15625,0.2857142857142857,0.0,0.6666666666666666,0.024149230305265834,0.0,0.057262285388198775,0.895298432810937,0.8971277797524582,0.0,0.7063333333333333,0.5,0.5940614918506449,0.7693449942625724,0.9446284966744999,0
594,0.11064621106462114,0.0,0.0,0.0075987841945288626,0.15625,0.2857142857142857,0.0,0.6666666666666666,0.024149726914333258,0.0,0.05963080502894025,0.8756252084028009,0.8806982161952384,0.0,0.8386666666666667,0.5,0.6184570741348453,0.6804824699512967,0.7425078657677481,0
595,0.07131086898036054,0.0,0.9816254416961131,0.14084507042253525,0.1875,0.2857142857142857,0.0,0.6666666666666666,0.024679540125317256,0.0,0.14819458645765793,0.9946648882960987,0.9468679224745309,0.0,0.9563333333333334,0.5,0.6602074522333901,0.7779890471527328,0.8957706420720755,0
596,0.19518245185086192,0.0,0.8671378091872791,0.0075987841945288626,0.1875,0.2857142857142857,0.0,0.6666666666666666,0.0246248691965274,0.0,0.090352994962977,0.9896632210736912,0.9666207403328078,0.0,0.8936666666666666,1.0,0.6886772566381413,0.7392269013714936,0.7897765461048459,0
597,0.0,0.0,0.0,0.0075987841945288626,0.15625,0.2857142857142857,0.0,0.6666666666666666,0.02414887388961351,0.0,0.04828770561793816,0.6928976325441814,0.769124049332224,0.0,0.804,0.5,0.4845558072540102,0.6966531971939502,0.9087505871338903,0
598,0.11064621106462114,0.0,0.9943462897526502,0.19696969696969702,0.25,0.42857142857142855,0.0,0.6666666666666666,0.03355234977080368,0.0,0.22462410707337643,0.9939979993331111,0.9589631768654086,0.0,0.9396666666666667,1.0,0.6723637795881177,0.7624210526119048,0.852478325635692,0
599,0.11064621106462114,0.0,0.0,0.0075987841945288626,0.15625,0.2857142857142857,0.0,0.6666666666666666,0.024148874124922393,0.0,0.017629550806578242,0.7612537512504168,0.816558876826784,0.0,0.8403333333333334,0.5,0.5556037063588927,0.6404628382496764,0.7253219701404601,0
600,0.4077954628178956,0.3,0.9957597173144876,0.19354838709677424,0.34375,0.8571428571428571,0.0,0.6666666666666666,0.19870865343671018,0.5,0.5213604246637547,1.0,0.9966315406925411,0.0,0.9996666666666667,1.0,0.8194814144646042,0.8485698128488528,0.8776582112331013,0
601,0.1373542855987826,0.0,0.0,0.0075987841945288626,0.15625,0.2857142857142857,0.0,0.6666666666666666,0.024228829401353513,0.0,0.10496066864896725,0.9599866622207403,0.9403408690577088,0.0,0.8666666666666667,0.5,0.6502232605621933,0.7883624117921179,0.9265015630220425,0
602,0.07131086898036054,0.0,0.9484098939929329,0.0075987841945288626,0.25,0.2857142857142857,0.0,0.6666666666666666,0.024911714174788768,0.0,0.08118554940879397,0.9789929976658887,0.9389229214779627,0.0,0.8813333333333333,1.0,0.7335906636684957,0.7544985547969167,0.7754064459253379,0
603,0.0,0.0,0.0,0.0075987841945288626,0.15625,0.2857142857142857,0.0,0.6666666666666666,0.0241488738896124,0.0,0.03268568016345075,0.6912304101367122,0.6947669077279401,0.0,0.897,0.5,0.4102499675837172,0.6157166322843219,0.8211832969849266,0
604,0.062382297551789145,0.0,0.0,0.0075987841945288626,0.15625,0.2857142857142857,0.0,0.6666666666666666,0.024148873954520367,0.0,0.03377703357095363,0.8066022007335778,0.7704185566225147,0.0,0.9126666666666666,0.0,0.5857270990493227,0.6209381298630252,0.6561491606767277,0
605,0.0,0.0,0.0,0.0075987841945288626,0.15625,0.2857142857142857,0.0,0.6666666666666666,0.024148873890691536,0.0,0.011789390323760474,0.7702567522507502,0.8188596841818265,0.0,0.7883333333333333,0.5,0.5177273770228614,0.6559745469149967,0.7942217168071319,0
606,0.30025868192709204,0.2,0.992226148409894,0.10169491525423724,0.28125,0.5714285714285714,0.0,0.6666666666666666,0.10739039856551502,0.5,0.6483756501564173,1.0,0.997382293040447,0.0003333333333333333,0.999,1.0,0.7886993591408366,0.8000331283355204,0.8113668975302042,0
607,0.7947971819626227,0.9,0.9992932862190813,0.7424749163879598,0.3125,1.0,0.0,0.6666666666666666,0.8521439979960503,1.0,0.7390194516272324,1.0,0.9974211138715768,0.0023333333333333335,1.0,1.0,0.8062866878765582,0.8767578558589434,0.9472290238413286,0
608,0.11064621106462114,0.0,0.0,0.0075987841945288626,0.15625,0.2857142857142857,0.0,0.6666666666666666,0.0241625400263612,0.0,0.1037360583996142,0.9459819939979993,0.9271035465314433,0.0,0.793,0.5,0.6360009565071134,0.7247649149922949,0.8135288734774764,0
609,0.11064621106462114,0.0,0.0,0.0075987841945288626,0.15625,0.2857142857142857,0.0,0.6666666666666666,0.02414887413512601,0.0,0.024387176575113023,0.7865955318439479,0.8377368138019258,0.0,0.7296666666666667,0.5,0.5427843819476424,0.7632525520738712,0.9837207222001,0
610,0.1994621294845622,0.0,0.9696113074204947,0.020408163265306145,0.125,0.42857142857142855,0.0,0.6666666666666666,0.03918982594540177,0.0,0.20506572190576378,0.9943314438146049,0.9698560564379657,0.0,0.9876666666666667,1.0,0.7796302017608623,0.8024077118313828,0.8251852219019035,0
611,0.11064621106462114,0.0,0.0,0.0075987841945288626,0.15625,0.2857142857142857,0.0,0.6666666666666666,0.024157258295856465,0.0,0.10341703278900338,0.9716572190730244,0.9451370794598997,0.0,0.77,0.5,0.6260088549090349,0.8004046612246893,0.9748004675403437,0
612,0.062382297551789145,0.0,0.0,0.0075987841945288626,0.15625,0.2857142857142857,0.0,0.6666666666666666,0.024148873892604117,0.0,0.03197716698961228,0.8032677559186395,0.8325421567797047,0.0,0.7873333333333333,0.5,0.522365665071318,0.7083350851291665,0.894304505187015,0
613,0.1994621294845622,0.0,0.9519434628975265,0.0075987841945288626,0.1875,0.2857142857142857,0.0,0.6666666666666666,0.02472634022810838,0.0,0.11929139147694978,0.9589863287762588,0.923163964344523,0.0,0.8633333333333333,1.0,0.7095468311080825,0.7621856835230778,0.8148245359380732,0
614,0.062382297551789145,0.0,0.0,0.0075987841945288626,0.15625,0.2857142857142857,0.0,0.6666666666666666,0.02414887389001763,0.0,0.08555454432801257,0.8546182060686895,0.7092282155607326,0.0,0.9636666666666667,0.0,0.5494475748530453,0.5885619052681209,0.6276762356831965,0
615,0.062382297551789145,0.0,0.0,0.0075987841945288626,0.15625,0.2857142857142857,0.0,0.6666666666666666,0.024148873889706657,0.0,0.019045737710399635,0.7179059686562188,0.7704897495553242,0.0,0.8463333333333334,0.5,0.5154247216596692,0.6447609445688895,0.7740971674781097,0
616,0.0,0.0,0.0,0.0075987841945288626,0.15625,0.2857142857142857,0.0,0.6666666666666666,0.024148873889624167,0.0,0.03799806116768467,0.7185728576192064,0.7839924146730837,0.0,0.7923333333333333,0.5,0.4939063020886952,0.7326033157074141,0.971300329326133,0
617,0.0,0.0,0.0,0.0075987841945288626,0.15625,0.2857142857142857,0.0,0.6666666666666666,0.02414887388961917,0.0,0.025970797951794133,0.735245081693898,0.7890384170550997,0.0,0.795,0.5,0.4915689515356399,0.7235863052032147,0.9556036588707895,0
618,0.8067019438673846,0.9,0.9985865724381625,0.8964851293935883,0.34375,1.0,0.0,0.6666666666666666,0.8294818223876441,0.5,0.5454505323849095,1.0,0.9965090473636598,0.0013333333333333333,0.9996666666666667,1.0,0.8181206681420219,0.8669891156986428,0.9158575632552637,0
619,0.0,0.0,0.0,0.0075987841945288626,0.15625,0.2857142857142857,0.0,0.6666666666666666,0.024148876805495267,0.0,0.045277518656627436,0.8296098699566522,0.8202880800938405,0.0,0.894,0.0,0.5919686962874596,0.6247452534349327,0.6575218105824058,0
620,0.11064621106462114,0.0,0.0,0.0075987841945288626,0.15625,0.2857142857142857,0.0,0.6666666666666666,0.024170707458019747,0.0,0.11133064510741564,0.9529843281093698,0.9295104985616385,0.0,0.8253333333333334,0.5,0.6456616858821621,0.716059396066572,0.7864571062509819,0
621,0.11064621106462114,0.0,0.0,0.0075987841945288626,0.15625,0.2857142857142857,0.0,0.6666666666666666,0.024148876571390865,0.0,0.029146584928035013,0.8246082027342447,0.8563568917214539,0.0,0.8029999999999999,0.5,0.5640443469172981,0.6736072675604341,0.7831701882035702,0
622,0.0,0.0,0.0,0.0075987841945288626,0.15625,0.2857142857142857,0.0,0.6666666666666666,0.0241488738896124,0.0,0.012204481996201721,0.705568522840947,0.7242261869244131,0.0,0.8753333333333333,0.5,0.43855966465141777,0.6442916915898279,0.850023718528238,0
623,0.217888198757764,0.2,0.9752650176678446,0.14084507042253525,0.15625,0.2857142857142857,0.0,0.6666666666666666,0.02843362519763548,0.0,0.15203053005186384,0.9986662220740247,0.9628754422148685,0.0,0.9933333333333333,1.0,0.6788256599523976,0.793746512878144,0.9086673658038903,0
624,0.19518245185086192,0.0,0.9469964664310954,0.0075987841945288626,0.15625,0.2857142857142857,0.0,0.6666666666666666,0.029924142729849112,0.0,0.017586617372250424,0.9913304434811604,0.9710413681912208,0.0,0.994,1.0,0.7367418767341921,0.7616804328510349,0.7866189889678776,0
625,0.5447746294845621,0.8,1.0,0.8964851293935883,0.78125,1.0,0.0,0.6666666666666666,0.877113666403179,1.0,0.676480181794872,1.0,0.997207706645666,0.0016666666666666668,1.0,1.0,0.895623646361356,0.9442357178022119,0.9928477892430678,0
626,0.0,0.0,0.0,0.0075987841945288626,0.15625,0.2857142857142857,0.0,0.6666666666666666,0.0241488738896124,0.0,0.02850610037529111,0.7169056352117372,0.7685321738164484,0.0,0.8323333333333334,0.5,0.47202487864236886,0.643630938432072,0.8152369982217751,0
627,0.28246397663238665,0.3,0.992226148409894,0.19696969696969702,0.375,0.42857142857142855,0.0,0.6666666666666666,0.4305861453854596,0.0,0.24406099290043126,0.9986662220740247,0.9788919224931453,0.0,0.9996666666666667,1.0,0.7170071935196465,0.8493201565511905,0.9816331195827347,0
628,0.0,0.0,0.0,0.0075987841945288626,0.15625,0.2857142857142857,0.0,0.6666666666666666,0.0241488738896124,0.0,0.04771641412066796,0.6625541847282428,0.6886419680497686,0.0,0.9013333333333333,0.5,0.4728211182587359,0.5820066859799942,0.6911922537012524,0
629,0.20946212948456222,0.2,0.9879858657243816,0.0075987841945288626,0.28125,0.2857142857142857,0.0,0.6666666666666666,0.055016205307621635,0.0,0.1900470553250584,0.9973324441480493,0.9817284163632537,0.0,0.9976666666666667,1.0,0.7668443534220404,0.8348729960292776,0.9029016386365148,0
630,0.1373542855987826,0.0,0.8671378091872791,0.0075987841945288626,0.1875,0.2857142857142857,0.0,0.6666666666666666,0.025190946848061335,0.0,0.2543618031188146,0.9946648882960987,0.9774079013550808,0.0,0.948,1.0,0.6868416376424298,0.8100105120362218,0.9331793864300139,0
631,0.062382297551789145,0.0,0.0,0.0075987841945288626,0.15625,0.2857142857142857,0.0,0.6666666666666666,0.024148873912762436,0.0,0.02113117392876185,0.8486162054018006,0.8576310930914712,0.0,0.7733333333333333,0.5,0.5316448647196075,0.7293979073419083,0.9271509499642091,0
632,0.11064621106462114,0.0,0.0,0.0075987841945288626,0.15625,0.2857142857142857,0.0,0.6666666666666666,0.024156340564243095,0.0,0.06181306771961015,0.9399799933311104,0.9263318230466513,0.0,0.8026666666666666,0.5,0.6242022836602074,0.7502931429470843,0.8763840022339613,0
633,0.11064621106462114,0.0,0.0,0.0075987841945288626,0.15625,0.2857142857142857,0.0,0.6666666666666666,0.02414887473862215,0.0,0.03425386613066228,0.8139379793264422,0.8569152748896112,0.0,0.7263333333333333,0.5,0.5507470546073727,0.7147845928587261,0.8788221311100795,0
634,0.13630898943153524,0.0,0.8671378091872791,0.0075987841945288626,0.1875,0.2857142857142857,0.0,0.6666666666666666,0.0246064026624635,0.0,0.07603614584330864,0.9869956652217405,0.9663226915755307,0.0,0.9543333333333334,1.0,0.6760592409602167,0.8319734488339681,0.9878876567077194,0
635,0.8562196591617989,0.9,1.0,0.8964851293935883,0.6875,1.0,0.0,0.6666666666666666,0.9201964897007521,1.0,0.811098502717131,1.0,0.9994613719034706,0.0033333333333333335,1.0,1.0,0.874888139355232,0.9044049080678979,0.9339216767805637,0
636,0.250863602368969,0.1,0.9802120141342756,0.0075987841945288626,0.28125,0.2857142857142857,0.0,0.6666666666666666,0.06840448671346944,0.5,0.8198058626392861,1.0,0.9981367910228556,0.0003333333333333333,0.9983333333333333,1.0,0.7576839567063386,0.8675282510686517,0.9773725454309649,0
637,0.40807672173042586,0.3,0.992226148409894,0.19696969696969702,0.375,0.42857142857142855,0.0,0.6666666666666666,0.4267712247607405,0.5,0.6178959340114403,1.0,0.9928922657293037,0.0003333333333333333,0.9993333333333333,1.0,0.7098673790809548,0.8396716676546423,0.9694759562283297,0
638,0.0,0.0,0.0,0.0075987841945288626,0.15625,0.2857142857142857,0.0,0.6666666666666666,0.0241488738896124,0.0,0.025549499984210855,0.6825608536178727,0.7189046025476011,0.0,0.875,0.5,0.4606569435879146,0.6170874329291,0.7735179222702854,0
639,0.062382297551789145,0.0,0.0,0.0075987841945288626,0.15625,0.2857142857142857,0.0,0.6666666666666666,0.024148873889823785,0.0,0.0083530516019803,0.7505835278426142,0.7425337649328625,0.0,0.9086666666666666,0.5,0.5411267636118391,0.6054795433382847,0.6698323230647303,0
640,0.11064621106462114,0.0,0.0,0.0075987841945288626,0.15625,0.2857142857142857,0.0,0.6666666666666666,0.02415075679899714,0.0,0.05011011699564083,0.8979659886628877,0.9012913137550288,0.0,0.8009999999999999,0.5,0.6091429740129815,0.7672252461051416,0.925307518197302,0
641,0.0,0.0,0.0,0.0075987841945288626,0.15625,0.2857142857142857,0.0,0.6666666666666666,0.024148874699577383,0.0,0.05583132870273477,0.8286095365121707,0.79323713476502,0.0,0.9143333333333333,0.0,0.5991044204147259,0.6089345090794762,0.6187645977442267,0
642,0.6226431687069087,0.5,0.9964664310954063,0.679144385026738,0.5,0.8571428571428571,0.0,0.6666666666666666,0.830631484361486,0.5,0.13392664942702304,0.9996665555185061,0.9938891930385292,0.0,0.9996666666666667,1.0,0.8520145422442368,0.9135990961225121,0.9751836500007874,0
643,0.11064621106462114,0.0,0.8671378091872791,0.0075987841945288626,0.1875,0.2857142857142857,0.0,0.6666666666666666,0.024180617692301842,0.0,0.06348330727414131,0.9519839946648883,0.9158713225127509,0.0,0.885,1.0,0.6795541915525378,0.6879701004281229,0.696386009303708,0
644,0.062382297551789145,0.0,0.0,0.0075987841945288626,0.15625,0.2857142857142857,0.0,0.6666666666666666,0.024148876731876934,0.0,0.012698238930289762,0.7982660886962321,0.8312702980585833,0.0,0.854,0.5,0.5725153713214871,0.6876623657419458,0.8028093601624046,0
645,0.11064621106462114,0.0,0.0,0.0075987841945288626,0.15625,0.2857142857142857,0.0,0.6666666666666666,0.02414889351104088,0.0,0.02973600011599431,0.8422807602534178,0.8722924432977628,0.0,0.6876666666666666,0.5,0.5711724930712458,0.7561641788881941,0.9411558647051425,0
646,0.7079404065205812,0.8,1.0,0.8964851293935883,0.4375,1.0,0.0,0.6666666666666666,0.8861200922969885,0.5,0.16212203147998427,0.9996665555185061,0.9963361989754624,0.0003333333333333333,0.9996666666666667,1.0,0.9176588797483237,0.9484314937413201,0.9792041077343164,0
647,0.11064621106462114,0.0,0.0,0.0075987841945288626,0.15625,0.2857142857142857,0.0,0.6666666666666666,0.024150238479968444,0.0,0.06730618356271356,0.8942980993664555,0.9020640483846728,0.0,0.7666666666666666,0.5,0.6079499546985606,0.7347064174379532,0.8614628801773457,0
648,0.11064621106462114,0.0,0.0,0.0075987841945288626,0.15625,0.2857142857142857,0.0,0.6666666666666666,0.024148927806080245,0.0,0.025583043824463303,0.9219739913304434,0.908937531924375,0.0,0.7536666666666667,0.5,0.5806248616511857,0.7707625064326958,0.960900151214206,0
649,0.0,0.0,0.0,0.0075987841945288626,0.15625,0.2857142857142857,0.0,0.6666666666666666,0.02414887709535729,0.0,0.01721204158077294,0.855618539513171,0.7940820732736654,0.0,0.924,0.0,0.6016816703172952,0.6126319086379612,0.6235821469586271,0
650,0.062382297551789145,0.0,0.0,0.0075987841945288626,0.15625,0.2857142857142857,0.0,0.6666666666666666,0.024148873889617617,0.0,0.05679099215339367,0.6932310770256752,0.72068802331486,0.0,0.9073333333333333,0.5,0.517487617463876,0.6005441308461275,0.6836006442283789,0
651,0.11064621106462114,0.0,0.9816254416961131,0.10169491525423724,0.21875,0.5714285714285714,0.0,0.6666666666666666,0.025391718261402074,0.0,0.0964107439335864,0.9883294431477159,0.9569483900210881,0.0,0.9216666666666666,1.0,0.6686075070942856,0.7248337662679991,0.7810600254417125,0
652,0.11064621106462114,0.0,0.0,0.0075987841945288626,0.15625,0.2857142857142857,0.0,0.6666666666666666,0.024148898019136555,0.0,0.013807883824417666,0.8232744248082694,0.8654143078024362,0.0,0.781,0.5,0.575354311074181,0.7068329484303604,0.8383115857865396,0
653,0.4218855929493329,0.3,0.9830388692579506,0.14084507042253525,0.1875,0.2857142857142857,0.0,0.6666666666666666,0.1765140124243928,0.3333333333333333,0.15290118055010815,0.9993331110370124,0.9859508441860682,0.0,0.9986666666666667,1.0,0.7626948759901102,0.865766322760749,0.968837769531388,0
654,0.7532148741332653,0.9,0.9992932862190813,0.679144385026738,0.375,0.8571428571428571,0.0,0.6666666666666666,0.8401252787731752,1.0,0.6112408220344203,1.0,0.995468435036937,0.0036666666666666666,1.0,1.0,0.8610662685631428,0.8649944698468051,0.8689226711304672,0
655,0.4321739130434783,0.2,0.9752650176678446,0.14084507042253525,0.15625,0.2857142857142857,0.0,0.6666666666666666,0.06340248964733597,0.6666666666666666,0.5363577801392423,1.0,0.991161048448823,0.0003333333333333333,0.9993333333333333,1.0,0.7223550586590228,0.8193772259921199,0.9163993933252171,0
656,0.11064621106462114,0.0,0.0,0.0075987841945288626,0.15625,0.2857142857142857,0.0,0.6666666666666666,0.024149186133287426,0.0,0.031998829640767945,0.8879626542180727,0.8980232857604137,0.0,0.7643333333333333,0.5,0.5937295761070471,0.7391399178155336,0.88455025952402,0
657,0.062382297551789145,0.0,0.0,0.0075987841945288626,0.15625,0.2857142857142857,0.0,0.6666666666666666,0.02421071791768936,0.0,0.04608619679537396,0.9846615538512837,0.9575065536145096,0.0,0.837,0.5,0.6566537256509655,0.7744253550319855,0.8921969844130055,0
658,0.062382297551789145,0.0,0.0,0.0075987841945288626,0.15625,0.2857142857142857,0.0,0.6666666666666666,0.02414887405054844,0.0,0.04862771198759264,0.7919306435478493,0.8295762064522108,0.0,0.8136666666666666,0.5,0.5488478631347125,0.6930462013031078,0.837244539471503,0
659,0.11064621106462114,0.0,0.0,0.0075987841945288626,0.15625,0.2857142857142857,0.0,0.6666666666666666,0.02414900918308982,0.0,0.028712439013501845,0.8539513171057019,0.8800974312618094,0.0,0.7786666666666666,0.5,0.5890901072717426,0.7124712409767788,0.8358523746818151,0
660,0.0,0.0,0.0,0.0075987841945288626,0.15625,0.2857142857142857,0.0,0.6666666666666666,0.02414887476267391,0.0,0.02535477577552603,0.8189396465488497,0.8310489042224725,0.0,0.8636666666666667,0.5,0.5717179300137545,0.6316233040859851,0.6915286781582158,0
661,0.062382297551789145,0.0,0.0,0.0075987841945288626,0.15625,0.2857142857142857,0.0,0.6666666666666666,0.024148873892438694,0.0,0.032336072510815606,0.7475825275091696,0.8040070621262996,0.0,0.819,0.5,0.5267127835074943,0.6772870886508116,0.8278613937941287,0
662,0.0,0.0,0.0,0.0075987841945288626,0.15625,0.2857142857142857,0.0,0.6666666666666666,0.024148873889612732,0.0,0.017165249834217522,0.7282427475825275,0.781917483917318,0.0,0.8183333333333334,0.5,0.4830946077371188,0.6481383682432239,0.813182128749329,0
663,0.062382297551789145,0.0,0.0,0.0075987841945288626,0.15625,0.2857142857142857,0.0,0.6666666666666666,0.024164775293940677,0.0,0.0621186826912955,0.934644881627209,0.9123353895189117,0.0,0.854,0.5,0.6497444990557546,0.7403187305184373,0.83089296198112,0
664,0.11064621106462114,0.0,0.0,0.0075987841945288626,0.15625,0.2857142857142857,0.0,0.6666666666666666,0.024156475394012,0.0,0.03590853005519057,0.9113037679226409,0.9090476148513507,0.0,0.778,0.5,0.6262007963477993,0.7363989956698873,0.8465971949919754,0
665,0.11064621106462114,0.0,0.0,0.0075987841945288626,0.15625,0.2857142857142857,0.0,0.6666666666666666,0.024160710230972327,0.0,0.02638688754310603,0.9379793264421474,0.9241152209011267,0.0,0.852,0.5,0.6280204744209631,0.797998479385023,0.9679764843490828,0
666,0.0,0.0,0.0,0.0075987841945288626,0.15625,0.2857142857142857,0.0,0.6666666666666666,0.024148873898472423,0.0,0.03587016578001878,0.7922640880293431,0.8338418705036266,0.0,0.81,0.5,0.5277377766485581,0.6665691848126297,0.8054005929767013,0
667,0.11064621106462114,0.0,0.0,0.0075987841945288626,0.15625,0.2857142857142857,0.0,0.6666666666666666,0.024154684342367228,0.0,0.07646959352373128,0.9733244414804935,0.9464918735546551,0.0,0.7716666666666667,0.5,0.6224947179350814,0.7946878928773145,0.9668810678195475,0
668,0.11064621106462114,0.0,0.0,0.0075987841945288626,0.15625,0.2857142857142857,0.0,0.6666666666666666,0.024148877113862266,0.0,0.017496991530645656,0.8066022007335778,0.8539126446789724,0.0,0.7103333333333333,0.5,0.558627420559291,0.7443103297900218,0.9299932390207524,0
669,0.1373542855987826,0.0,0.0,0.0075987841945288626,0.15625,0.2857142857142857,0.0,0.6666666666666666,0.024329009560339454,0.0,0.17999847199767371,0.9759919973324441,0.9524622047702853,0.0,0.8793333333333333,0.5,0.6608607015858371,0.7956786237912299,0.9304965459966226,0
670,0.1373542855987826,0.1,0.8671378091872791,0.0075987841945288626,0.1875,0.2857142857142857,0.0,0.6666666666666666,0.02479021478056198,0.0,0.10205467119701594,0.9973324441480493,0.9822809643334535,0.0,0.9226666666666666,1.0,0.6792599174932136,0.8153902520157943,0.9515205865383749,0
671,0.062382297551789145,0.0,0.9879858657243816,0.0075987841945288626,0.28125,0.2857142857142857,0.0,0.6666666666666666,0.024148877416405146,0.0,0.05181858020669994,0.9543181060353452,0.777480115209794,0.0,0.9796666666666667,0.5,0.5577056482041394,0.6594874847736962,0.7612693213432532,0
672,0.3324639766323867,0.2,0.992226148409894,0.19696969696969702,0.375,0.42857142857142855,0.0,0.6666666666666666,0.21484929344783787,0.5,0.4424665281228005,0.9993331110370124,0.9931438049964763,0.0003333333333333333,0.9986666666666667,1.0,0.7118556955287598,0.8162169611408805,0.9205782267530013,0
673,0.721880515295956,0.5,0.9971731448763251,0.7424749163879598,0.46875,1.0,0.0,0.6666666666666666,0.7269925195246983,0.3333333333333333,0.5006930920485235,1.0,0.9958929488059405,0.0003333333333333333,0.9996666666666667,1.0,0.7898602442743309,0.846398407911561,0.902936571548791,0
674,0.062382297551789145,0.0,0.8671378091872791,0.0075987841945288626,0.1875,0.2857142857142857,0.0,0.6666666666666666,0.024161146858184823,0.0,0.048311495478408295,0.910970323441147,0.8687108885902615,0.0,0.894,1.0,0.6838805075890236,0.7055822252877386,0.7272839429864537,0
675,0.0,0.0,0.0,0.0075987841945288626,0.15625,0.2857142857142857,0.0,0.6666666666666666,0.0241488738896124,0.0,0.021873125271164695,0.7409136378792931,0.7591119847063938,0.0,0.8406666666666667,0.5,0.45467994106615606,0.7186900834297982,0.9827002257934404,0
676,0.21274563318777295,0.0,0.976678445229682,0.07936507936507942,0.1875,0.7142857142857143,0.0,0.6666666666666666,0.024484452255984945,0.0,0.22484241787988757,0.9916638879626543,0.9040885100528642,0.0,0.995,0.5,0.6094299612801707,0.7756899254743973,0.9419498896686239,0
677,0.8805094318890716,1.0,1.0,0.8964851293935883,0.46875,1.0,0.0,0.6666666666666666,0.9073811884337544,1.0,0.8380498129201748,1.0,0.9975959918459361,0.004333333333333333,1.0,1.0,0.8310026114080149,0.8623751273423508,0.8937476432766867,0
678,0.8909904694961266,1.0,0.9992932862190813,0.8964851293935883,0.84375,1.0,0.0,0.6666666666666666,0.9079950411364626,1.0,0.7476023956628883,1.0,0.9965446273231598,0.0036666666666666666,1.0,1.0,0.931114224135007,0.9425898088814197,0.9540653936278324,0
679,0.4077954628178956,0.3,0.9978798586572438,0.19354838709677424,0.375,0.8571428571428571,0.0,0.6666666666666666,0.2544602513964702,0.3333333333333333,0.7569748970916025,1.0,0.9996296560766946,0.0003333333333333333,0.9993333333333333,1.0,0.8461738661628253,0.8476340166910674,0.8490941672193096,0
680,0.11064621106462114,0.0,0.0,0.0075987841945288626,0.15625,0.2857142857142857,0.0,0.6666666666666666,0.02414951378406016,0.0,0.07581986959578924,0.893297765921974,0.9009782173344711,0.0,0.761,0.5,0.5998742610153368,0.7442509823632402,0.8886277037111434,0
681,0.062382297551789145,0.0,0.8671378091872791,0.0075987841945288626,0.1875,0.2857142857142857,0.0,0.6666666666666666,0.024205913432633896,0.0,0.034279272211130474,0.9403134378126042,0.9144884075253624,0.0,0.8576666666666667,1.0,0.6699596262040765,0.744403264781075,0.8188469033580734,0
682,0.1994621294845622,0.0,0.9696113074204947,0.020408163265306145,0.125,0.42857142857142855,0.0,0.6666666666666666,0.03452302627373671,0.0,0.17154167372380758,0.9929976658886296,0.9609234523559645,0.0,0.9583333333333334,1.0,0.7730093268947287,0.7961089631880282,0.8192085994813276,0
683,0.13630898943153524,0.0,0.8671378091872791,0.0075987841945288626,0.1875,0.2857142857142857,0.0,0.6666666666666666,0.025214281711629982,0.0,0.17252158793612482,0.9839946648882961,0.9618851896219036,0.0,0.9913333333333333,1.0,0.6902614621719472,0.831887431694123,0.9735134012162989,0
684,0.062382297551789145,0.0,0.0,0.0075987841945288626,0.15625,0.2857142857142857,0.0,0.6666666666666666,0.024148873923281466,0.0,0.06006756724561024,0.7515838612870958,0.7849275277288011,0.0,0.8796666666666667,0.5,0.5529368711450848,0.6481554926114577,0.7433741140778305,0
685,0.11064621106462114,0.0,0.0,0.0075987841945288626,0.15625,0.2857142857142857,0.0,0.6666666666666666,0.024149185745618196,0.0,0.06070939031627065,0.8819606535511837,0.8913432371711577,0.0,0.718,0.5,0.5930702694314695,0.7791721416167492,0.9652740138020288,0
686,0.0,0.0,0.0,0.0075987841945288626,0.15625,0.2857142857142857,0.0,0.6666666666666666,0.024148873968053985,0.0,0.02317224983438293,0.7935978659553184,0.8005900058364332,0.0,0.885,0.0,0.5636992117898211,0.6116279901426005,0.65955676849538,0
687,0.0,0.0,0.0,0.0075987841945288626,0.15625,0.2857142857142857,0.0,0.6666666666666666,0.0241488738896124,0.0,0.03075355182277717,0.7072357452484161,0.7302001738078892,0.0,0.895,0.5,0.4592157498855889,0.5743609737698054,0.6895061976540221,0
688,0.0,0.0,0.0,0.0075987841945288626,0.15625,0.2857142857142857,0.0,0.6666666666666666,0.024148873971487794,0.0,0.05039900933045438,0.7782594198066022,0.8349871267071188,0.0,0.8026666666666666,0.5,0.5392451609256967,0.6786651326538851,0.8180851043820734,0
689,0.11064621106462114,0.0,0.0,0.0075987841945288626,0.15625,0.2857142857142857,0.0,0.6666666666666666,0.02414927499707986,0.0,0.07645666689731379,0.8612870956985662,0.884305787013216,0.0,0.7946666666666666,0.5,0.5951742412570514,0.7569967713708573,0.9188193014846632,0
690,0.11064621106462114,0.0,0.0,0.0075987841945288626,0.15625,0.2857142857142857,0.0,0.6666666666666666,0.02415296743797457,0.0,0.0690428344282491,0.9133044348116038,0.9057055341671478,0.0,0.8296666666666667,0.5,0.6286697515455821,0.700968703495702,0.7732676554458218,0
691,0.3266345220766619,0.0,0.976678445229682,0.07936507936507942,0.1875,0.7142857142857143,0.0,0.6666666666666666,0.0437036779390223,0.0,0.25674913697736756,0.9953317772590864,0.9512660921350407,0.0,0.9946666666666667,1.0,0.6700205185559688,0.8030421542350398,0.9360637899141108,0
692,0.3708765886105725,0.5,0.9985865724381625,0.5964912280701755,0.46875,0.8571428571428571,0.0,0.6666666666666666,0.39311031980145517,0.0,0.2590093107089396,0.9993331110370124,0.988991402421272,0.0,0.9993333333333333,1.0,0.8015015942303892,0.8197695931594966,0.8380375920886041,0
693,0.07131086898036054,0.0,0.9816254416961131,0.14084507042253525,0.1875,0.2857142857142857,0.0,0.6666666666666666,0.024358890938088074,0.0,0.12989467719153236,0.9923307769256419,0.9278531597196563,0.0,0.958,0.5,0.6490581507146338,0.7637421835282417,0.8784262163418497,0
694,0.4518775884217603,0.5,0.9971731448763251,0.5964912280701755,0.5,0.8571428571428571,0.0,0.6666666666666666,0.5348972544113951,0.0,0.36320172934462336,0.9996665555185061,0.9961945518462434,0.0,0.9993333333333333,1.0,0.8324225754875627,0.8949560614788303,0.9574895474700978,0
695,0.26550724637681167,0.2,0.9752650176678446,0.14084507042253525,0.15625,0.2857142857142857,0.0,0.6666666666666666,0.04847134904418415,0.0,0.39489207355228617,0.9989996665555185,0.9751512047771318,0.0,0.9996666666666667,1.0,0.7129752159542238,0.8313852958650969,0.9497953757759701,0
696,0.0,0.0,0.9674911660777386,0.19696969696969702,0.125,0.42857142857142855,0.0,0.6666666666666666,0.024149453936148757,0.0,0.18924926171143985,0.9709903301100367,0.8378555417833846,0.0,0.9806666666666667,0.5,0.5458211331203139,0.6852109450754045,0.824600757030495,0
697,0.0,0.0,0.0,0.0075987841945288626,0.15625,0.2857142857142857,0.0,0.6666666666666666,0.0241488738896124,0.0,0.07785654079521187,0.6678892964321441,0.6403323997330617,0.0,0.9463333333333334,0.5,0.377463921969865,0.55046224046931,0.723460558968755,0
698,0.062382297551789145,0.0,0.0,0.0075987841945288626,0.15625,0.2857142857142857,0.0,0.6666666666666666,0.02414887388961473,0.0,0.03594816428535963,0.7385795265088363,0.784292537474635,0.0,0.821,0.5,0.4919902440547489,0.6747988268527194,0.8576074096506899,0
699,0.11064621106462114,0.0,0.0,0.0075987841945288626,0.15625,0.2857142857142857,0.0,0.6666666666666666,0.024148898701354504,0.0,0.06337028706293246,0.8436145381793931,0.8739335055579166,0.0,0.7183333333333333,0.5,0.5734327491395736,0.7320473914128249,0.8906620336860761,0
700,0.062382297551789145,0.0,0.0,0.0075987841945288626,0.15625,0.2857142857142857,0.0,0.6666666666666666,0.02415209555119957,0.0,0.048187665869203644,0.8899633211070357,0.8704191816915696,0.0,0.8733333333333333,0.5,0.6491906796846125,0.7054019113781465,0.7616131430716805,0
701,0.27840949790561487,0.0,0.9802120141342756,0.0075987841945288626,0.28125,0.2857142857142857,0.0,0.6666666666666666,0.05674216874960014,0.0,0.20028474615018232,0.9963321107035679,0.9742037976963972,0.0,0.9966666666666667,1.0,0.7547499721823321,0.8667115547697564,0.9786731373571806,0
702,0.11064621106462114,0.0,0.0,0.0075987841945288626,0.15625,0.2857142857142857,0.0,0.6666666666666666,0.024148873968826368,0.0,0.03432380847456151,0.7762587529176392,0.8294465371626679,0.0,0.7403333333333333,0.5,0.5361215603512798,0.754212733529491,0.9723039067077022,0
703,0.07131086898036054,0.0,0.9696113074204947,0.020408163265306145,0.125,0.42857142857142855,0.0,0.6666666666666666,0.025264504910620822,0.0,0.03441377529331624,0.9833277759253084,0.9280843455915919,0.0,0.9173333333333333,1.0,0.7240131820281442,0.7555789047468722,0.7871446274656001,0
704,0.11064621106462114,0.0,0.0,0.0075987841945288626,0.15625,0.2857142857142857,0.0,0.6666666666666666,0.02415572734123561,0.0,0.056341374936603406,0.9089696565521841,0.9085973413940722,0.0,0.8160000000000001,0.5,0.6221200906302932,0.7693847004242075,0.9166493102181218,0
705,0.4798961471750224,0.6,0.9992932862190813,0.7424749163879598,0.5,1.0,0.0,0.6666666666666666,0.3421059807400588,0.6666666666666666,0.5723696704386297,1.0,0.9937756606209737,0.0,1.0,1.0,0.7382608197824445,0.8170905842178979,0.8959203486533514,0
706,0.062382297551789145,0.0,0.0,0.0075987841945288626,0.15625,0.2857142857142857,0.0,0.6666666666666666,0.024148873915413205,0.0,0.008760620499889127,0.7565855285095031,0.808637969309063,0.0,0.8260000000000001,0.5,0.5405167610372006,0.676509740661754,0.8125027202863073,0
707,0.45898746325313244,0.3,0.9957597173144876,0.07936507936507942,0.28125,0.7142857142857143,0.0,0.6666666666666666,0.036937931764234544,0.3333333333333333,0.6049252350401427,1.0,0.9852375689557797,0.0003333333333333333,0.998,1.0,0.6680367506550938,0.7379822049331768,0.8079276592112596,0
708,0.062382297551789145,0.0,0.0,0.0075987841945288626,0.15625,0.2857142857142857,0.0,0.6666666666666666,0.02414887388961262,0.0,0.1002652954625749,0.7445815271757252,0.6921801532694412,0.0,0.944,0.0,0.5315373581268112,0.5647399195973305,0.5979424810678498,0
709,0.0,0.0,0.0,0.0075987841945288626,0.15625,0.2857142857142857,0.0,0.6666666666666666,0.0241488738896124,0.0,0.06235781607984048,0.6795598532844281,0.6855732567652549,0.0,0.9013333333333333,0.5,0.41624883389902795,0.6151086149147147,0.8139683959304015,0
710,0.0,0.0,0.0,0.0075987841945288626,0.15625,0.2857142857142857,0.0,0.6666666666666666,0.024148873889613176,0.0,0.04578187199419537,0.7042347449149717,0.7745533740764784,0.0,0.8116666666666666,0.5,0.4852324755962607,0.6553736896138882,0.8255149036315156,0
711,0.11064621106462114,0.0,0.0,0.0075987841945288626,0.15625,0.2857142857142857,0.0,0.6666666666666666,0.024148874023571465,0.0,0.03418938329408183,0.7939313104368123,0.8214765579093848,0.0,0.8623333333333334,0.5,0.5562771722022425,0.6292948031770451,0.7023124341518477,0
712,0.4518775884217603,0.5,0.9971731448763251,0.5964912280701755,0.5,0.8571428571428571,0.0,0.6666666666666666,0.4825243588346968,0.0,0.3981773259419773,0.9986662220740247,0.9932785350943018,0.0003333333333333333,0.9993333333333333,1.0,0.8262804066986636,0.8926880990191595,0.9590957913396553,0
713,0.0,0.0,0.0,0.0075987841945288626,0.15625,0.2857142857142857,0.0,0.6666666666666666,0.0241488738896124,0.0,0.04729323734924862,0.7075691897299099,0.6992767882378715,0.0,0.9,0.5,0.41491401953168733,0.6346274052790088,0.8543407910263304,0
714,0.11064621106462114,0.0,0.0,0.0075987841945288626,0.15625,0.2857142857142857,0.0,0.6666666666666666,0.024168709633190177,0.0,0.04674750497843205,0.930643547849283,0.920675737962116,0.0,0.8543333333333334,0.5,0.6338830651969622,0.769685734140463,0.9054884030839638,0
715,0.7651162869864786,0.8,0.9992932862190813,0.8964851293935883,0.53125,1.0,0.0,0.6666666666666666,0.8823567809548958,0.6666666666666666,0.2574745423645468,0.9996665555185061,0.9982679557341987,0.0033333333333333335,0.9996666666666667,1.0,0.8872728096889103,0.8884502675035667,0.8896277253182231,0
716,0.27840949790561487,0.1,0.9802120141342756,0.0075987841945288626,0.28125,0.2857142857142857,0.0,0.6666666666666666,0.08389373877949469,0.0,0.22497050637335825,0.9973324441480493,0.9815817286062496,0.0,0.9966666666666667,1.0,0.7670053047680468,0.8746041838412155,0.9822030629143843,0
717,0.7079404065205812,1.0,1.0,0.8964851293935883,0.59375,1.0,0.0,0.6666666666666666,0.898855080110227,1.0,0.7516133286247181,1.0,0.9975960878454843,0.0033333333333333335,1.0,1.0,0.9378139415812341,0.9604776908021395,0.9831414400230448,0
718,0.8507724317400065,0.9,1.0,0.8964851293935883,0.53125,1.0,0.0,0.6666666666666666,0.8599492564568821,1.0,0.6194429456793549,1.0,0.9969336420962246,0.0026666666666666666,1.0,1.0,0.820757044553396,0.865992290545506,0.9112275365376158,0
719,0.0,0.0,0.0,0.0075987841945288626,0.15625,0.2857142857142857,0.0,0.6666666666666666,0.024148873889613287,0.0,0.06148122507320086,0.7075691897299099,0.7653865009627008,0.0,0.832,0.5,0.49084453025726116,0.6551942184410737,0.8195439066248862,0
720,0.0,0.0,0.0,0.0075987841945288626,0.15625,0.2857142857142857,0.0,0.6666666666666666,0.0241488738896124,0.0,0.014559813165337498,0.7662554184728243,0.729756835755672,0.0,0.8886666666666667,0.5,0.4190496139071676,0.6885798839966407,0.9581101540861138,0
721,0.062382297551789145,0.0,0.0,0.0075987841945288626,0.15625,0.2857142857142857,0.0,0.6666666666666666,0.02414910398905823,0.0,0.05904521967585741,0.9276425475158386,0.9118932011356605,0.0,0.7806666666666666,0.5,0.5954683771292595,0.7519898166060373,0.9085112560828149,0
722,0.1821739130434783,0.0,0.9816254416961131,0.14084507042253525,0.1875,0.2857142857142857,0.0,0.6666666666666666,0.02425038016264125,0.0,0.3144620174603231,0.9946648882960987,0.930870969291028,0.0,0.9726666666666667,0.5,0.6284405069106053,0.7812787229329048,0.9341169389552042,0
723,0.0,0.0,0.0,0.0075987841945288626,0.15625,0.2857142857142857,0.0,0.6666666666666666,0.024148873908694357,0.0,0.026055888642027458,0.7752584194731578,0.8304725998151633,0.0,0.747,0.5,0.528611556878712,0.7082939685139887,0.8879763801492655,0
724,0.5863668913893241,0.9,1.0,0.8964851293935883,0.8125,1.0,0.0,0.6666666666666666,0.8370942770520096,1.0,0.6067582921784529,1.0,0.9934990825901343,0.0003333333333333333,1.0,1.0,0.8923347866846979,0.9176985693391666,0.9430623519936353,0
725,0.11064621106462114,0.0,0.0,0.0075987841945288626,0.15625,0.2857142857142857,0.0,0.6666666666666666,0.024148874254563024,0.0,0.02911548874366665,0.7949316438812938,0.8427990122676648,0.0,0.7263333333333333,0.5,0.5452106262694532,0.7665941920100008,0.9879777577505483,0
726,0.11064621106462114,0.0,0.0,0.0075987841945288626,0.15625,0.2857142857142857,0.0,0.6666666666666666,0.02422301824603068,0.0,0.08248696066793937,0.9559853284428143,0.93817426331732,0.0,0.866,0.5,0.6497699560781581,0.7754264871918565,0.9010830183055548,0
727,0.062382297551789145,0.0,0.8671378091872791,0.0075987841945288626,0.1875,0.2857142857142857,0.0,0.6666666666666666,0.024174011296346776,0.0,0.08590121526942218,0.9229743247749249,0.8825611475847338,0.0,0.885,1.0,0.6868088651269078,0.7147931841864246,0.7427775032459415,0
728,0.0,0.0,0.0,0.0075987841945288626,0.15625,0.2857142857142857,0.0,0.6666666666666666,0.0241488738896124,0.0,0.061002793018126944,0.7142380793597867,0.7372205461424601,0.0,0.8923333333333333,0.0,0.4824249693880149,0.5739656413104502,0.6655063132328856,0
729,0.11064621106462114,0.0,0.0,0.0075987841945288626,0.15625,0.2857142857142857,0.0,0.6666666666666666,0.02415943528036546,0.0,0.047604573128100625,0.9216405468489497,0.8959578604053366,0.0,0.8776666666666667,0.5,0.6586481635555779,0.682938793117081,0.7072294226785842,0
730,0.7651162869864786,0.8,0.9985865724381625,0.8964851293935883,0.46875,1.0,0.0,0.6666666666666666,0.8844990964629029,1.0,0.7198273849790044,1.0,0.9982711918205371,0.001,1.0,1.0,0.8850412478456907,0.888158966283022,0.8912766847203533,0
731,0.0,0.0,0.9674911660777386,0.19696969696969702,0.125,0.42857142857142855,0.0,0.6666666666666666,0.024148879613040464,0.0,0.24232458432672765,0.9873291097032344,0.8189322735926081,0.0,0.9923333333333333,0.5,0.50060351877392,0.7101550549525095,0.9197065911310992,0
732,0.062382297551789145,0.0,0.0,0.0075987841945288626,0.15625,0.2857142857142857,0.0,0.6666666666666666,0.024148874882327975,0.0,0.019868784128809547,0.7849283094364788,0.8072407316732985,0.0,0.873,0.5,0.5744502013889974,0.6630435102579144,0.7516368191268314,0
733,0.0,0.0,0.0,0.0075987841945288626,0.15625,0.2857142857142857,0.0,0.6666666666666666,0.0241488738896124,0.0,0.0564930402125311,0.6828942980993664,0.7088011405551818,0.0,0.876,0.5,0.42492339142692825,0.6390446005856846,0.8531658097444409,0
734,0.0,0.0,0.0,0.0075987841945288626,0.15625,0.2857142857142857,0.0,0.6666666666666666,0.0241488738896124,0.0,0.1370248235723298,0.699566522174058,0.6503782658475019,0.0,0.9576666666666667,0.0,0.4778823659704631,0.5109462747606622,0.5440101835508614,0
735,0.5447746294845621,0.7,0.9985865724381625,0.8964851293935883,0.71875,1.0,0.0,0.6666666666666666,0.8889911871264741,1.0,0.5057134522212328,1.0,0.9947263696855061,0.0,1.0,1.0,0.9074980414222164,0.9530442087197307,0.9985903760172451,0
736,0.062382297551789145,0.0,0.0,0.0075987841945288626,0.15625,0.2857142857142857,0.0,0.6666666666666666,0.024148894230399898,0.0,0.011489307749399158,0.814271423807936,0.8234733359485676,0.0,0.8736666666666667,0.5,0.6007880095028708,0.6730028188351429,0.7452176281674151,0
737,0.0,0.0,0.0,0.0075987841945288626,0.15625,0.2857142857142857,0.0,0.6666666666666666,0.024148873932425263,0.0,0.05041271378529921,0.7632544181393798,0.8258685400109214,0.0,0.742,0.5,0.5325574816421951,0.7301545000677256,0.9277515184932562,0
738,0.0,0.0,0.0,0.0075987841945288626,0.15625,0.2857142857142857,0.0,0.6666666666666666,0.0241488738896124,0.0,0.024594549003891908,0.7295765255085028,0.7653749674105008,0.0,0.836,0.5,0.4696156857905995,0.6688034616551342,0.8679912375196688,0
739,0.0,0.0,0.0,0.0075987841945288626,0.15625,0.2857142857142857,0.0,0.6666666666666666,0.0241488738896124,0.0,0.02121472993932072,0.7012337445815271,0.7399128542178564,0.0,0.8576666666666667,0.5,0.45208639300103787,0.612364876501611,0.7726433600021841,0
740,0.11064621106462114,0.0,0.0,0.0075987841945288626,0.15625,0.2857142857142857,0.0,0.6666666666666666,0.024158895853111262,0.0,0.0315197501593818,0.9153051017005669,0.911314818676607,0.0,0.7793333333333333,0.5,0.6292498380558301,0.737609543780798,0.8459692495057659,0
741,0.11064621106462114,0.0,0.0,0.0075987841945288626,0.15625,0.2857142857142857,0.0,0.6666666666666666,0.024148874987915292,0.0,0.0448438177664684,0.7999333111037013,0.8506064861458797,0.0,0.7243333333333333,0.5,0.5520416257793281,0.722773435190524,0.8935052446017199,0
742,0.11064621106462114,0.0,0.9469964664310954,0.0075987841945288626,0.15625,0.2857142857142857,0.0,0.6666666666666666,0.024827757415250673,0.0,0.1688409483255281,0.9839946648882961,0.9531936384637609,0.0,0.8953333333333333,1.0,0.6893641136229837,0.7160111040293285,0.7426580944356734,0
743,0.062382297551789145,0.0,0.0,0.0075987841945288626,0.15625,0.2857142857142857,0.0,0.6666666666666666,0.024149744322445765,0.0,0.03239350207152847,0.8629543181060353,0.8622060198022458,0.0,0.8643333333333334,0.5,0.6278691529019075,0.704397018254608,0.7809248836073086,0
744,0.0,0.0,0.0,0.0075987841945288626,0.15625,0.2857142857142857,0.0,0.6666666666666666,0.0241488738896124,0.0,0.12107472026087884,0.7359119706568856,0.6556569181923317,0.0,0.972,0.0,0.5111239329857353,0.5186684589946506,0.5262129850035658,0
745,0.15217391304347827,0.0,0.9752650176678446,0.14084507042253525,0.15625,0.2857142857142857,0.0,0.6666666666666666,0.02442849707587358,0.0,0.1649516157967098,0.9929976658886296,0.9119361741940922,0.0,0.9936666666666667,0.5,0.6464539945425987,0.7217280778410926,0.7970021611395864,0
746,0.13553057739209573,0.0,0.9837455830388693,0.0075987841945288626,0.40625,0.2857142857142857,0.0,0.6666666666666666,0.034013914900329345,0.0,0.1938434243652697,0.9899966655551851,0.9671501404232463,0.0,0.9916666666666667,1.0,0.7274074984778156,0.819057988857686,0.9107084792375564,0
747,0.062382297551789145,0.0,0.0,0.0075987841945288626,0.15625,0.2857142857142857,0.0,0.6666666666666666,0.024148873889881295,0.0,0.025768083407963993,0.7685895298432811,0.8127106620094834,0.0,0.7776666666666667,0.5,0.5077579510862282,0.7511812422540872,0.9946045334219462,0
748,0.590389219379058,0.5,0.9978798586572438,0.5964912280701755,0.34375,0.8571428571428571,0.0,0.6666666666666666,0.7181611977304324,1.0,0.5609415330398766,1.0,0.9934366534506038,0.0,1.0,1.0,0.8480609622784524,0.8719460512681847,0.895831140257917,0
749,0.0,0.0,0.0,0.0075987841945288626,0.15625,0.2857142857142857,0.0,0.6666666666666666,0.0241488738896124,0.0,0.01265309989253971,0.6992330776925642,0.7034432355850966,0.0,0.9053333333333333,0.5,0.43646821351998166,0.5590540981050902,0.6816399826901987,0
750,0.0,0.0,0.0,0.0075987841945288626,0.15625,0.2857142857142857,0.0,0.6666666666666666,0.024148873889620392,0.0,0.014198349064885152,0.7289096365455152,0.7928584531628522,0.0,0.7953333333333333,0.5,0.492811656116904,0.682331501429043,0.871851346741182,0
751,0.07131086898036054,0.0,0.9484098939929329,0.0075987841945288626,0.25,0.2857142857142857,0.0,0.6666666666666666,0.024166338087817762,0.0,0.03401909320524721,0.9576525508502834,0.8749613726594512,0.0,0.9333333333333333,0.5,0.6647536702502388,0.7060695672282811,0.7473854642063233,0
752,0.2994621294845621,0.1,0.992226148409894,0.19354838709677424,0.28125,0.8571428571428571,0.0,0.6666666666666666,0.22350726495255524,0.0,0.32383949843977666,0.9973324441480493,0.987054759181713,0.0,0.9973333333333333,1.0,0.835722144715614,0.8435232574462488,0.8513243701768837,0
753,0.11064621106462114,0.0,0.9469964664310954,0.0075987841945288626,0.15625,0.2857142857142857,0.0,0.6666666666666666,0.025277638834343308,0.0,0.09259619200909319,0.9876625541847283,0.9567094352089103,0.0,0.9193333333333333,1.0,0.6746624086316897,0.7226472982534888,0.7706321878752879,0
754,0.07131086898036054,0.0,0.9484098939929329,0.0075987841945288626,0.25,0.2857142857142857,0.0,0.6666666666666666,0.02455569447275041,0.0,0.08271996117452474,0.9706568856285428,0.9282886004942844,0.0,0.88,1.0,0.7224168164163002,0.7468524855829382,0.771288154749576,0
755,0.20946212948456222,0.0,0.9484098939929329,0.0075987841945288626,0.25,0.2857142857142857,0.0,0.6666666666666666,0.028903124135202574,0.0,0.06938741585845332,0.9956652217405801,0.9738663538982579,0.0,0.9863333333333333,1.0,0.7270043944607282,0.8135275865990976,0.900050778737467,0
756,0.1373542855987826,0.0,0.0,0.0075987841945288626,0.15625,0.2857142857142857,0.0,0.6666666666666666,0.024222536908365844,0.0,0.12521922541126262,0.9699899966655552,0.9476785534813943,0.0,0.8996666666666666,0.5,0.6493102678967274,0.8056877418577676,0.9620652158188078,0
757,0.27229217379754034,0.2,0.9971731448763251,0.39669421487603307,0.1875,0.5714285714285714,0.0,0.6666666666666666,0.17999827340694496,0.0,0.35767486979504437,0.9993331110370124,0.9893995891290017,0.0,0.998,1.0,0.7851112900964725,0.8856543901178939,0.9861974901393152,0
758,0.45898746325313244,0.7,0.9992932862190813,0.07936507936507942,0.34375,0.7142857142857143,0.0,0.6666666666666666,0.12015005190750572,1.0,0.6892975880839397,1.0,0.9889704911375258,0.0006666666666666666,1.0,1.0,0.69621126107334,0.7690934745718669,0.8419756880703939,0
759,0.7679411064388018,0.5,0.9971731448763251,0.4782608695652174,0.375,0.7142857142857143,0.0,0.6666666666666666,0.689587329820852,0.5,0.6002487580645692,1.0,0.9969282804736703,0.0006666666666666666,0.9996666666666667,1.0,0.7486653529278953,0.8610466196042528,0.9734278862806103,0
760,0.11064621106462114,0.0,0.0,0.0075987841945288626,0.15625,0.2857142857142857,0.0,0.6666666666666666,0.024150692244904404,0.0,0.06403835011084558,0.8992997665888629,0.8990615208266682,0.0,0.8286666666666667,0.5,0.61992109639183,0.6970175051641553,0.7741139139364805,0
761,0.062382297551789145,0.0,0.0,0.0075987841945288626,0.15625,0.2857142857142857,0.0,0.6666666666666666,0.024148874780958396,0.0,0.06445432982507382,0.8936312104034678,0.8851739744602621,0.0,0.771,0.5,0.5526592653276576,0.7457858030715779,0.9389123408154982,0
762,0.11064621106462114,0.0,0.0,0.0075987841945288626,0.15625,0.2857142857142857,0.0,0.6666666666666666,0.024161134442342358,0.0,0.03158717828243274,0.9329776592197399,0.922028943923967,0.0,0.8056666666666666,0.5,0.6304148747420582,0.7456263575665873,0.8608378403911164,0
763,0.062382297551789145,0.0,0.0,0.0075987841945288626,0.15625,0.2857142857142857,0.0,0.6666666666666666,0.024148945680388056,0.0,0.0242420432408319,0.831943981327109,0.848155286532998,0.0,0.8563333333333334,0.5,0.6005883716158237,0.6964327713322274,0.792277171048631,0
764,0.3328581207765309,0.4,0.9978798586572438,0.5964912280701755,0.46875,0.8571428571428571,0.0,0.6666666666666666,0.3581355787049073,0.5,0.6964481568484135,1.0,0.9981955006752822,0.0003333333333333333,0.9996666666666667,1.0,0.770403578788096,0.8136810397378572,0.8569585006876185,0
765,0.0,0.0,0.0,0.0075987841945288626,0.15625,0.2857142857142857,0.0,0.6666666666666666,0.0241488738896124,0.0,0.062202742441281544,0.7175725241747248,0.6908132144285712,0.0,0.9406666666666667,0.0,0.5050890606046986,0.5386503017151182,0.5722115428255378,0
766,0.0,0.0,0.9674911660777386,0.19696969696969702,0.125,0.42857142857142855,0.0,0.6666666666666666,0.024149055824375876,0.0,0.15212329915669087,0.9916638879626543,0.8583451881049935,0.0,0.9963333333333333,0.0,0.5905912850925854,0.6084231080205341,0.6262549309484828,0
767,0.1373542855987826,0.0,0.0,0.0075987841945288626,0.15625,0.2857142857142857,0.0,0.6666666666666666,0.024225749715875544,0.0,0.0996353530026346,0.9729909969989997,0.9488453611018708,0.0,0.9036666666666666,0.5,0.6505751581871786,0.8214028335695809,0.9922305089519832,0
768,0.11064621106462114,0.0,0.0,0.0075987841945288626,0.15625,0.2857142857142857,0.0,0.6666666666666666,0.02414935383989303,0.0,0.0614552334721532,0.8836278759586529,0.892596379900114,0.0,0.7403333333333333,0.5,0.5968522342184635,0.78353140344235,0.9702105726662363,0
769,0.0,0.0,0.0,0.0075987841945288626,0.15625,0.2857142857142857,0.0,0.6666666666666666,0.0241488738896124,0.0,0.048554379540472925,0.6635545181727243,0.6925498596519906,0.0,0.8983333333333333,0.5,0.46882870983285224,0.5869371333135432,0.7050455567942342,0
770,0.0,0.0,0.0,0.0075987841945288626,0.15625,0.2857142857142857,0.0,0.6666666666666666,0.024148873889642486,0.0,0.043464250329662835,0.721240413471157,0.7750483345386191,0.0,0.8566666666666667,0.5,0.5084757192309671,0.6115066154309116,0.714537511630856,0
771,0.11064621106462114,0.0,0.0,0.0075987841945288626,0.15625,0.2857142857142857,0.0,0.6666666666666666,0.024150135330653466,0.0,0.08636659909744271,0.8829609869956652,0.8888067905199266,0.0,0.8323333333333334,0.5,0.6184184135380301,0.6900747747880196,0.7617311360380091,0
772,0.2703581207765309,0.1,0.9964664310954063,0.10169491525423724,0.28125,0.5714285714285714,0.0,0.6666666666666666,0.055340638650657414,0.0,0.033980756503063536,0.9969989996665555,0.9833838127999714,0.0,0.9973333333333333,1.0,0.7353731737188974,0.7718483095312733,0.8083234453436491,0
773,0.062382297551789145,0.0,0.8671378091872791,0.0075987841945288626,0.1875,0.2857142857142857,0.0,0.6666666666666666,0.024595126660730937,0.0,0.05767239079988129,0.980326775591864,0.9562776162361445,0.0,0.8563333333333334,1.0,0.6840294061584871,0.7926834865174132,0.9013375668763393,0
774,0.11064621106462114,0.0,0.8671378091872791,0.0075987841945288626,0.1875,0.2857142857142857,0.0,0.6666666666666666,0.02417443369703076,0.0,0.023531867373396298,0.9356452150716905,0.9046689677595658,0.0,0.878,1.0,0.6703284322114665,0.6895843944405726,0.7088403566696787,0
775,0.7820749014804559,0.8,0.9985865724381625,0.7424749163879598,0.59375,1.0,0.0,0.6666666666666666,0.798949557544236,0.5,0.63460722327184,1.0,0.9975990229412259,0.0003333333333333333,1.0,1.0,0.7802590911234228,0.8021421672151312,0.8240252433068396,0
776,0.5400418396294897,0.8,0.9992932862190813,0.679144385026738,0.375,0.8571428571428571,0.0,0.6666666666666666,0.548474649035299,1.0,0.5224176714330446,1.0,0.9943168013579453,0.0006666666666666666,1.0,1.0,0.8464787885365551,0.8715073537333464,0.8965359189301377,0
777,0.5765003304901691,0.3,0.9837455830388693,0.0075987841945288626,0.40625,0.2857142857142857,0.0,0.6666666666666666,0.07183470151402838,0.0,0.2512153455549393,0.9986662220740247,0.9865020038750084,0.0,0.997,1.0,0.7593728015175423,0.8301611264533604,0.9009494513891785,0
778,0.07131086898036054,0.0,0.9484098939929329,0.0075987841945288626,0.25,0.2857142857142857,0.0,0.6666666666666666,0.024662497855310495,0.0,0.06448743619305108,0.9636545515171724,0.9273432984195581,0.0,0.8753333333333333,1.0,0.7203387930539068,0.7523411517292391,0.7843435104045715,0
779,0.0,0.0,0.0,0.0075987841945288626,0.15625,0.2857142857142857,0.0,0.6666666666666666,0.0241488738896124,0.0,0.011017191055282427,0.7762587529176392,0.7793567764629894,0.0,0.8383333333333334,0.5,0.45947974853949125,0.6951106895537278,0.9307416305679644,0
780,0.07131086898036054,0.0,0.9484098939929329,0.0075987841945288626,0.25,0.2857142857142857,0.0,0.6666666666666666,0.02443609339102437,0.0,0.014374767654775966,0.9646548849616539,0.9085321471114408,0.0,0.899,1.0,0.7318146190282965,0.7368069795534657,0.7417993400786349,0
781,0.11064621106462114,0.0,0.0,0.0075987841945288626,0.15625,0.2857142857142857,0.0,0.6666666666666666,0.024149903582278642,0.0,0.058615641797783335,0.877625875291764,0.891893487949469,0.0,0.7683333333333333,0.5,0.6061169300742386,0.7269555915997579,0.8477942531252772,0
782,0.062382297551789145,0.0,0.0,0.0075987841945288626,0.15625,0.2857142857142857,0.0,0.6666666666666666,0.024148873900669776,0.0,0.011996869808029387,0.7942647549183062,0.8341849306072933,0.0,0.7533333333333333,0.5,0.5259237007719538,0.7587015369104815,0.9914793730490092,0
783,0.7594648741332652,1.0,1.0,0.8964851293935883,0.46875,1.0,0.0,0.6666666666666666,0.859091311097157,1.0,0.7801801948837954,1.0,0.9956322361052711,0.0036666666666666666,1.0,1.0,0.8524318484280352,0.867036702726371,0.8816415570247068,0
784,0.0,0.0,0.0,0.0075987841945288626,0.15625,0.2857142857142857,0.0,0.6666666666666666,0.024148894332036597,0.0,0.05422026088372156,0.8642880960320107,0.8153448045496756,0.0,0.9146666666666666,0.0,0.6213714814808868,0.6253479506800943,0.6293244198793019,0
785,0.4159202363623762,0.2,0.976678445229682,0.07936507936507942,0.1875,0.7142857142857143,0.0,0.6666666666666666,0.0569814706299252,0.0,0.2232943894431959,0.9979993331110371,0.9681991333128617,0.0,0.995,1.0,0.6719172219861362,0.8297161555603089,0.9875150891344815,0
786,0.062382297551789145,0.0,0.0,0.0075987841945288626,0.15625,0.2857142857142857,0.0,0.6666666666666666,0.024148880234706738,0.0,0.04156070004498036,0.8702900966988997,0.874462220851441,0.0,0.79,0.5,0.5689617473079117,0.7274445207140129,0.8859272941201141,0
787,0.8600075379496777,1.0,1.0,0.8964851293935883,0.625,1.0,0.0,0.6666666666666666,0.9148019157206666,1.0,0.7781496522341018,1.0,0.9976910429061195,0.0033333333333333335,1.0,1.0,0.8640433520023157,0.8702319978707289,0.8764206437391422,0
788,0.0,0.0,0.0,0.0075987841945288626,0.15625,0.2857142857142857,0.0,0.6666666666666666,0.024148874134248155,0.0,0.04193968185144037,0.8042680893631211,0.8074431699234763,0.0,0.893,0.0,0.5713574858441147,0.6160897361166379,0.660821986389161,0
789,0.13630898943153524,0.0,0.8671378091872791,0.0075987841945288626,0.1875,0.2857142857142857,0.0,0.6666666666666666,0.024434447474857235,0.0,0.1473357473449024,0.9923307769256419,0.9719289095658904,0.0,0.951,1.0,0.669029190857109,0.8293583086960117,0.9896874265349144,0
790,0.0,0.0,0.0,0.0075987841945288626,0.15625,0.2857142857142857,0.0,0.6666666666666666,0.024148873889613287,0.0,0.06385190652874106,0.7489163054351451,0.7022832828877537,0.0,0.9463333333333334,0.0,0.5366950243804696,0.5479639062075097,0.5592327880345497,0
791,0.062382297551789145,0.0,0.0,0.0075987841945288626,0.15625,0.2857142857142857,0.0,0.6666666666666666,0.024148908153382997,0.0,0.06302179067545888,0.8829609869956652,0.8069930783267729,0.0,0.9276666666666666,0.0,0.6448338037910584,0.6511596157120784,0.6574854276330984,0
792,0.3807430124114225,0.6,0.9978798586572438,0.5964912280701755,0.59375,0.8571428571428571,0.0,0.6666666666666666,0.6682234872522529,0.0,0.4865878801626923,0.9996665555185061,0.9943458076151112,0.0006666666666666666,1.0,1.0,0.8444777314058335,0.8577271914463345,0.8709766514868356,0
793,0.11064621106462114,0.0,0.0,0.0075987841945288626,0.15625,0.2857142857142857,0.0,0.6666666666666666,0.02414887390586762,0.0,0.0691600268263215,0.7755918639546515,0.8253285072877468,0.0,0.8123333333333334,0.5,0.5328939469327983,0.6564801352666461,0.7800663236004939,0
794,0.062382297551789145,0.0,0.0,0.0075987841945288626,0.15625,0.2857142857142857,0.0,0.6666666666666666,0.024148873889803357,0.0,0.06712595595867987,0.7912637545848616,0.8219932538627841,0.0,0.7996666666666666,0.5,0.5087094530212377,0.7054606631613931,0.9022118733015484,0
795,0.8773252706616756,0.9,1.0,0.8964851293935883,0.5625,1.0,0.0,0.6666666666666666,0.8948425819486637,1.0,0.577004145072064,1.0,0.9957244484183079,0.0033333333333333335,1.0,1.0,0.8099327826749361,0.8935654937751294,0.9771982048753228,0
796,0.6003313407499195,0.7,0.9957597173144876,0.679144385026738,0.4375,0.8571428571428571,0.0,0.6666666666666666,0.598080821051474,0.0,0.024640211422133462,0.9993331110370124,0.9896005948922748,0.0,0.9993333333333333,1.0,0.8118549764181755,0.8281956569261995,0.8445363374342234,0
797,0.0,0.3,0.9674911660777386,0.19696969696969702,0.125,0.42857142857142855,0.0,0.6666666666666666,0.02579297433155403,0.0,0.21542258277394244,0.9986662220740247,0.9540469242183753,0.0,0.9953333333333333,0.5,0.6266042767519014,0.7034616705047563,0.7803190642576112,0
798,0.7807382440252113,0.9,0.9985865724381625,0.7424749163879598,0.75,1.0,0.0,0.6666666666666666,0.8497685565850418,0.5,0.49089303893475245,0.9996665555185061,0.9965157447886448,0.001,1.0,1.0,0.7728586803534977,0.8659593272538922,0.9590599741542868,0
799,0.0,0.0,0.0,0.0075987841945288626,0.15625,0.2857142857142857,0.0,0.6666666666666666,0.024148873889618838,0.0,0.016228904860102977,0.7315771923974659,0.7884104113953279,0.0,0.7956666666666666,0.5,0.49135180124025024,0.7178557124586604,0.9443596236770707,0
800,0.062382297551789145,0.0,0.0,0.0075987841945288626,0.15625,0.2857142857142857,0.0,0.6666666666666666,0.024150244078502747,0.0,0.04574870341073389,0.8769589863287762,0.8694720645992866,0.0,0.8616666666666667,0.5,0.6308637134647453,0.7096354607828133,0.788407208100881,0
801,0.47920992194390577,0.6,0.9985865724381625,0.5964912280701755,0.25,0.8571428571428571,0.0,0.6666666666666666,0.6768787131359141,1.0,0.8623151250089366,1.0,0.9989525012058601,0.001,1.0,1.0,0.8152571474685477,0.8422248585695629,0.8691925696705781,0
802,0.5233751729628231,0.6,0.9992932862190813,0.679144385026738,0.375,0.8571428571428571,0.0,0.6666666666666666,0.6573703051329924,1.0,0.6995256649184496,1.0,0.9947677196506014,0.0006666666666666666,1.0,1.0,0.8463433369493161,0.8841212569572808,0.9218991769652456,0
803,0.0,0.0,0.0,0.0075987841945288626,0.15625,0.2857142857142857,0.0,0.6666666666666666,0.0241488738896124,0.0,0.04374144616293152,0.7542514171390463,0.7684950674402138,0.0,0.8346666666666667,0.5,0.4597433477606123,0.7181447897813394,0.9765462318020666,0
804,0.47206706480104865,0.6,0.9978798586572438,0.5964912280701755,0.59375,0.8571428571428571,0.0,0.6666666666666666,0.5626133930155865,0.5,0.4062910907003433,0.9996665555185061,0.9963364288863458,0.0006666666666666666,1.0,1.0,0.8269576098846407,0.8360427713706816,0.8451279328567225,0
805,0.6226431687069087,0.5,0.9992932862190813,0.679144385026738,0.5,0.8571428571428571,0.0,0.6666666666666666,0.8448121395018294,0.5,0.5689366093650433,1.0,0.9955202438268737,0.0003333333333333333,0.9996666666666667,1.0,0.8580320081111318,0.913651506962522,0.9692710058139122,0
806,0.7461042137101237,1.0,0.9992932862190813,0.8964851293935883,0.4375,1.0,0.0,0.6666666666666666,0.9173013987299973,1.0,0.894931589496832,1.0,0.9992222164750846,0.004,1.0,1.0,0.8851977558309895,0.9376504937215601,0.9901032316121307,0
807,0.0,0.0,0.9674911660777386,0.19696969696969702,0.125,0.42857142857142855,0.0,0.6666666666666666,0.026790941684490255,0.0,0.1512459767874631,0.9949983327775925,0.9291153723732817,0.0,0.9936666666666667,0.5,0.6164603474671604,0.7814450170159515,0.9464296865647427,0
808,0.21274563318777295,0.0,0.9915194346289753,0.07936507936507942,0.25,0.7142857142857143,0.0,0.6666666666666666,0.0242137027100916,0.0,0.20989005447403963,0.995998666222074,0.9142596656176891,0.0,0.997,0.5,0.6026907507250269,0.6801583014942628,0.7576258522634988,0
809,0.11064621106462114,0.0,0.0,0.0075987841945288626,0.15625,0.2857142857142857,0.0,0.6666666666666666,0.02419018375004156,0.0,0.08363093516342035,0.9596532177392464,0.9404332746354452,0.0,0.825,0.5,0.6438844765220068,0.7572516319371805,0.8706187873523542,0
810,0.19059750976591983,0.0,0.9469964664310954,0.0075987841945288626,0.15625,0.2857142857142857,0.0,0.6666666666666666,0.025797991763387373,0.0,0.09470596501128437,0.9836612204068023,0.955690822665373,0.0,0.882,1.0,0.7276799037401654,0.7317727015568761,0.7358654993735868,0
811,0.45489614717502236,0.5,1.0,0.19696969696969702,0.40625,0.42857142857142855,0.0,0.6666666666666666,0.48176250711513124,0.0,0.480923798207068,0.9996665555185061,0.9964480055579187,0.0,0.9993333333333333,1.0,0.7282634128335236,0.8413701629098701,0.9544769129862166,0
812,0.062382297551789145,0.0,0.0,0.0075987841945288626,0.15625,0.2857142857142857,0.0,0.6666666666666666,0.024148884136181104,0.0,0.017984252516111687,0.8732910970323441,0.796651131291728,0.0,0.9286666666666666,0.0,0.6411778952227178,0.643156072771564,0.6451342503204102,0
813,0.11064621106462114,0.0,0.9519434628975265,0.0075987841945288626,0.1875,0.2857142857142857,0.0,0.6666666666666666,0.024305893643094323,0.0,0.011246125225226722,0.9636545515171724,0.9287187681812412,0.0,0.894,1.0,0.6833289353558151,0.6995040964132757,0.7156792574707364,0
814,0.0,0.0,0.0,0.0075987841945288626,0.15625,0.2857142857142857,0.0,0.6666666666666666,0.024148873889615508,0.0,0.05278150156374617,0.7139046348782927,0.7715053888967739,0.0,0.8536666666666667,0.5,0.49588393184545715,0.6176469312485842,0.7394099306517111,0
815,0.11064621106462114,0.0,0.0,0.0075987841945288626,0.15625,0.2857142857142857,0.0,0.6666666666666666,0.024148991256486285,0.0,0.04610177774856816,0.8376125375125042,0.8728441886050342,0.0,0.7766666666666666,0.5,0.58744694701012,0.7153135261702495,0.8431801053303788,0
816,0.0,0.0,0.8671378091872791,0.0075987841945288626,0.1875,0.2857142857142857,0.0,0.6666666666666666,0.02414887388962983,0.0,0.21100379232921418,0.8926308769589864,0.6885283156846035,0.0,0.9893333333333333,0.5,0.5065059317815531,0.5881812115618044,0.6698564913420555,0
817,0.5292099219439058,0.8,0.9992932862190813,0.8964851293935883,0.5,1.0,0.0,0.6666666666666666,0.7454708902843693,1.0,0.7090461917592604,1.0,0.9962984174082936,0.0013333333333333333,1.0,1.0,0.8135979497365365,0.8498099900309705,0.8860220303254044,0
818,0.11064621106462114,0.0,0.0,0.0075987841945288626,0.15625,0.2857142857142857,0.0,0.6666666666666666,0.024152874628149523,0.0,0.08645323833186813,0.928976325441814,0.9184374661640151,0.0,0.849,0.5,0.6164649337841274,0.7799202513635157,0.9433755689429041,0
819,0.2943063009747111,0.2,0.992226148409894,0.10169491525423724,0.28125,0.5714285714285714,0.0,0.6666666666666666,0.0712116213543913,0.0,0.2275571604985701,0.9989996665555185,0.9900808020763187,0.0,0.999,1.0,0.7820274437103767,0.7879758203528588,0.7939241969953409,0
820,0.062382297551789145,0.0,0.0,0.0075987841945288626,0.15625,0.2857142857142857,0.0,0.6666666666666666,0.024148881442135783,0.0,0.06955327125821531,0.8059353117705902,0.8307548224093588,0.0,0.8586666666666667,0.5,0.5824893609199288,0.6852179424403444,0.7879465239607601,0
821,0.28246397663238665,0.4,0.992226148409894,0.19696969696969702,0.375,0.42857142857142855,0.0,0.6666666666666666,0.3895721641601614,0.0,0.30909421172122953,0.9989996665555185,0.9846623767046303,0.0,0.9996666666666667,1.0,0.7175104168157176,0.840113958484547,0.9627175001533763,0
822,0.0,0.0,0.0,0.0075987841945288626,0.15625,0.2857142857142857,0.0,0.6666666666666666,0.0241488738896124,0.0,0.03888741178880273,0.6982327442480827,0.7056948938972396,0.0,0.903,0.5,0.4421734889725873,0.5588895154454557,0.6756055419183242,0
823,0.062382297551789145,0.0,0.0,0.0075987841945288626,0.15625,0.2857142857142857,0.0,0.6666666666666666,0.02414887875420324,0.0,0.05690731097405455,0.9023007669223074,0.891638762721704,0.0,0.7666666666666666,0.5,0.5644477896719519,0.7460348087588078,0.9276218278456636,0
824,0.6226431687069087,0.6,1.0,0.679144385026738,0.5625,0.8571428571428571,0.0,0.6666666666666666,0.8311426146901533,0.3333333333333333,0.12471998763579129,0.9993331110370124,0.9933746069101407,0.0003333333333333333,0.9996666666666667,1.0,0.8518284178302326,0.9124868941726767,0.9731453705151207,0
825,0.45954730996572,0.7,0.992226148409894,0.19696969696969702,0.375,0.42857142857142855,0.0,0.6666666666666666,0.590893048384696,0.6666666666666666,0.7219598707092771,1.0,0.9961262241745733,0.0006666666666666666,0.9996666666666667,1.0,0.7248103757222363,0.848926512485882,0.9730426492495279,0
826,0.6669980074165861,0.9,1.0,0.679144385026738,0.53125,0.8571428571428571,0.0,0.6666666666666666,0.7723650425148659,1.0,0.7809694528806727,1.0,0.9964356969491379,0.0013333333333333333,1.0,1.0,0.8358842738732329,0.8513819035636365,0.86687953325404,0
827,0.07131086898036054,0.1,0.9696113074204947,0.020408163265306145,0.125,0.42857142857142855,0.0,0.6666666666666666,0.03406287798389551,0.0,0.3926917884386607,0.9973324441480493,0.9762733073340801,0.0,0.913,1.0,0.786485403630869,0.790160740355663,0.793836077080457,0
828,0.5030335580559908,0.8,1.0,0.8964851293935883,0.53125,1.0,0.0,0.6666666666666666,0.7556989629802712,1.0,0.8969157674496913,1.0,0.9993571201830941,0.001,1.0,1.0,0.8845002336775513,0.8963340146001622,0.9081677955227729,0
829,0.0,0.0,0.0,0.0075987841945288626,0.15625,0.2857142857142857,0.0,0.6666666666666666,0.024148873889612954,0.0,0.03337943660142517,0.7025675225075025,0.770373205481185,0.0,0.8066666666666666,0.5,0.48173108403004994,0.7041694490223378,0.9266078140146257,0
830,0.8860423963374773,0.8,1.0,0.8964851293935883,0.75,1.0,0.0,0.6666666666666666,0.91703669067316,1.0,0.8404126841309127,1.0,0.9993211222977677,0.0023333333333333335,1.0,1.0,0.8650367368725606,0.9144561888231558,0.9638756407737511,0
831,0.062382297551789145,0.0,0.0,0.0075987841945288626,0.15625,0.2857142857142857,0.0,0.6666666666666666,0.02414887388962139,0.0,0.03702353449948681,0.7409136378792931,0.7894229781939575,0.0,0.8160000000000001,0.5,0.497606940591769,0.6769452234744949,0.8562835063572208,0
832,0.11064621106462114,0.0,0.9816254416961131,0.10169491525423724,0.21875,0.5714285714285714,0.0,0.6666666666666666,0.024352215534245936,0.0,0.1612549768685031,0.9753251083694565,0.9211790417115931,0.0,0.9426666666666667,0.5,0.6346268387157437,0.7056463627106984,0.7766658867056532,0
833,0.062382297551789145,0.0,0.0,0.0075987841945288626,0.15625,0.2857142857142857,0.0,0.6666666666666666,0.024148873921245873,0.0,0.05331711944993189,0.7519173057685895,0.7646034493026106,0.0,0.896,0.5,0.5644193155662858,0.6306776029673109,0.6969358903683359,0
834,0.0,0.0,0.0,0.0075987841945288626,0.15625,0.2857142857142857,0.0,0.6666666666666666,0.0241488738896124,0.0,0.010897135234449351,0.7752584194731578,0.7774458547971141,0.0,0.8393333333333333,0.5,0.45832462600350304,0.6937910026816655,0.929257379359828,0
835,0.19518245185086192,0.0,0.9469964664310954,0.0075987841945288626,0.15625,0.2857142857142857,0.0,0.6666666666666666,0.027388666998194533,0.0,0.14267311969946317,0.9899966655551851,0.9681618069393036,0.0,0.9373333333333334,1.0,0.7281997769557519,0.7520509817105225,0.7759021864652933,0
836,0.11064621106462114,0.0,0.9674911660777386,0.19696969696969702,0.125,0.42857142857142855,0.0,0.6666666666666666,0.025775891386762284,0.0,0.04478347386849668,0.9879959986662221,0.9382739080132638,0.0,0.9463333333333334,0.5,0.6462458805597221,0.7378787911744059,0.8295117017890897,0
837,0.0,0.0,0.0,0.0075987841945288626,0.15625,0.2857142857142857,0.0,0.6666666666666666,0.0241488738896124,0.0,0.06464807848603071,0.6988996332110704,0.7007214862310114,0.0,0.886,0.5,0.41745579337547156,0.6797481307374327,0.9420404680993938,0
838,0.0,0.0,0.0,0.0075987841945288626,0.15625,0.2857142857142857,0.0,0.6666666666666666,0.0241488738896124,0.0,0.01350552070916411,0.6858952984328109,0.6741220583313994,0.0,0.904,0.5,0.399155886438831,0.6643668236302085,0.929577760821586,0
839,0.15217391304347827,0.0,0.9752650176678446,0.14084507042253525,0.15625,0.2857142857142857,0.0,0.6666666666666666,0.025011775384721324,0.0,0.19753539904647344,0.9953317772590864,0.9280808108758373,0.0,0.9936666666666667,0.5,0.6649320664222114,0.7311525615608954,0.7973730566995793,0
840,0.7203624207808308,0.8,0.9992932862190813,0.8964851293935883,0.65625,1.0,0.0,0.6666666666666666,0.8708154715551285,1.0,0.6721329342673579,1.0,0.9967146779427477,0.002,1.0,1.0,0.8441918258201555,0.8853685458266368,0.9265452658331181,0
841,0.0,0.0,0.0,0.0075987841945288626,0.15625,0.2857142857142857,0.0,0.6666666666666666,0.0241488738896124,0.0,0.0180894857984375,0.664221407135712,0.6922580135177228,0.0,0.895,0.5,0.45832859515905194,0.5906150266721418,0.7229014581852318,0
842,0.49925356969570944,0.6,0.976678445229682,0.07936507936507942,0.1875,0.7142857142857143,0.0,0.6666666666666666,0.18816207659726691,0.5,0.5047369966638111,1.0,0.9879594141324682,0.0003333333333333333,0.9996666666666667,1.0,0.6976388910988571,0.823591756123105,0.9495446211473529,0
843,0.5447746294845621,0.9,1.0,0.8964851293935883,0.59375,1.0,0.0,0.6666666666666666,0.891048960075122,1.0,0.7661244625385089,1.0,0.9983042796030446,0.003,1.0,1.0,0.9025519662848581,0.9406609678378075,0.9787699693907569,0
844,0.0,0.0,0.0,0.0075987841945288626,0.15625,0.2857142857142857,0.0,0.6666666666666666,0.0241488738896124,0.0,0.032249797348698594,0.6818939646548849,0.7288886924178587,0.0,0.8596666666666667,0.5,0.44370240129745436,0.6356241571464243,0.8275459129953943,0
845,0.0,0.0,0.0,0.0075987841945288626,0.15625,0.2857142857142857,0.0,0.6666666666666666,0.0241488738896124,0.0,0.05123544061073826,0.6932310770256752,0.7514941637052052,0.0,0.842,0.5,0.47313405836477274,0.6120848861452677,0.7510357139257627,0
846,0.0,0.0,0.0,0.0075987841945288626,0.15625,0.2857142857142857,0.0,0.6666666666666666,0.0241488738896124,0.0,0.027891223899954576,0.6938979659886628,0.6971385405864005,0.0,0.9023333333333333,0.5,0.414586364558154,0.5917138185582662,0.7688412725583785,0
847,0.557483632902043,0.6,0.9992932862190813,0.39669421487603307,0.34375,0.5714285714285714,0.0,0.6666666666666666,0.23132726335061637,0.5,0.6726178531422129,1.0,0.9966403817930334,0.0003333333333333333,0.9996666666666667,1.0,0.7977308399290397,0.8817431309927974,0.9657554220565552,0
848,0.1821739130434783,0.1,0.9752650176678446,0.14084507042253525,0.15625,0.2857142857142857,0.0,0.6666666666666666,0.04087530538534645,0.0,0.3864113100164509,0.9993331110370124,0.9716915125483102,0.0,0.9936666666666667,1.0,0.7089628151439571,0.7861047864277921,0.8632467577116273,0
849,0.5993200840300168,0.9,0.9985865724381625,0.8964851293935883,0.59375,1.0,0.0,0.6666666666666666,0.874399120955776,0.5,0.12303408813558303,0.9996665555185061,0.9962140936482488,0.0016666666666666668,0.9996666666666667,1.0,0.8846668135021527,0.9358625972596482,0.9870583810171436,0
850,0.8827907304989521,1.0,1.0,0.8964851293935883,0.71875,1.0,0.0,0.6666666666666666,0.9222822931095718,1.0,0.8104817076133248,1.0,0.9985526404331225,0.005333333333333333,1.0,1.0,0.9013695152517435,0.9406010834857337,0.9798326517197239,0
851,0.18166893833734843,0.0,0.8671378091872791,0.0075987841945288626,0.1875,0.2857142857142857,0.0,0.6666666666666666,0.025050066036095164,0.0,0.26497026472553076,0.9906635545181727,0.9677956488072286,0.0,0.9456666666666667,1.0,0.6884255098667982,0.7716749197588726,0.854924329650947,0
852,0.11064621106462114,0.0,0.0,0.0075987841945288626,0.15625,0.2857142857142857,0.0,0.6666666666666666,0.02414893081831626,0.0,0.016296536128357575,0.8206068689563187,0.848043919730634,0.0,0.849,0.5,0.5979952566190517,0.659269871134953,0.720544485650854,0
853,0.0,0.0,0.0,0.0075987841945288626,0.15625,0.2857142857142857,0.0,0.6666666666666666,0.0241488738896124,0.0,0.03414345224491544,0.7382460820273424,0.7716523801526803,0.0,0.8223333333333334,0.5,0.47033238592369914,0.7316107009316811,0.992889015939663,0
854,0.15217391304347827,0.0,0.9752650176678446,0.14084507042253525,0.15625,0.2857142857142857,0.0,0.6666666666666666,0.024148875538172354,0.0,0.03361007065592214,0.9839946648882961,0.7911064185378625,0.0,0.9973333333333333,0.0,0.56504579331292,0.6057235545488777,0.6464013157848355,0
855,0.062382297551789145,0.0,0.0,0.0075987841945288626,0.15625,0.2857142857142857,0.0,0.6666666666666666,0.024148881205445782,0.0,0.060081002856666066,0.8032677559186395,0.8006894483154905,0.0,0.891,0.5,0.6037889071536594,0.6560784133828079,0.7083679196119564,0
856,0.0,0.0,0.9469964664310954,0.0075987841945288626,0.15625,0.2857142857142857,0.0,0.6666666666666666,0.024149350049231466,0.0,0.12012095099897446,0.9349783261087029,0.8305309028841485,0.0,0.9616666666666667,0.5,0.5777359309532706,0.6513328518386026,0.7249297727239347,0
857,0.22954730996572004,0.1,0.9816254416961131,0.10169491525423724,0.21875,0.5714285714285714,0.0,0.6666666666666666,0.02968661868918454,0.0,0.2544585257412276,0.9983327775925308,0.9848312918171657,0.0,0.898,1.0,0.7039547393137782,0.7448339948054188,0.7857132502970594,0
858,0.18166893833734843,0.0,0.8671378091872791,0.0075987841945288626,0.1875,0.2857142857142857,0.0,0.6666666666666666,0.02525389878733486,0.0,0.25172567861891115,0.991997332444148,0.9701539039995914,0.0,0.9506666666666667,1.0,0.6942989592707175,0.764517358502373,0.8347357577340285,0
859,0.0,0.0,0.0,0.0075987841945288626,0.15625,0.2857142857142857,0.0,0.6666666666666666,0.024149031136346588,0.0,0.04843012012233461,0.8859619873291097,0.8354815261460671,0.0,0.9106666666666666,0.0,0.6322199670151379,0.6388804273113953,0.6455408876076526,0
860,0.18166893833734843,0.0,0.8671378091872791,0.0075987841945288626,0.1875,0.2857142857142857,0.0,0.6666666666666666,0.024497759862035173,0.0,0.08613547430117219,0.9799933311103701,0.9522476249279574,0.0,0.8923333333333333,1.0,0.675284672490268,0.7574385406348372,0.8395924087794062,0
861,0.0,0.0,0.0,0.0075987841945288626,0.15625,0.2857142857142857,0.0,0.6666666666666666,0.024148874066400206,0.0,0.05282455554522991,0.806268756252084,0.7954457573048419,0.0,0.9026666666666667,0.0,0.5761441017462762,0.6085562997640742,0.6409684977818723,0
862,0.07131086898036054,0.0,0.9696113074204947,0.020408163265306145,0.125,0.42857142857142855,0.0,0.6666666666666666,0.024451171275711836,0.0,0.11026445707857624,0.9709903301100367,0.9000446386237438,0.0,0.928,1.0,0.6929604393734288,0.7400644870924257,0.7871685348114226,0
863,0.6538931687069087,0.9,1.0,0.679144385026738,0.40625,0.8571428571428571,0.0,0.6666666666666666,0.8489108590959424,1.0,0.6965073424374225,1.0,0.9956229113177726,0.0006666666666666666,1.0,1.0,0.8565119131286716,0.8991004240414564,0.9416889349542412,0
864,0.0,0.0,0.0,0.0075987841945288626,0.15625,0.2857142857142857,0.0,0.6666666666666666,0.024148873889616618,0.0,0.01613762369898397,0.7339113037679226,0.7874524100386878,0.0,0.798,0.5,0.4897055499784757,0.7181255711411696,0.9465455923038635,0
865,0.062382297551789145,0.0,0.0,0.0075987841945288626,0.15625,0.2857142857142857,0.0,0.6666666666666666,0.024148873891707723,0.0,0.017157398735447305,0.7295765255085028,0.7883045837728382,0.0,0.8353333333333334,0.5,0.528619840534581,0.6616518939699767,0.7946839474053724,0
866,0.0,0.0,0.0,0.0075987841945288626,0.15625,0.2857142857142857,0.0,0.6666666666666666,0.0241488738896124,0.0,0.02652781670658866,0.7002334111370456,0.757619690083835,0.0,0.8343333333333334,0.5,0.4657215044430549,0.6625677145703602,0.8594139246976655,0
867,0.1994621294845622,0.0,0.9519434628975265,0.0075987841945288626,0.1875,0.2857142857142857,0.0,0.6666666666666666,0.02512196774950559,0.0,0.10592058407986926,0.9766588862954318,0.9431796082362054,0.0,0.8553333333333333,1.0,0.7103001709256677,0.7762709329275133,0.8422416949293589,0
868,0.6834306025990127,0.8,0.9992932862190813,0.8964851293935883,0.5625,1.0,0.0,0.6666666666666666,0.8490843356966158,0.5,0.6955835733205891,1.0,0.9988991236126732,0.0006666666666666666,1.0,1.0,0.8853730205905675,0.9238881316089393,0.9624032426273111,0
869,0.0,0.0,0.9674911660777386,0.19696969696969702,0.125,0.42857142857142855,0.0,0.6666666666666666,0.02416757624016419,0.0,0.11564645266493467,0.9816605535178393,0.8760824175306958,0.0,0.9766666666666667,0.5,0.5711730354543642,0.7203091560705267,0.8694452766866893,0
870,0.062382297551789145,0.0,0.0,0.0075987841945288626,0.15625,0.2857142857142857,0.0,0.6666666666666666,0.02414889393611941,0.0,0.04108478561455042,0.8239413137712571,0.7985176600007367,0.0,0.9,0.5,0.6232745380125715,0.6549809202467854,0.6866873024809994,0
871,0.27229217379754034,0.3,0.9957597173144876,0.39669421487603307,0.3125,0.5714285714285714,0.0,0.6666666666666666,0.11789670375917005,0.0,0.13912666143983154,0.9986662220740247,0.9881490941966663,0.0,0.9976666666666667,1.0,0.7729916679655014,0.8727764051684193,0.9725611423713371,0
872,0.2943063009747111,0.2,0.992226148409894,0.10169491525423724,0.28125,0.5714285714285714,0.0,0.6666666666666666,0.08979261643469716,0.5,0.45658490456082335,0.9996665555185061,0.9928540222956554,0.0,0.999,1.0,0.7841282053269428,0.7895034514852048,0.7948786976434667,0
873,0.062382297551789145,0.0,0.0,0.0075987841945288626,0.15625,0.2857142857142857,0.0,0.6666666666666666,0.024162901314291663,0.0,0.04547264447030308,0.9136378792930977,0.8910373687327664,0.0,0.8653333333333333,0.5,0.6591776281967869,0.7239756931886048,0.7887737581804225,0
874,0.0,0.0,0.0,0.0075987841945288626,0.15625,0.2857142857142857,0.0,0.6666666666666666,0.0241488738896124,0.0,0.018940969882746184,0.6938979659886628,0.6889914033060693,0.0,0.904,0.5,0.41132032733563934,0.6244204599714815,0.8375205926073238,0
875,0.36641005506375923,0.3,0.9964664310954063,0.19696969696969702,0.40625,0.42857142857142855,0.0,0.6666666666666666,0.08153817969391353,0.0,0.25990806122194776,0.9996665555185061,0.9887967946752944,0.0,0.9993333333333333,1.0,0.67535152026258,0.8209321866321717,0.9665128530017635,0
876,0.062382297551789145,0.0,0.0,0.0075987841945288626,0.15625,0.2857142857142857,0.0,0.6666666666666666,0.024148873889618616,0.0,0.07175815205170488,0.7972657552517506,0.8151023165673712,0.0,0.8,0.5,0.4922139623202198,0.726241687106084,0.9602694118919483,0
877,0.4203581207765308,0.5,0.9943462897526502,0.19696969696969702,0.25,0.42857142857142855,0.0,0.6666666666666666,0.09581531390330356,0.5,0.5950998299302948,1.0,0.9952497061410804,0.0003333333333333333,0.9993333333333333,1.0,0.7300989744243367,0.7856111022911727,0.8411232301580086,0
878,0.09631086898036045,0.1,0.9830388692579506,0.14084507042253525,0.1875,0.2857142857142857,0.0,0.6666666666666666,0.0875164241805867,0.0,0.06561537341237511,0.9969989996665555,0.9790631677154508,0.0,0.997,1.0,0.7599687422185096,0.8336304550443094,0.9072921678701091,0
879,0.11064621106462114,0.0,0.8671378091872791,0.0075987841945288626,0.1875,0.2857142857142857,0.0,0.6666666666666666,0.02418307210124937,0.0,0.03822518277838327,0.9483161053684561,0.907744671124064,0.0,0.894,1.0,0.678996140004887,0.6849477806262395,0.6908994212475921,0
880,0.062382297551789145,0.0,0.0,0.0075987841945288626,0.15625,0.2857142857142857,0.0,0.6666666666666666,0.024148874109933383,0.0,0.09312082785152753,0.8609536512170723,0.869686138003742,0.0,0.7546666666666667,0.5,0.5432536852185861,0.7526760893777126,0.9620984935368391,0
881,0.2719621294845622,0.1,0.9484098939929329,0.0075987841945288626,0.25,0.2857142857142857,0.0,0.6666666666666666,0.037412970613522,1.0,0.5045527205084515,1.0,0.989862256159945,0.0,0.9973333333333333,1.0,0.7523044667599531,0.8192175155967477,0.8861305644335423,0
882,0.3487045537269864,0.6,0.9985865724381625,0.679144385026738,0.40625,0.8571428571428571,0.0,0.6666666666666666,0.376668290403145,1.0,0.540065645482163,1.0,0.9949900866618563,0.0003333333333333333,1.0,1.0,0.809619981723972,0.8620964058455669,0.9145728299671618,0
883,0.6297993342037381,0.4,0.9985865724381625,0.7424749163879598,0.375,1.0,0.0,0.6666666666666666,0.7625550882624497,0.3333333333333333,0.42835842344714814,0.9996665555185061,0.9957441968626725,0.0,0.9996666666666667,1.0,0.7553160531241083,0.8053434030977727,0.8553707530714372,0
884,0.8764096543517941,1.0,1.0,0.8964851293935883,0.90625,1.0,0.0,0.6666666666666666,0.909886487365113,1.0,0.7983783730668327,1.0,0.9978903320279676,0.0036666666666666666,1.0,1.0,0.8487719199525062,0.8599279535537541,0.871083987155002,0
885,0.6509179763363864,0.7,0.9978798586572438,0.8964851293935883,0.4375,1.0,0.0,0.6666666666666666,0.8307736724599281,0.5,0.7162996099824164,1.0,0.9993702577638889,0.0003333333333333333,0.9996666666666667,1.0,0.8605623494679044,0.8750111723505243,0.889459995233144,0
886,0.062382297551789145,0.0,0.8671378091872791,0.0075987841945288626,0.1875,0.2857142857142857,0.0,0.6666666666666666,0.0246194607138287,0.0,0.05483623831611528,0.9786595531843948,0.9539051809296767,0.0,0.8563333333333334,1.0,0.6852541887554064,0.7920674082456071,0.8988806277358077,0
887,0.13756436963239604,0.0,0.0,0.0075987841945288626,0.15625,0.2857142857142857,0.0,0.6666666666666666,0.024265297074258285,0.0,0.0953403709756866,0.9923307769256419,0.9721153738511837,0.0,0.942,0.5,0.6571920373595765,0.8178537275218063,0.9785154176840359,0
888,0.0,0.0,0.0,0.0075987841945288626,0.15625,0.2857142857142857,0.0,0.6666666666666666,0.0241488738896124,0.0,0.016218561494533712,0.719239746582194,0.7623405878616495,0.0,0.8366666666666667,0.5,0.4624490010331822,0.6724368060893644,0.8824246111455466,0
889,0.6003313407499195,0.7,0.9957597173144876,0.679144385026738,0.4375,0.8571428571428571,0.0,0.6666666666666666,0.6003775236219924,0.5,0.025262689430800234,0.9993331110370124,0.9898606480542443,0.001,0.9993333333333333,1.0,0.8120851430888156,0.8284120303224096,0.8447389175560035,0
890,0.0,0.0,0.0,0.0075987841945288626,0.15625,0.2857142857142857,0.0,0.6666666666666666,0.0241488738896124,0.0,0.01950658907810976,0.721240413471157,0.7356324111790267,0.0,0.8586666666666667,0.5,0.4416615952360017,0.7195225766157931,0.9973835579955844,0
891,0.11064621106462114,0.0,0.0,0.0075987841945288626,0.15625,0.2857142857142857,0.0,0.6666666666666666,0.024148874160060396,0.0,0.056469580847664624,0.8189396465488497,0.8515243675973736,0.0,0.8026666666666666,0.5,0.5475744319515479,0.6738677796038615,0.800161127256175,0
892,0.062382297551789145,0.0,0.0,0.0075987841945288626,0.15625,0.2857142857142857,0.0,0.6666666666666666,0.024180643591817708,0.0,0.07516519377203035,0.972324108036012,0.9435639326563644,0.0,0.84,0.5,0.6498440409793093,0.7645684548197527,0.8792928686601961,0
893,0.11064621106462114,0.0,0.0,0.0075987841945288626,0.15625,0.2857142857142857,0.0,0.6666666666666666,0.02415118303135899,0.0,0.07067298792943888,0.8979659886628877,0.9019390927297143,0.0,0.7876666666666666,0.5,0.6159074952951008,0.719462378818504,0.823017262341907,0
894,0.0,0.0,0.0,0.0075987841945288626,0.15625,0.2857142857142857,0.0,0.6666666666666666,0.0241488738896124,0.0,0.023081756680501497,0.7199066355451818,0.7548378585026754,0.0,0.8346666666666667,0.5,0.4599893459164016,0.7291411863319059,0.9982930267474104,0
895,0.062382297551789145,0.0,0.0,0.0075987841945288626,0.15625,0.2857142857142857,0.0,0.6666666666666666,0.024148873942631655,0.0,0.07084396512121971,0.8612870956985662,0.8663692744252278,0.0,0.7676666666666667,0.5,0.5358806154007915,0.7360872248914162,0.936293834382041,0
896,0.062382297551789145,0.0,0.0,0.0075987841945288626,0.15625,0.2857142857142857,0.0,0.6666666666666666,0.024148873932282933,0.0,0.026160359317139115,0.7635878626208736,0.8127064586913686,0.0,0.8223333333333334,0.5,0.5431116459045342,0.6793960876445961,0.8156805293846582,0
897,0.1994621294845622,0.0,0.9484098939929329,0.0075987841945288626,0.25,0.2857142857142857,0.0,0.6666666666666666,0.026982500899844775,0.0,0.05869478536697559,0.9849949983327776,0.9557611291709939,0.0,0.881,1.0,0.7341037070763993,0.7850572183581583,0.8360107296399175,0
898,0.0,0.0,0.0,0.0075987841945288626,0.15625,0.2857142857142857,0.0,0.6666666666666666,0.0241488738896124,0.0,0.039845862390088804,0.6828942980993664,0.6316571805714966,0.0,0.9466666666666667,0.0,0.41548090984433,0.5313525703927056,0.6472242309410812,0
899,0.062382297551789145,0.0,0.0,0.0075987841945288626,0.15625,0.2857142857142857,0.0,0.6666666666666666,0.0241488738976664,0.0,0.01795811161944305,0.7412470823607868,0.754386082589706,0.0,0.899,0.5,0.5577080824933797,0.6232722518804388,0.6888364212674978,0
900,0.26550724637681167,0.2,0.9752650176678446,0.14084507042253525,0.15625,0.2857142857142857,0.0,0.6666666666666666,0.058868174047175925,0.5,0.5380250164328793,1.0,0.9948376657035671,0.0003333333333333333,0.999,1.0,0.7207761741249032,0.8077334554218425,0.8946907367187817,0
901,0.11064621106462114,0.0,0.8671378091872791,0.0075987841945288626,0.1875,0.2857142857142857,0.0,0.6666666666666666,0.024149781081162613,0.0,0.06148195071330664,0.9093031010336778,0.8490125705494742,0.0,0.9156666666666666,0.5,0.629535490175396,0.6503092266402287,0.6710829631050614,0
902,0.062382297551789145,0.0,0.0,0.0075987841945288626,0.15625,0.2857142857142857,0.0,0.6666666666666666,0.024162729603349087,0.0,0.05587370995009555,0.9186395465155052,0.899559439457039,0.0,0.86,0.5,0.6536650803247535,0.7304301966666349,0.8071953130085162,0
903,0.07131086898036054,0.0,0.9816254416961131,0.14084507042253525,0.1875,0.2857142857142857,0.0,0.6666666666666666,0.024409679711398957,0.0,0.10563670949196491,0.9916638879626543,0.9291953539585224,0.0,0.9546666666666667,0.5,0.6550769798271778,0.7618390551291435,0.8686011304311092,0
904,0.0,0.0,0.0,0.0075987841945288626,0.15625,0.2857142857142857,0.0,0.6666666666666666,0.02414887388961251,0.0,0.019938599576352245,0.7315771923974659,0.7616455950018602,0.0,0.8743333333333333,0.5,0.48774003746469685,0.59224624903781,0.696752460610923,0
905,0.0,0.0,0.0,0.0075987841945288626,0.15625,0.2857142857142857,0.0,0.6666666666666666,0.024148873901939094,0.0,0.007746867901068377,0.7579193064354786,0.8181702346949112,0.0,0.7533333333333333,0.5,0.5261041176771108,0.753283309868868,0.9804625020606254,0
906,0.42240967907808913,0.5,0.9964664310954063,0.5964912280701755,0.5,0.8571428571428571,0.0,0.6666666666666666,0.4951231536871197,0.5,0.0665565386074457,0.9996665555185061,0.9962735114912968,0.0003333333333333333,0.9996666666666667,1.0,0.8232318513432944,0.8470597027074691,0.8708875540716438,0
907,0.22954730996572004,0.2,0.9816254416961131,0.10169491525423724,0.21875,0.5714285714285714,0.0,0.6666666666666666,0.031424723669580934,0.5,0.28935595058531494,0.9996665555185061,0.9873162072329972,0.0,0.9003333333333333,1.0,0.7054116335997891,0.7490221876164931,0.7926327416331971,0
908,0.20946212948456222,0.1,0.9696113074204947,0.020408163265306145,0.125,0.42857142857142855,0.0,0.6666666666666666,0.08009770265534244,0.0,0.12619463138618237,0.9973324441480493,0.9784375148310073,0.0,0.9973333333333333,1.0,0.7935528840406167,0.8300731959376615,0.8665935078347063,0
909,0.0,0.0,0.0,0.0075987841945288626,0.15625,0.2857142857142857,0.0,0.6666666666666666,0.0241488738896124,0.0,0.0647420717501418,0.6748916305435145,0.7116451903418319,0.0,0.889,0.5,0.4798481816760095,0.6014088446215371,0.7229695075670648,0
910,0.5348336638235025,0.7,0.9985865724381625,0.5964912280701755,0.625,0.8571428571428571,0.0,0.6666666666666666,0.60852742887941,1.0,0.6337222758028968,1.0,0.9942320401557622,0.0006666666666666666,1.0,1.0,0.8297412991479303,0.8741943433425943,0.9186473875372582,0
911,0.3487045537269864,0.6,0.9985865724381625,0.679144385026738,0.3125,0.8571428571428571,0.0,0.6666666666666666,0.32274453448142815,0.5,0.4467795223192875,0.9996665555185061,0.9928534864069434,0.0003333333333333333,0.9996666666666667,1.0,0.7968524084969975,0.8616128727685487,0.9263733370400999,0
912,0.5009531803575843,0.5,0.9978798586572438,0.19696969696969702,0.28125,0.42857142857142855,0.0,0.6666666666666666,0.06481233742359371,1.0,0.7506921257509774,1.0,0.9927011941098911,0.0003333333333333333,1.0,1.0,0.6841693328749064,0.736645363109965,0.7891213933450236,0
913,0.5938472692656793,0.7,1.0,0.5964912280701755,0.375,0.8571428571428571,0.0,0.6666666666666666,0.6926037081576754,1.0,0.6711350427827889,1.0,0.9970492750016221,0.0006666666666666666,1.0,1.0,0.8490917055820355,0.9138589341815733,0.978626162781111,0
914,0.27229217379754034,0.2,0.9936395759717315,0.0075987841945288626,0.4375,0.2857142857142857,0.0,0.6666666666666666,0.07523363563267504,0.0,0.3416860880293896,0.9993331110370124,0.9883683095371867,0.0,0.999,1.0,0.759846349104767,0.8590556871770859,0.9582650252494048,0
915,0.13630898943153524,0.0,0.8671378091872791,0.0075987841945288626,0.1875,0.2857142857142857,0.0,0.6666666666666666,0.024614413263227775,0.0,0.08020513312649358,0.9889963321107036,0.9682773629747348,0.0,0.956,1.0,0.6765393036943673,0.830205188631026,0.9838710735676846,0
916,0.773311554979965,0.9,0.9992932862190813,0.8964851293935883,0.65625,1.0,0.0,0.6666666666666666,0.9120058772733192,0.5,0.24001190750922352,0.9996665555185061,0.9987370320605039,0.005333333333333333,0.9996666666666667,1.0,0.8657567752237685,0.9316232970440642,0.99748981886436,0
917,0.11064621106462114,0.0,0.0,0.0075987841945288626,0.15625,0.2857142857142857,0.0,0.6666666666666666,0.024148965068385597,0.0,0.040947306119075266,0.9199733244414805,0.9070724544064339,0.0,0.7483333333333333,0.5,0.5844168345866457,0.7774331725613253,0.9704495105360049,0
918,0.0,0.0,0.0,0.0075987841945288626,0.15625,0.2857142857142857,0.0,0.6666666666666666,0.024148873890266098,0.0,0.03967101667119577,0.7585861953984662,0.8108674550320749,0.0,0.8256666666666667,0.5,0.5160539433205272,0.64960742289004,0.7831609024595528,0
919,0.062382297551789145,0.0,0.0,0.0075987841945288626,0.15625,0.2857142857142857,0.0,0.6666666666666666,0.024148873891162492,0.0,0.02944087997675615,0.7252417472490831,0.7605516431144741,0.0,0.888,0.5,0.5389191760367118,0.6302971106719316,0.7216750453071514,0
920,0.13630898943153524,0.0,0.9802120141342756,0.0075987841945288626,0.28125,0.2857142857142857,0.0,0.6666666666666666,0.02900561028397397,0.0,0.10674732062244463,0.9943314438146049,0.9697590222873607,0.0,0.9943333333333333,1.0,0.7170818545630244,0.8457900608706307,0.974498267178237,0
921,0.062382297551789145,0.0,0.0,0.0075987841945288626,0.15625,0.2857142857142857,0.0,0.6666666666666666,0.024171512024676267,0.0,0.061442401041095995,0.9813271090363455,0.9521484726854734,0.0,0.8333333333333334,0.5,0.6425912344411912,0.7729948692284634,0.9033985040157355,0
922,0.062382297551789145,0.0,0.0,0.0075987841945288626,0.15625,0.2857142857142857,0.0,0.6666666666666666,0.024148910914418953,0.0,0.02314771872200727,0.8226075358452818,0.8171062671398069,0.0,0.8856666666666667,0.5,0.6143531476335542,0.6677910153215416,0.7212288830095289,0
923,0.062382297551789145,0.0,0.0,0.0075987841945288626,0.15625,0.2857142857142857,0.0,0.6666666666666666,0.024148947072596294,0.0,0.052576627235752516,0.8549516505501834,0.8656399772197161,0.0,0.8453333333333333,0.5,0.5942238906706928,0.7119170085302416,0.8296101263897905,0
924,0.11064621106462114,0.0,0.0,0.0075987841945288626,0.15625,0.2857142857142857,0.0,0.6666666666666666,0.02415000609008766,0.0,0.044324804942448615,0.8759586528842948,0.8773076044975497,0.0,0.8406666666666667,0.5,0.6238536582739136,0.6781291932660245,0.7324047282581355,0
925,0.11064621106462114,0.0,0.0,0.0075987841945288626,0.15625,0.2857142857142857,0.0,0.6666666666666666,0.024150264235514807,0.0,0.06888039518990563,0.902967655885295,0.9059316184830633,0.0,0.798,0.5,0.6069061547933662,0.7489657242015142,0.8910252936096621,0
926,0.35369145410986413,0.4,0.9978798586572438,0.5964912280701755,0.46875,0.8571428571428571,0.0,0.6666666666666666,0.2266038493074065,0.5,0.5906935671971537,1.0,0.9945490660414847,0.0003333333333333333,1.0,1.0,0.7568688619581088,0.8028600107928019,0.8488511596274949,0
927,0.2951824518508619,0.2,0.9802120141342756,0.0075987841945288626,0.21875,0.2857142857142857,0.0,0.6666666666666666,0.025422245415725575,0.0,0.3472226947144186,0.9976658886295432,0.9839836635303467,0.0,0.8943333333333333,1.0,0.701127746759907,0.7553136677959174,0.8094995888319279,0
928,0.0,0.0,0.0,0.0075987841945288626,0.15625,0.2857142857142857,0.0,0.6666666666666666,0.0241488738896124,0.0,0.027077627855890962,0.6518839613204401,0.651047438090958,0.0,0.9213333333333333,0.5,0.4248523612029806,0.5633939729323465,0.7019355846617125,0
929,0.1994621294845622,0.1,0.9484098939929329,0.0075987841945288626,0.25,0.2857142857142857,0.0,0.6666666666666666,0.03161833244403223,0.0,0.34935995038220347,0.9986662220740247,0.9840913195261083,0.0,0.9826666666666667,1.0,0.7463315736053996,0.8046189756042545,0.8629063776031096,0
930,0.0,0.0,0.0,0.0075987841945288626,0.15625,0.2857142857142857,0.0,0.6666666666666666,0.024148873889968447,0.0,0.037303262637455425,0.7189063021007003,0.7978571980645821,0.0,0.774,0.5,0.5087085871083838,0.7067604907915053,0.9048123944746267,0
931,0.0,0.0,0.0,0.0075987841945288626,0.15625,0.2857142857142857,0.0,0.6666666666666666,0.0241488738896124,0.0,0.030880233211617147,0.6842280760253419,0.7133995249202618,0.0,0.8796666666666667,0.5,0.4406040446508306,0.6292551832005434,0.8179063217502562,0
932,0.11064621106462114,0.0,0.9519434628975265,0.0075987841945288626,0.1875,0.2857142857142857,0.0,0.6666666666666666,0.024156572439693935,0.0,0.09894632862088248,0.9336445481827276,0.869528635067535,0.0,0.9316666666666666,0.5,0.6280718290340264,0.6680156243310791,0.7079594196281317,0
933,0.8944626917183488,1.0,1.0,0.8964851293935883,0.75,1.0,0.0,0.6666666666666666,0.9007956482543273,1.0,0.9168296256944221,1.0,0.9993129011343708,0.004,1.0,1.0,0.9597237435897409,0.9640627704665894,0.968401797343438,0
934,0.23657788808325475,0.3,0.9957597173144876,0.39669421487603307,0.5,0.5714285714285714,0.0,0.6666666666666666,0.23665001505236982,0.3333333333333333,0.340004709806477,0.9993331110370124,0.9930893513122673,0.0003333333333333333,0.999,1.0,0.790778270554954,0.8672359832602143,0.9436936959654746,0
935,0.6994562436246536,0.8,1.0,0.8964851293935883,0.6875,1.0,0.0,0.6666666666666666,0.8553567506140511,0.0,0.4846776496667311,0.9996665555185061,0.9967348511078441,0.0013333333333333333,1.0,1.0,0.8999672603982009,0.9399500290188665,0.9799327976395321,0
936,0.11064621106462114,0.0,0.9816254416961131,0.10169491525423724,0.21875,0.5714285714285714,0.0,0.6666666666666666,0.025417292510302114,0.0,0.2265897728691676,0.9896632210736912,0.9557211904813924,0.0,0.933,0.5,0.6586127616680303,0.727468717949761,0.7963246742314916,0
937,0.3585920152604254,0.4,0.9901060070671378,0.0075987841945288626,0.46875,0.2857142857142857,0.0,0.6666666666666666,0.05619753456944154,0.0,0.3987745872663865,0.9996665555185061,0.9904904249116341,0.0,0.9996666666666667,1.0,0.7650835421921438,0.7907981401111991,0.8165127380302544,0
938,0.1821739130434783,0.3,0.9978798586572438,0.14084507042253525,0.25,0.2857142857142857,0.0,0.6666666666666666,0.04976549475782721,0.0,0.47838631154672717,0.9993331110370124,0.9690091013146477,0.0,0.993,1.0,0.7285142677178185,0.7724812309898335,0.8164481942618486,0
939,0.17518497342947048,0.1,0.9802120141342756,0.0075987841945288626,0.21875,0.2857142857142857,0.0,0.6666666666666666,0.02636308126073794,0.0,0.33802316682280675,0.9989996665555185,0.9892419297958949,0.0,0.964,1.0,0.7023515426346582,0.7854606047226356,0.8685696668106131,0
940,0.11064621106462114,0.0,0.0,0.0075987841945288626,0.15625,0.2857142857142857,0.0,0.6666666666666666,0.02414887760467843,0.0,0.01745892835539653,0.8052684228076026,0.8536359257589063,0.0,0.7066666666666667,0.5,0.5595828281118703,0.7435351081872914,0.9274873882627125,0
941,0.0,0.0,0.0,0.0075987841945288626,0.15625,0.2857142857142857,0.0,0.6666666666666666,0.024148873933565684,0.0,0.013507218359067208,0.7919306435478493,0.8019986523710652,0.0,0.8783333333333333,0.5,0.5572638031176541,0.612684506083286,0.6681052090489179,0
942,0.5447746294845621,0.5,0.9992932862190813,0.8964851293935883,0.75,1.0,0.0,0.6666666666666666,0.8836086687982858,1.0,0.7586404607259492,1.0,0.9982886263644556,0.0003333333333333333,1.0,1.0,0.9010692286615057,0.949759512569786,0.9984497964780662,0
943,0.0,0.0,0.0,0.0075987841945288626,0.15625,0.2857142857142857,0.0,0.6666666666666666,0.0241488738896124,0.0,0.03177605856289201,0.7209069689896632,0.76700218818968,0.0,0.8180000000000001,0.5,0.4732645126713309,0.7153455303333061,0.9574265479952813,0
944,0.11064621106462114,0.0,0.0,0.0075987841945288626,0.15625,0.2857142857142857,0.0,0.6666666666666666,0.024163556380794593,0.0,0.07173974503812908,0.934644881627209,0.9153031499448465,0.0,0.8296666666666667,0.5,0.6441842490336891,0.7067084269419911,0.7692326048502931,0
945,0.19518245185086192,0.0,0.8671378091872791,0.0075987841945288626,0.1875,0.2857142857142857,0.0,0.6666666666666666,0.0247501358118547,0.0,0.09932753525561222,0.991997332444148,0.9698362125023593,0.0,0.896,1.0,0.692492764137424,0.7412807472045699,0.790068730271716,0
946,0.1994621294845622,0.0,0.9484098939929329,0.0075987841945288626,0.25,0.2857142857142857,0.0,0.6666666666666666,0.0263501030273684,0.0,0.11308775423659478,0.9866622207402468,0.9635824644784228,0.0,0.8716666666666667,1.0,0.7210929353696272,0.7905417805117806,0.859990625653934,0
947,0.4159202363623762,0.4,0.976678445229682,0.07936507936507942,0.1875,0.7142857142857143,0.0,0.6666666666666666,0.21358381510937152,0.5,0.3100618083756497,0.9996665555185061,0.9828106499370609,0.0,0.9966666666666667,1.0,0.7035594813009826,0.8466679669365863,0.98977645257219,0
948,0.828130515295956,0.6,1.0,0.7424749163879598,0.53125,1.0,0.0,0.6666666666666666,0.7755165793938913,1.0,0.5761439391757468,1.0,0.9940434300328732,0.0006666666666666666,1.0,1.0,0.8018967699491917,0.8540197468548097,0.9061427237604278,0
949,0.062382297551789145,0.0,0.0,0.0075987841945288626,0.15625,0.2857142857142857,0.0,0.6666666666666666,0.02414887389008391,0.0,0.021055375868790582,0.8092697565855285,0.8324030903246338,0.0,0.7776666666666667,0.5,0.5108549216417538,0.7385171755358431,0.9661794294299323,0
950,0.0,0.0,0.0,0.0075987841945288626,0.15625,0.2857142857142857,0.0,0.6666666666666666,0.024148873889819567,0.0,0.08461397293454642,0.752917639213071,0.7583158215108585,0.0,0.9043333333333333,0.0,0.5354478328889827,0.5838718029982382,0.6322957731074937,0
951,0.29740967907808913,0.5,1.0,0.39669421487603307,0.25,0.5714285714285714,0.0,0.6666666666666666,0.12059703813983025,0.5,0.34623131313283007,0.9993331110370124,0.9896979358059798,0.0,0.9993333333333333,1.0,0.7831435211879958,0.8119930631210821,0.8408426050541685,0
952,0.5193379058820777,0.8,1.0,0.5964912280701755,0.53125,0.8571428571428571,0.0,0.6666666666666666,0.47798569750330344,1.0,0.5508336435634927,1.0,0.9940686450577356,0.0003333333333333333,1.0,1.0,0.8346327272540649,0.8809847039474235,0.9273366806407819,0
953,0.11064621106462114,0.0,0.0,0.0075987841945288626,0.15625,0.2857142857142857,0.0,0.6666666666666666,0.02414887390735554,0.0,0.040499819533004744,0.7409136378792931,0.8012092730066234,0.0,0.8463333333333334,0.5,0.5402424211162997,0.6311765378667296,0.7221106546171595,0
954,0.28307672173042586,0.2,1.0,0.19696969696969702,0.40625,0.42857142857142855,0.0,0.6666666666666666,0.22284376336417533,1.0,0.5507932181998652,1.0,0.9883310592286132,0.0,0.9996666666666667,1.0,0.7001346144266062,0.8335905207673574,0.9670464271081086,0
955,0.0,0.0,0.0,0.0075987841945288626,0.15625,0.2857142857142857,0.0,0.6666666666666666,0.02414887388991005,0.0,0.006153788773114788,0.7262420806935646,0.7993256343219122,0.0,0.7763333333333333,0.5,0.5097750355853695,0.6689431043134983,0.8281111730416273,0
956,0.17518497342947048,0.1,0.9519434628975265,0.0075987841945288626,0.1875,0.2857142857142857,0.0,0.6666666666666666,0.027146208229000268,0.0,0.29774441832676135,0.9986662220740247,0.9869952429362666,0.0,0.972,1.0,0.7078870932718158,0.7876256081012478,0.8673641229306798,0
957,0.5863668913893241,0.9,1.0,0.8964851293935883,0.34375,1.0,0.0,0.6666666666666666,0.8955116665268757,1.0,0.744861634686712,1.0,0.997126772067018,0.002,1.0,1.0,0.9449074819331515,0.9561813417788914,0.9674552016246312,0
958,0.062382297551789145,0.0,0.0,0.0075987841945288626,0.15625,0.2857142857142857,0.0,0.6666666666666666,0.024149406264605155,0.0,0.03601618266782547,0.8722907635878626,0.8736477707307151,0.0,0.8526666666666667,0.5,0.615166177557551,0.7146209123879593,0.8140756472183677,0
959,0.13553057739209573,0.1,0.9837455830388693,0.0075987841945288626,0.40625,0.2857142857142857,0.0,0.6666666666666666,0.037865919785519564,0.5,0.5785442066728128,1.0,0.9935858533169128,0.0,0.9973333333333333,1.0,0.7363049485773276,0.8058267043414065,0.8753484601054853,0
960,0.07131086898036054,0.0,0.9816254416961131,0.14084507042253525,0.1875,0.2857142857142857,0.0,0.6666666666666666,0.027201755217375223,0.0,0.22444425606164964,0.9946648882960987,0.9484163022755261,0.0,0.9273333333333333,1.0,0.7183353351122513,0.7758865901216205,0.8334378451309898,0
961,0.0,0.0,0.0,0.0075987841945288626,0.15625,0.2857142857142857,0.0,0.6666666666666666,0.024148873902963164,0.0,0.01442536118658122,0.7692564188062687,0.8241764734219259,0.0,0.751,0.5,0.5262895073977147,0.7323887180495601,0.9384879287014054,0
962,0.0,0.0,0.0,0.0075987841945288626,0.15625,0.2857142857142857,0.0,0.6666666666666666,0.024148889652365835,0.0,0.013971115162026315,0.8476158719573191,0.8714553000978374,0.0,0.789,0.5,0.5738965097985049,0.6938301586190785,0.8137638074396522,0
963,0.0,0.0,0.0,0.0075987841945288626,0.15625,0.2857142857142857,0.0,0.6666666666666666,0.0241488738896124,0.0,0.05381646702700693,0.7092364121373791,0.7167917664596384,0.0,0.8836666666666667,0.5,0.4236811844349203,0.6181559836791495,0.8126307829233785,0
964,0.42240967907808913,0.4,0.9992932862190813,0.39669421487603307,0.3125,0.5714285714285714,0.0,0.6666666666666666,0.10340427543848407,1.0,0.5813995853915592,1.0,0.9939342381300994,0.0006666666666666666,1.0,1.0,0.7749993037138336,0.8168531574757949,0.8587070112377563,0
965,0.0,0.0,0.0,0.0075987841945288626,0.15625,0.2857142857142857,0.0,0.6666666666666666,0.0241488738896124,0.0,0.028394878347073438,0.7065688562854284,0.7431480230216271,0.0,0.843,0.5,0.45351514217750777,0.722170527927767,0.9908259136780262,0
966,0.0,0.0,0.0,0.0075987841945288626,0.15625,0.2857142857142857,0.0,0.6666666666666666,0.024148873891760347,0.0,0.02591332499468646,0.7329109703234411,0.8062048254285894,0.0,0.7613333333333333,0.5,0.5170964633052497,0.718777103548578,0.9204577437919064,0
967,0.6643098353735754,0.7,0.9992932862190813,0.679144385026738,0.625,0.8571428571428571,0.0,0.6666666666666666,0.8342758973769989,0.3333333333333333,0.411209298764728,0.9996665555185061,0.9951671678095594,0.0016666666666666668,0.9996666666666667,1.0,0.8483693876686506,0.8888908181927814,0.9294122487169122,0
968,0.28246397663238665,0.1,0.9943462897526502,0.19696969696969702,0.25,0.42857142857142855,0.0,0.6666666666666666,0.04213050099388549,0.0,0.16831761207529428,0.9969989996665555,0.9726006109648108,0.0,0.996,1.0,0.6904995844750694,0.7683129810188061,0.8461263775625427,0
969,0.20946212948456222,0.1,0.9696113074204947,0.020408163265306145,0.125,0.42857142857142855,0.0,0.6666666666666666,0.07330811733859954,0.0,0.3581478624928378,0.9973324441480493,0.9828075729778891,0.0,0.997,1.0,0.7847261273476607,0.8326317167483679,0.8805373061490752,0
970,0.0,0.0,0.0,0.0075987841945288626,0.15625,0.2857142857142857,0.0,0.6666666666666666,0.0241488738896124,0.0,0.030701031602436313,0.7002334111370456,0.7141994585518014,0.0,0.8956666666666666,0.5,0.4478858326805131,0.564340053819773,0.680794274959033,0
971,0.15217391304347827,0.0,0.976678445229682,0.07936507936507942,0.1875,0.7142857142857143,0.0,0.6666666666666666,0.02676963065369964,0.0,0.23748221151786153,0.9943314438146049,0.9389056983904736,0.0,0.993,0.5,0.6625221119155824,0.7394099543109401,0.8162977967062979,0
972,0.11064621106462114,0.0,0.0,0.0075987841945288626,0.15625,0.2857142857142857,0.0,0.6666666666666666,0.024156772226340273,0.0,0.036209211963553534,0.9263087695898633,0.917488119103737,0.0,0.789,0.5,0.6292850693498084,0.7237543325539442,0.81822359575808,0
973,0.062382297551789145,0.0,0.0,0.0075987841945288626,0.15625,0.2857142857142857,0.0,0.6666666666666666,0.02414948051944721,0.0,0.04038331966569719,0.9033011003667889,0.8958529185699607,0.0,0.8413333333333333,0.5,0.6093441926890328,0.7338758001172485,0.8584074075454643,0
974,0.0,0.0,0.0,0.0075987841945288626,0.15625,0.2857142857142857,0.0,0.6666666666666666,0.0241488738896124,0.0,0.03937633595909884,0.673891297099033,0.7129188606544241,0.0,0.8673333333333333,0.5,0.43522342302574,0.6752870576499745,0.9153506922742091,0
975,0.0,0.0,0.0,0.0075987841945288626,0.15625,0.2857142857142857,0.0,0.6666666666666666,0.024148873889623945,0.0,0.016623067733869457,0.7069023007669223,0.783846204292388,0.0,0.7936666666666666,0.5,0.4951094258399157,0.6681783976791806,0.8412473695184456,0
976,0.5193379058820777,0.6,0.9985865724381625,0.39669421487603307,0.40625,0.5714285714285714,0.0,0.6666666666666666,0.2780316168168906,0.6666666666666666,0.7160504843119802,1.0,0.9935999746198568,0.0006666666666666666,0.9996666666666667,1.0,0.8109044832979777,0.871249476582517,0.9315944698670562,0
977,0.36641005506375923,0.4,0.9971731448763251,0.19696969696969702,0.46875,0.42857142857142855,0.0,0.6666666666666666,0.23530943229091805,1.0,0.7451687675105427,1.0,0.9949376372103372,0.0003333333333333333,1.0,1.0,0.6928722140633256,0.8305244020413005,0.9681765900192755,0
978,0.0,0.0,0.0,0.0075987841945288626,0.15625,0.2857142857142857,0.0,0.6666666666666666,0.024148873889637712,0.0,0.04704036048381777,0.7455818606202067,0.7382526212203504,0.0,0.9233333333333333,0.0,0.5317479442597469,0.5705272077852075,0.6093064713106682,0
979,0.13947068771518478,0.0,0.0,0.0075987841945288626,0.15625,0.2857142857142857,0.0,0.6666666666666666,0.024335643881434055,0.0,0.20075552227445437,0.9819939979993331,0.9566771955519255,0.0,0.8943333333333333,0.5,0.6635527291852006,0.76630119041288,0.8690496516405595,0
980,0.22954730996572004,0.0,0.9816254416961131,0.10169491525423724,0.21875,0.5714285714285714,0.0,0.6666666666666666,0.026265855065600863,0.0,0.053427095472895814,0.991997332444148,0.9714285770131977,0.0,0.91,1.0,0.6885376267890976,0.7308901655917135,0.7732427043943293,0
981,0.5214874632531324,0.3,0.9957597173144876,0.07936507936507942,0.28125,0.7142857142857143,0.0,0.6666666666666666,0.07553755276187057,0.0,0.1687053571004642,0.9996665555185061,0.9847753223816578,0.0,0.9976666666666667,1.0,0.6955707710381654,0.7473593798984154,0.7991479887586653,0
982,0.8174149453570851,0.8,0.9978798586572438,0.8964851293935883,0.6875,1.0,0.0,0.6666666666666666,0.9139819406080837,0.5,0.7429098125048932,1.0,0.9989634390997275,0.0006666666666666666,0.9996666666666667,1.0,0.8468651473100431,0.8973854799062497,0.9479058125024563,0
983,0.11064621106462114,0.0,0.8671378091872791,0.0075987841945288626,0.1875,0.2857142857142857,0.0,0.6666666666666666,0.02426631224250908,0.0,0.06598469754055636,0.9726575525175059,0.9460915346084114,0.0,0.8260000000000001,1.0,0.6684879717438615,0.7262347516715859,0.7839815315993102,0
984,0.8995131967688539,1.0,1.0,0.8964851293935883,0.96875,1.0,0.0,0.6666666666666666,0.9133497792933694,1.0,0.8693939867150449,1.0,0.998775029773553,0.0033333333333333335,1.0,1.0,0.9676905982875122,0.9768379646130914,0.9859853309386705,0
985,0.4798961471750224,0.6,1.0,0.7424749163879598,0.59375,1.0,0.0,0.6666666666666666,0.3819626735514676,1.0,0.7162530546877095,1.0,0.9966718768869721,0.0006666666666666666,1.0,1.0,0.7458553499887765,0.8184211824820773,0.8909870149753781,0
986,0.3617428312389481,0.1,0.9802120141342756,0.0075987841945288626,0.28125,0.2857142857142857,0.0,0.6666666666666666,0.05443868066387558,0.0,0.23665548697534744,0.9969989996665555,0.9792104058333052,0.0,0.9963333333333333,1.0,0.7543051804311794,0.8616365676134069,0.9689679547956344,0
987,0.0,0.0,0.0,0.0075987841945288626,0.15625,0.2857142857142857,0.0,0.6666666666666666,0.0241488738896124,0.0,0.026363759779694185,0.6508836278759587,0.6447854241854635,0.0,0.926,0.5,0.4194417271976782,0.5594545906203798,0.6994674540430814,0
988,0.5038377957421997,0.3,0.9992932862190813,0.19696969696969702,0.5,0.42857142857142855,0.0,0.6666666666666666,0.2182890737279124,0.5,0.30835525752819637,0.9993331110370124,0.9908788273304505,0.0003333333333333333,0.999,1.0,0.6896830406756949,0.8001714452758484,0.910659849876002,0
989,0.062382297551789145,0.0,0.8671378091872791,0.0075987841945288626,0.1875,0.2857142857142857,0.0,0.6666666666666666,0.024361389828663316,0.0,0.07483327231073567,0.9876625541847283,0.9640793671748535,0.0,0.855,1.0,0.6730999602659878,0.7856583394416855,0.8982167186173832,0
990,0.062382297551789145,0.0,0.9519434628975265,0.0075987841945288626,0.1875,0.2857142857142857,0.0,0.6666666666666666,0.0241491983407629,0.0,0.058762466431239835,0.9309769923307769,0.8223868470126261,0.0,0.9410000000000001,0.5,0.6261901566654371,0.6704101256578072,0.7146300946501773,0
991,0.062382297551789145,0.0,0.0,0.0075987841945288626,0.15625,0.2857142857142857,0.0,0.6666666666666666,0.024148873889613287,0.0,0.0022803961064495892,0.6858952984328109,0.7190112100251496,0.0,0.9053333333333333,0.5,0.506431587131277,0.6010195939987442,0.6956076008662114,0
992,0.2703581207765309,0.1,0.992226148409894,0.10169491525423724,0.28125,0.5714285714285714,0.0,0.6666666666666666,0.04852092735110358,1.0,0.5691235752649331,1.0,0.987911010273852,0.0,0.9973333333333333,1.0,0.7564387843818975,0.7708255462350356,0.7852123080881738,0
993,0.7722480045597969,1.0,1.0,0.8964851293935883,0.75,1.0,0.0,0.6666666666666666,0.920398699140006,1.0,0.802467797014776,1.0,0.9985600805776774,0.0033333333333333335,1.0,1.0,0.9195240174017256,0.9532330953990084,0.9869421733962911,0
994,0.8675224189020586,1.0,1.0,0.7424749163879598,0.625,1.0,0.0,0.6666666666666666,0.8937946204246382,1.0,0.8390131564623998,1.0,0.9980754537805747,0.0023333333333333335,1.0,1.0,0.804366845895828,0.8584321553300884,0.912497464764349,0
995,0.1994621294845622,0.0,0.9696113074204947,0.020408163265306145,0.125,0.42857142857142855,0.0,0.6666666666666666,0.0403663371666777,0.0,0.23248512878201222,0.995998666222074,0.967149459360713,0.0,0.97,1.0,0.7887237251503588,0.8011063171678259,0.813488909185293,0
996,0.11064621106462114,0.0,0.9816254416961131,0.10169491525423724,0.21875,0.5714285714285714,0.0,0.6666666666666666,0.027484779368265544,0.0,0.3335399739946968,0.9963321107035679,0.9766663164950735,0.0,0.9213333333333333,1.0,0.6780871226487781,0.7392473833352349,0.8004076440216917,0
997,0.4438472692656793,0.2,0.9943462897526502,0.39669421487603307,0.46875,0.5714285714285714,0.0,0.6666666666666666,0.22944500726157668,0.0,0.13222650968234184,0.9983327775925308,0.9851843424235059,0.0,0.9983333333333333,1.0,0.7933177219006005,0.8951579780831973,0.9969982342657941,0
998,0.11064621106462114,0.0,0.0,0.0075987841945288626,0.15625,0.2857142857142857,0.0,0.6666666666666666,0.024148906653656654,0.0,0.040758678149494854,0.8232744248082694,0.8558121359469282,0.0,0.8263333333333334,0.5,0.5869338726940337,0.6695755595498029,0.752217246405572,0
999,0.062382297551789145,0.0,0.0,0.0075987841945288626,0.15625,0.2857142857142857,0.0,0.6666666666666666,0.02414887442979441,0.0,0.021196743653814187,0.7762587529176392,0.7960600408079846,0.0,0.8793333333333333,0.5,0.5741280159671014,0.6542324521434014,0.7343368883197015,0
1000,0.11064621106462114,0.0,0.0,0.0075987841945288626,0.15625,0.2857142857142857,0.0,0.6666666666666666,0.02414935364553772,0.0,0.017515569530953234,0.9293097699233077,0.9135462644243428,0.0,0.7373333333333334,0.5,0.5979485101971335,0.7901117283988732,0.9822749466006129,0
1001,0.30025868192709204,0.3,0.992226148409894,0.10169491525423724,0.28125,0.5714285714285714,0.0,0.6666666666666666,0.12162641686300313,0.0,0.31494472646046856,0.9993331110370124,0.9925911495207129,0.0,0.9993333333333333,1.0,0.7934944008840006,0.8011705001390816,0.8088465993941626,0
1002,0.39185191338100966,0.1,0.976678445229682,0.07936507936507942,0.1875,0.7142857142857143,0.0,0.6666666666666666,0.0749610069665465,0.0,0.3951986775371261,0.9983327775925308,0.9735708726500496,0.0,0.9956666666666667,1.0,0.6968399969745283,0.7914580883575134,0.8860761797404986,0
1003,0.250863602368969,0.1,0.9802120141342756,0.0075987841945288626,0.28125,0.2857142857142857,0.0,0.6666666666666666,0.09497573455879083,0.0,0.08617990343994031,0.9969989996665555,0.9813474534646733,0.0,0.9983333333333333,1.0,0.7683043643524488,0.8802979891569488,0.9922916139614488,0
1004,0.11064621106462114,0.0,0.0,0.0075987841945288626,0.15625,0.2857142857142857,0.0,0.6666666666666666,0.024149024259540797,0.0,0.025783333007438403,0.8682894298099366,0.8800332931934887,0.0,0.8096666666666666,0.5,0.5961062975606585,0.6859788734245054,0.7758514492883521,0
1005,0.0,0.0,0.0,0.0075987841945288626,0.15625,0.2857142857142857,0.0,0.6666666666666666,0.024148873899858536,0.0,0.007701169259248575,0.7562520840280094,0.817342137896308,0.0,0.7543333333333333,0.5,0.5251440859907203,0.7529671041251332,0.9807901222595462,0
1006,0.0,0.0,0.0,0.0075987841945288626,0.15625,0.2857142857142857,0.0,0.6666666666666666,0.0241488738896124,0.0,0.03401881475175084,0.7259086362120707,0.7689208754728365,0.0,0.8193333333333334,0.5,0.47276315458769297,0.7349501290708689,0.9971371035540447,0
1007,0.11064621106462114,0.0,0.0,0.0075987841945288626,0.15625,0.2857142857142857,0.0,0.6666666666666666,0.024157935230366245,0.0,0.052705980047562995,0.9459819939979993,0.9308498673165209,0.0,0.802,0.5,0.6260686554842394,0.7534453227849125,0.8808219900855855,0
1008,0.0,0.0,0.0,0.0075987841945288626,0.15625,0.2857142857142857,0.0,0.6666666666666666,0.0241488738896124,0.0,0.019332998780547506,0.6965655218406135,0.6836999045070931,0.0,0.9356666666666666,0.0,0.47479378446176074,0.5344409078608273,0.5940880312598938,0
1009,0.42240967907808913,0.4,1.0,0.5964912280701755,0.40625,0.8571428571428571,0.0,0.6666666666666666,0.44571943766183697,0.5,0.5160572176473599,1.0,0.9953079470310221,0.0,1.0,1.0,0.8176551880532846,0.8455898987215525,0.8735246093898205,0
1010,0.7106463300518844,0.6,0.9985865724381625,0.7424749163879598,0.59375,1.0,0.0,0.6666666666666666,0.7769113876972665,0.5,0.7699042345929562,1.0,0.9985984653831328,0.0006666666666666666,1.0,1.0,0.7743584687611829,0.7985384309781227,0.8227183931950625,0
1011,0.3266345220766619,0.1,0.976678445229682,0.07936507936507942,0.1875,0.7142857142857143,0.0,0.6666666666666666,0.048234930231439765,0.0,0.21013501672728796,0.9969989996665555,0.962337344482964,0.0,0.9953333333333333,1.0,0.667759955515033,0.8321107450630953,0.9964615346111576,0
1012,0.8507724317400065,0.8,0.9985865724381625,0.8964851293935883,0.46875,1.0,0.0,0.6666666666666666,0.905301580026268,0.5,0.4983008855459101,0.9996665555185061,0.9983150293979298,0.0016666666666666668,0.9996666666666667,1.0,0.8617318408418981,0.9037746190739101,0.9458173973059221,0
1013,0.19059750976591983,0.0,0.9469964664310954,0.0075987841945288626,0.15625,0.2857142857142857,0.0,0.6666666666666666,0.03020656298350588,0.0,0.15542744872579894,0.9869956652217405,0.9624231197663492,0.0,0.9506666666666667,1.0,0.745073140533484,0.7563334986120722,0.7675938566906605,0
1014,0.7701701395756939,0.7,1.0,0.7424749163879598,0.625,1.0,0.0,0.6666666666666666,0.8201485250273634,1.0,0.5677279155473571,1.0,0.9982216681369925,0.0006666666666666666,1.0,1.0,0.7949748161466663,0.8054004342586942,0.815826052370722,0
1015,0.11064621106462114,0.0,0.0,0.0075987841945288626,0.15625,0.2857142857142857,0.0,0.6666666666666666,0.024160186577645626,0.0,0.037301492084580445,0.9196398799599866,0.9135020597879162,0.0,0.85,0.5,0.6274501493272407,0.7720151999751237,0.9165802506230066,0
1016,0.11064621106462114,0.0,0.0,0.0075987841945288626,0.15625,0.2857142857142857,0.0,0.6666666666666666,0.024148880592687827,0.0,0.035331826774237296,0.8289429809936646,0.8580458579206991,0.0,0.8116666666666666,0.5,0.5714071553961123,0.6734556869251715,0.7755042184542309,0
1017,0.0,0.0,0.0,0.0075987841945288626,0.15625,0.2857142857142857,0.0,0.6666666666666666,0.0241488738896124,0.0,0.015959717829481024,0.7109036345448483,0.7575862677702137,0.0,0.8363333333333334,0.5,0.4622921102496166,0.6757102079107313,0.8891283055718462,0
1018,0.12686642453591612,0.1,0.9830388692579506,0.14084507042253525,0.1875,0.2857142857142857,0.0,0.6666666666666666,0.07005384858347863,0.0,0.1633365111127063,0.9969989996665555,0.9721997808277391,0.0,0.998,1.0,0.7469273074259405,0.8339920284000402,0.9210567493741398,0
1019,0.0,0.0,0.0,0.0075987841945288626,0.15625,0.2857142857142857,0.0,0.6666666666666666,0.024148873889614397,0.0,0.004659435212787,0.7045681893964655,0.7756468095517158,0.0,0.8003333333333333,0.5,0.48686964540056815,0.7062051759418091,0.92554070648305,0
1020,0.25779546281789556,0.1,0.9696113074204947,0.020408163265306145,0.125,0.42857142857142855,0.0,0.6666666666666666,0.05593184246405747,0.0,0.24683276524438746,0.9986662220740247,0.9812355264980644,0.0,0.9933333333333333,1.0,0.8036383510063154,0.8119812439943264,0.8203241369823373,0
1021,0.6901034861672262,0.7,0.9985865724381625,0.679144385026738,0.3125,0.8571428571428571,0.0,0.6666666666666666,0.5223215711666828,1.0,0.7991026541011296,1.0,0.9979432409728758,0.0006666666666666666,1.0,1.0,0.8152946025053769,0.8774850874520645,0.9396755723987522,0
1022,0.8851716828799046,1.0,0.9992932862190813,0.8964851293935883,0.84375,1.0,0.0,0.6666666666666666,0.9197964849270615,1.0,0.9416950486776737,1.0,0.9996028897285748,0.004333333333333333,1.0,1.0,0.8676629933107636,0.8974724429219327,0.927281892533102,0
1023,0.062382297551789145,0.0,0.8671378091872791,0.0075987841945288626,0.1875,0.2857142857142857,0.0,0.6666666666666666,0.024189071102132198,0.0,0.14691081098039815,0.9343114371457153,0.896871954463793,0.0,0.876,1.0,0.6838149485339946,0.7240942146073871,0.7643734806807796,0
1024,0.7679411064388018,0.6,0.9971731448763251,0.4782608695652174,0.375,0.7142857142857143,0.0,0.6666666666666666,0.6517923402521072,0.5,0.7993572055282298,1.0,0.9989813380189572,0.0003333333333333333,0.9996666666666667,1.0,0.7424895017971399,0.8630126809378414,0.983535860078543,0
1025,0.13553057739209573,0.1,0.9519434628975265,0.0075987841945288626,0.1875,0.2857142857142857,0.0,0.6666666666666666,0.028659398605172415,0.0,0.19487754155577208,0.9979993331110371,0.987344426517514,0.0,0.996,1.0,0.7121704377246124,0.8311078450524351,0.9500452523802577,0
1026,0.28246397663238665,0.1,0.9971731448763251,0.19696969696969702,0.46875,0.42857142857142855,0.0,0.6666666666666666,0.12534831453233775,0.0,0.29725974020811063,0.9993331110370124,0.9837265469954692,0.0,0.9993333333333333,1.0,0.6928814414448542,0.8143398410870899,0.9357982407293256,0
1027,0.5348336638235025,0.5,1.0,0.39669421487603307,0.46875,0.5714285714285714,0.0,0.6666666666666666,0.27232153224985,1.0,0.5952491348819483,1.0,0.9938412307587429,0.0003333333333333333,1.0,1.0,0.797674646499629,0.8429627950750369,0.8882509436504449,0
1028,0.0,0.0,0.0,0.0075987841945288626,0.15625,0.2857142857142857,0.0,0.6666666666666666,0.0241488738896124,0.0,0.024216038375561855,0.7059019673224408,0.7617651970316679,0.0,0.8173333333333334,0.5,0.4749157447987702,0.7276040805281496,0.9802924162575292,0
1029,0.062382297551789145,0.0,0.8671378091872791,0.0075987841945288626,0.1875,0.2857142857142857,0.0,0.6666666666666666,0.02451064226115296,0.0,0.059471542571882585,0.9693231077025675,0.9414586819536033,0.0,0.845,1.0,0.6871260043584668,0.7762246578536557,0.8653233113488445,0
1030,0.6177982074665986,0.8,0.9985865724381625,0.679144385026738,0.25,0.8571428571428571,0.0,0.6666666666666666,0.6968206440303876,0.6666666666666666,0.22994021233607032,0.9996665555185061,0.9869612412467671,0.0003333333333333333,0.9996666666666667,1.0,0.7991834461102041,0.8295553369897248,0.8599272278692457,0
1031,0.062382297551789145,0.0,0.0,0.0075987841945288626,0.15625,0.2857142857142857,0.0,0.6666666666666666,0.024148873908376056,0.0,0.0256920764341928,0.7565855285095031,0.8106392766796914,0.0,0.823,0.5,0.537758089546988,0.6793365723188478,0.8209150550907077,0
1032,0.22954730996572004,0.0,0.9469964664310954,0.0075987841945288626,0.15625,0.2857142857142857,0.0,0.6666666666666666,0.026527513882170894,0.0,0.12302258717684744,0.9939979993331111,0.972693725468943,0.0,0.8936666666666666,1.0,0.7025953121194309,0.7327299662564581,0.7628646203934855,0
1033,0.9030097002653573,1.0,0.9992932862190813,0.8964851293935883,0.78125,1.0,0.0,0.6666666666666666,0.9079400193908851,1.0,0.7581304463394924,1.0,0.9977687309313815,0.0033333333333333335,1.0,1.0,0.9762865116878942,0.9780333126201435,0.9797801135523927,0
1034,0.062382297551789145,0.0,0.0,0.0075987841945288626,0.15625,0.2857142857142857,0.0,0.6666666666666666,0.0241488818125124,0.0,0.037974251993271424,0.8049349783261087,0.8205110319623505,0.0,0.87,0.5,0.5906141301053391,0.6715990248246467,0.7525839195439543,0
1035,0.0,0.0,0.0,0.0075987841945288626,0.15625,0.2857142857142857,0.0,0.6666666666666666,0.0241488738896124,0.0,0.03220381330577371,0.699566522174058,0.748853486959843,0.0,0.8433333333333333,0.5,0.47037436787666415,0.6492982845292514,0.8282222011818388,0
1036,0.13630898943153524,0.0,0.8671378091872791,0.0075987841945288626,0.1875,0.2857142857142857,0.0,0.6666666666666666,0.024686640312439723,0.0,0.21333567633136086,0.9923307769256419,0.9712039434255733,0.0,0.958,1.0,0.6792877161582412,0.827036647703302,0.9747855792483627,0
1037,0.07131086898036054,0.0,0.9484098939929329,0.0075987841945288626,0.25,0.2857142857142857,0.0,0.6666666666666666,0.02559332555126348,0.0,0.12675601762419608,0.9779926642214072,0.9400452172258772,0.0,0.8766666666666667,1.0,0.7386698611964629,0.7654113730318539,0.7921528848672449,0
1038,0.11064621106462114,0.0,0.0,0.0075987841945288626,0.15625,0.2857142857142857,0.0,0.6666666666666666,0.02414894551148572,0.0,0.0214544762703045,0.891297099033011,0.893731681254464,0.0,0.7443333333333333,0.5,0.581926511862682,0.7854362100054268,0.9889459081481716,0
1039,0.5885522596159996,0.8,0.9964664310954063,0.14084507042253525,0.1875,0.2857142857142857,0.0,0.6666666666666666,0.5617395812250283,1.0,0.807057450728045,1.0,0.9959746805598129,0.001,1.0,1.0,0.7936978327693702,0.8536013319412996,0.9135048311132291,0
1040,0.5476431687069088,0.2,0.9830388692579506,0.14084507042253525,0.1875,0.2857142857142857,0.0,0.6666666666666666,0.13586050475153044,0.3333333333333333,0.6929910255973422,1.0,0.994425488794282,0.0006666666666666666,0.9986666666666667,1.0,0.7602529130650124,0.7920120945825979,0.8237712761001833,0
1041,0.0,0.0,0.0,0.0075987841945288626,0.15625,0.2857142857142857,0.0,0.6666666666666666,0.024148873889815126,0.0,0.003544091578798425,0.750916972324108,0.769275050266228,0.0,0.8936666666666666,0.0,0.5290969830670382,0.5916384659367855,0.6541799488065326,0
1042,0.11064621106462114,0.0,0.8671378091872791,0.0075987841945288626,0.1875,0.2857142857142857,0.0,0.6666666666666666,0.02425434724966047,0.0,0.0950402592251719,0.9626542180726909,0.9282273010304405,0.0,0.886,1.0,0.6964204462712487,0.6990544066042839,0.701688366937319,0
1043,0.20946212948456222,0.0,0.9484098939929329,0.0075987841945288626,0.25,0.2857142857142857,0.0,0.6666666666666666,0.027061252835658967,0.0,0.19079901796896237,0.9963321107035679,0.9793855635070825,0.0,0.985,1.0,0.71754074988151,0.808099744987385,0.8986587400932601,0
1044,0.11064621106462114,0.0,0.9519434628975265,0.0075987841945288626,0.1875,0.2857142857142857,0.0,0.6666666666666666,0.02431089419393051,0.0,0.01137403909318535,0.9639879959986662,0.9294781344605907,0.0,0.894,1.0,0.6840864495472858,0.6999127530873255,0.7157390566273653,0
1045,0.11064621106462114,0.0,0.0,0.0075987841945288626,0.15625,0.2857142857142857,0.0,0.6666666666666666,0.024169968885401016,0.0,0.09215641185289547,0.9806602200733577,0.9538705251564449,0.0,0.7716666666666667,0.5,0.6361873788549539,0.806260439374949,0.976333499894944,0
1046,0.11064621106462114,0.0,0.8671378091872791,0.0075987841945288626,0.1875,0.2857142857142857,0.0,0.6666666666666666,0.024339571590842657,0.0,0.09671496007259495,0.9583194398132711,0.9274984099679667,0.0,0.872,1.0,0.6919238862168919,0.7118939894435947,0.7318640926702975,0
1047,0.3617428312389481,0.4,0.9802120141342756,0.0075987841945288626,0.28125,0.2857142857142857,0.0,0.6666666666666666,0.08171089620894012,0.0,0.29027347762036826,0.9986662220740247,0.9868612932551624,0.0,0.9976666666666667,1.0,0.7671832450927595,0.8704718288232616,0.9737604125537637,0
1048,0.062382297551789145,0.0,0.9484098939929329,0.0075987841945288626,0.25,0.2857142857142857,0.0,0.6666666666666666,0.02414957780393312,0.0,0.062431070091774066,0.934644881627209,0.8316082004090386,0.0,0.9390000000000001,0.5,0.633279653491605,0.6765943597558045,0.719909066020004,0
1049,0.11064621106462114,0.0,0.0,0.0075987841945288626,0.15625,0.2857142857142857,0.0,0.6666666666666666,0.024174431128863194,0.0,0.09161752274698576,0.9453151050350117,0.9298905310916137,0.0,0.8233333333333334,0.5,0.6370331510588773,0.7668031553044432,0.896573159550009,0
1050,0.11064621106462114,0.0,0.0,0.0075987841945288626,0.15625,0.2857142857142857,0.0,0.6666666666666666,0.024148941095896048,0.0,0.016566512904425457,0.8236078692897633,0.8501841583375704,0.0,0.8476666666666667,0.5,0.5990378182342422,0.6606793786928415,0.7223209391514409,0
1051,0.062382297551789145,0.0,0.0,0.0075987841945288626,0.15625,0.2857142857142857,0.0,0.6666666666666666,0.024148882378460912,0.0,0.03708372639691071,0.8079359786595532,0.7977305449528707,0.0,0.8936666666666666,0.5,0.6089538451695418,0.6539740385735688,0.6989942319775958,0
1052,0.70586650003491,0.6,1.0,0.8964851293935883,0.65625,1.0,0.0,0.6666666666666666,0.8859669302187111,1.0,0.6025561284910077,1.0,0.9966619684990088,0.001,1.0,1.0,0.9356696064111141,0.9504504877566204,0.9652313691021268,0
1053,0.0,0.0,0.0,0.0075987841945288626,0.15625,0.2857142857142857,0.0,0.6666666666666666,0.024148873901688073,0.0,0.07485005176462856,0.7829276425475158,0.781375938513726,0.0,0.905,0.0,0.5572884465180447,0.5990641418428125,0.6408398371675804,0
1054,0.0,0.0,0.0,0.0075987841945288626,0.15625,0.2857142857142857,0.0,0.6666666666666666,0.0241488738896124,0.0,0.04579249337110014,0.6805601867289096,0.7314743096643344,0.0,0.8636666666666667,0.5,0.45922248616212663,0.5955545786521312,0.7318866711421358,0
1055,0.34983806933418626,0.5,0.9802120141342756,0.0075987841945288626,0.28125,0.2857142857142857,0.0,0.6666666666666666,0.0631694021123157,0.5,0.21475923223888183,0.9993331110370124,0.9935628652871735,0.0,0.9983333333333333,1.0,0.7633919371336413,0.8531611806709187,0.9429304242081962,0
1056,0.1994621294845622,0.0,0.9484098939929329,0.0075987841945288626,0.25,0.2857142857142857,0.0,0.6666666666666666,0.02792101640449074,0.0,0.11474592704407272,0.9896632210736912,0.9632631850860595,0.0,0.8816666666666667,1.0,0.7380206051536297,0.7902571548383794,0.8424937045231291,0
1057,0.062382297551789145,0.0,0.0,0.0075987841945288626,0.15625,0.2857142857142857,0.0,0.6666666666666666,0.024211187792597233,0.0,0.02458648170367994,0.9859953317772591,0.9591053571344232,0.0,0.8363333333333334,0.5,0.6563590483434263,0.775752922644531,0.8951467969456356,0
1058,0.062382297551789145,0.0,0.8671378091872791,0.0075987841945288626,0.1875,0.2857142857142857,0.0,0.6666666666666666,0.02415304846143773,0.0,0.05587057433588216,0.8902967655885295,0.8554210539286045,0.0,0.8916666666666666,1.0,0.671063697693932,0.6959506351752069,0.7208375726564819,0
1059,0.39185191338100966,0.1,0.976678445229682,0.07936507936507942,0.1875,0.7142857142857143,0.0,0.6666666666666666,0.14387981351701562,0.0,0.24213276676898665,0.9969989996665555,0.9661822049817197,0.0,0.9956666666666667,1.0,0.6999372875938942,0.8236508200321402,0.9473643524703862,0
1060,0.24059750976591987,0.1,0.9469964664310954,0.0075987841945288626,0.15625,0.2857142857142857,0.0,0.6666666666666666,0.029917887728359127,0.0,0.3790330004418475,0.9979993331110371,0.9843332773167218,0.0,0.9526666666666667,1.0,0.7459385070253712,0.7503047336953942,0.7546709603654171,0
1061,0.8067019438673846,0.8,0.9992932862190813,0.8964851293935883,0.5,1.0,0.0,0.6666666666666666,0.8137672821146795,0.0,0.3572134479037201,0.9996665555185061,0.9924476404248402,0.0003333333333333333,1.0,1.0,0.8165219021467278,0.8626114602842551,0.9087010184217823,0
1062,0.11064621106462114,0.0,0.0,0.0075987841945288626,0.15625,0.2857142857142857,0.0,0.6666666666666666,0.0241488996825745,0.0,0.0320854589401558,0.8256085361787262,0.8565814600537396,0.0,0.821,0.5,0.5842970284907106,0.6704320897006797,0.7565671509106487,0
1063,0.13630898943153524,0.0,0.9802120141342756,0.0075987841945288626,0.28125,0.2857142857142857,0.0,0.6666666666666666,0.030278227682289605,0.0,0.1528940263383899,0.9933311103701233,0.9694158084561405,0.0,0.9946666666666667,1.0,0.7217667673371583,0.8468113095269318,0.9718558517167054,0
1064,0.4843855929493329,0.8,0.9985865724381625,0.14084507042253525,0.25,0.2857142857142857,0.0,0.6666666666666666,0.4385822039817986,1.0,0.6806886634877818,1.0,0.9937605460883329,0.0013333333333333333,1.0,1.0,0.7814987735807539,0.8665710951559535,0.9516434167311532,0
1065,0.0,0.0,0.0,0.0075987841945288626,0.15625,0.2857142857142857,0.0,0.6666666666666666,0.0241488738896124,0.0,0.07937111731665847,0.7172390796932311,0.6879493809854443,0.0,0.9203333333333333,0.5,0.3965686907707772,0.5966089728957287,0.7966492550206801,0
1066,0.0,0.0,0.0,0.0075987841945288626,0.15625,0.2857142857142857,0.0,0.6666666666666666,0.024148873975601504,0.0,0.024712831067449814,0.7849283094364788,0.8398302650835007,0.0,0.738,0.5,0.5372411114219614,0.7048551273642472,0.872469143306533,0
1067,0.11064621106462114,0.0,0.0,0.0075987841945288626,0.15625,0.2857142857142857,0.0,0.6666666666666666,0.024149116531571035,0.0,0.05974371790220723,0.855618539513171,0.8826637974753145,0.0,0.7623333333333333,0.5,0.5911355005414956,0.7468899557637526,0.9026444109860097,0
1068,0.0,0.0,0.0,0.0075987841945288626,0.15625,0.2857142857142857,0.0,0.6666666666666666,0.0241488738896124,0.0,0.053551579460676346,0.6985661887295765,0.6993703455609447,0.0,0.8906666666666667,0.5,0.41185509175178764,0.6404987832177934,0.8691424746837991,0
1069,0.062382297551789145,0.0,0.0,0.0075987841945288626,0.15625,0.2857142857142857,0.0,0.6666666666666666,0.024148874553964528,0.0,0.04926805392124256,0.8466155385128376,0.8598437100715434,0.0,0.784,0.5,0.5536514572671591,0.7199320512897035,0.8862126453122479,0
1070,0.0,0.0,0.9674911660777386,0.19696969696969702,0.125,0.42857142857142855,0.0,0.6666666666666666,0.024454380144903087,0.0,0.1722038458349242,0.991997332444148,0.9050695174268596,0.0,0.978,0.5,0.5881482712951684,0.7846356937511756,0.9811231162071828,0
1071,0.062382297551789145,0.0,0.0,0.0075987841945288626,0.15625,0.2857142857142857,0.0,0.6666666666666666,0.024148897270485636,0.0,0.0484610339538194,0.8446148716238746,0.8593865204294118,0.0,0.8166666666666667,0.5,0.5841955007153959,0.7089720361980107,0.8337485716806257,0
1072,0.3708765886105725,0.1,0.9985865724381625,0.5964912280701755,0.28125,0.8571428571428571,0.0,0.6666666666666666,0.25322986180510076,0.0,0.42828917142492906,0.9996665555185061,0.9910547280120089,0.0,0.9996666666666667,1.0,0.8044477092348792,0.8116213824734397,0.8187950557120003,0
1073,0.062382297551789145,0.0,0.0,0.0075987841945288626,0.15625,0.2857142857142857,0.0,0.6666666666666666,0.024148873895308842,0.0,0.03341663525137151,0.754918306102034,0.8093075609073135,0.0,0.8160000000000001,0.5,0.530061757221494,0.6810416634877774,0.8320215697540609,0
1074,0.062382297551789145,0.0,0.0,0.0075987841945288626,0.15625,0.2857142857142857,0.0,0.6666666666666666,0.024148873926296277,0.0,0.03587410025967186,0.8299433144381461,0.850421592258473,0.0,0.7433333333333334,0.5,0.5326588336081638,0.754223142237588,0.9757874508670124,0
1075,0.3324639766323867,0.4,0.9992932862190813,0.19696969696969702,0.40625,0.42857142857142855,0.0,0.6666666666666666,0.12804635351262816,0.5,0.49053134509097074,0.9993331110370124,0.9914712012635334,0.0003333333333333333,0.9986666666666667,1.0,0.7051580965512918,0.8027341488057371,0.9003102010601823,0
1076,0.49925356969570944,0.6,0.976678445229682,0.07936507936507942,0.1875,0.7142857142857143,0.0,0.6666666666666666,0.2611742342855843,1.0,0.8747829428508529,1.0,0.9984489151485934,0.0003333333333333333,1.0,1.0,0.7047860052492929,0.8193674005661018,0.9339487958829106,0
1077,0.0,0.0,0.0,0.0075987841945288626,0.15625,0.2857142857142857,0.0,0.6666666666666666,0.0241488738896124,0.0,0.009114583499635565,0.7559186395465155,0.7453235112265667,0.0,0.871,0.5,0.4346330800353835,0.6761867738457038,0.9177404676560241,0
1078,0.11064621106462114,0.0,0.9802120141342756,0.0075987841945288626,0.21875,0.2857142857142857,0.0,0.6666666666666666,0.024184014243489593,0.0,0.039140541563716935,0.9463154384794932,0.900409737189654,0.0,0.9026666666666667,0.5,0.6627898122772301,0.6829711065209823,0.7031524007647345,0
1079,0.6239067930752031,0.6,0.9992932862190813,0.5964912280701755,0.625,0.8571428571428571,0.0,0.6666666666666666,0.7826738026888694,0.5,0.4877584831635615,0.9996665555185061,0.9964281073731189,0.0003333333333333333,1.0,1.0,0.8593820786108383,0.9049881840291034,0.9505942894473685,0
1080,0.1994621294845622,0.0,0.9484098939929329,0.0075987841945288626,0.25,0.2857142857142857,0.0,0.6666666666666666,0.02644467794815797,0.0,0.1909793108729656,0.9773257752584195,0.9454491147799587,0.0,0.8656666666666667,1.0,0.735543030310416,0.7781084371695091,0.820673844028602,0
1081,0.1994621294845622,0.0,0.9484098939929329,0.0075987841945288626,0.25,0.2857142857142857,0.0,0.6666666666666666,0.02649331793067833,0.0,0.12553387283897932,0.9879959986662221,0.9675212599118573,0.0,0.871,1.0,0.7207202740572017,0.7933628652363482,0.8660054564154946,0
1082,0.13553057739209573,0.0,0.9519434628975265,0.0075987841945288626,0.1875,0.2857142857142857,0.0,0.6666666666666666,0.02813843241104308,0.0,0.12441016116717207,0.9953317772590864,0.9804035161834453,0.0,0.9783333333333333,1.0,0.7107260334163448,0.8057040142510156,0.9006819950856864,0
1083,0.0,0.0,0.0,0.0075987841945288626,0.15625,0.2857142857142857,0.0,0.6666666666666666,0.024148873889622502,0.0,0.07017230563640786,0.7425808602867623,0.7916839822093917,0.0,0.8116666666666666,0.5,0.4973462934023834,0.6397260589812186,0.7821058245600538,0
1084,0.22954730996572004,0.0,0.9469964664310954,0.0075987841945288626,0.15625,0.2857142857142857,0.0,0.6666666666666666,0.025251137204765906,0.0,0.20313915608014776,0.9883294431477159,0.9627025708851036,0.0,0.8946666666666667,1.0,0.6942002411513749,0.7222500886022059,0.7502999360530369,0
1085,0.062382297551789145,0.0,0.8671378091872791,0.0075987841945288626,0.1875,0.2857142857142857,0.0,0.6666666666666666,0.024173533028243432,0.0,0.050028842928075745,0.9223074358119373,0.8968853417791662,0.0,0.8673333333333333,1.0,0.6667827921108183,0.7280980136244628,0.7894132351381073,0
1086,0.062382297551789145,0.0,0.0,0.0075987841945288626,0.15625,0.2857142857142857,0.0,0.6666666666666666,0.024148878537354035,0.0,0.04974534694449406,0.8412804268089363,0.8593103894608973,0.0,0.7976666666666666,0.5,0.5692399682634797,0.7133202974449356,0.8574006266263916,0
1087,0.062382297551789145,0.0,0.0,0.0075987841945288626,0.15625,0.2857142857142857,0.0,0.6666666666666666,0.02414887389154341,0.0,0.019254007080242053,0.7905968656218739,0.8251195011029288,0.0,0.7963333333333333,0.5,0.5208106339696642,0.7014226180445384,0.8820346021194125,0
1088,0.062382297551789145,0.0,0.0,0.0075987841945288626,0.15625,0.2857142857142857,0.0,0.6666666666666666,0.024148876048484036,0.0,0.067550598710441,0.8986328776258753,0.8901819661268496,0.0,0.7686666666666666,0.5,0.5584997035513571,0.7476666043758,0.9368335052002428,0
1089,0.60223990726234,0.8,0.9985865724381625,0.8964851293935883,0.71875,1.0,0.0,0.6666666666666666,0.8757202493601814,0.5,0.46627415906962844,0.9996665555185061,0.994784655065051,0.0006666666666666666,1.0,1.0,0.9057443941107405,0.9390252053164758,0.972306016522211,0
1090,0.11064621106462114,0.0,0.0,0.0075987841945288626,0.15625,0.2857142857142857,0.0,0.6666666666666666,0.024148873902706813,0.0,0.024503411704636102,0.7505835278426142,0.8123974132781442,0.0,0.8253333333333334,0.5,0.5339076623866288,0.6455994285627833,0.7572911947389378,0
1091,0.062382297551789145,0.0,0.0,0.0075987841945288626,0.15625,0.2857142857142857,0.0,0.6666666666666666,0.024151975320595542,0.0,0.042317820949710594,0.8909636545515172,0.8759287721307288,0.0,0.862,0.5,0.640636882609451,0.7137870557067285,0.7869372288040062,0
1092,0.22954730996572004,0.0,0.9816254416961131,0.10169491525423724,0.21875,0.5714285714285714,0.0,0.6666666666666666,0.02640246309007732,0.0,0.05644266301874257,0.991997332444148,0.9730013753447422,0.0,0.9026666666666667,1.0,0.6901308960441767,0.7317467647743998,0.773362633504623,0
1093,0.062382297551789145,0.0,0.8671378091872791,0.0075987841945288626,0.1875,0.2857142857142857,0.0,0.6666666666666666,0.024151231560884723,0.0,0.06018706400431306,0.8869623207735912,0.8428776718885658,0.0,0.9026666666666667,1.0,0.6737345161755911,0.6880628492634422,0.7023911823512933,0
1094,0.775873413056529,0.9,0.9985865724381625,0.8964851293935883,0.625,1.0,0.0,0.6666666666666666,0.9053869544331103,1.0,0.6572675356943958,1.0,0.9971754199648529,0.0026666666666666666,1.0,1.0,0.9216532915704332,0.9343429781223321,0.9470326646742311,0
1095,0.6509179763363864,0.7,0.9978798586572438,0.8964851293935883,0.4375,1.0,0.0,0.6666666666666666,0.8267582698829596,0.3333333333333333,0.41735114651092586,0.9996665555185061,0.9977767209910317,0.0003333333333333333,1.0,1.0,0.8613787882838664,0.8743059044880641,0.887233020692262,0
1096,0.062382297551789145,0.0,0.0,0.0075987841945288626,0.15625,0.2857142857142857,0.0,0.6666666666666666,0.024149283551957668,0.0,0.018564006575741088,0.859619873291097,0.8347276732259177,0.0,0.887,0.5,0.640856810354367,0.6804732697232788,0.7200897290921906,0
1097,0.4680988108327947,0.5,1.0,0.5964912280701755,0.5625,0.8571428571428571,0.0,0.6666666666666666,0.6044446407912365,1.0,0.7338405295227175,1.0,0.9976502646245502,0.0003333333333333333,1.0,1.0,0.7901213849676949,0.8328068579652879,0.8754923309628808,0
1098,0.45489614717502236,0.4,0.992226148409894,0.19696969696969702,0.375,0.42857142857142855,0.0,0.6666666666666666,0.36039176957209307,0.0,0.4360896546284825,0.9993331110370124,0.9901615943648504,0.0,1.0,1.0,0.7241441674002709,0.8277486561804311,0.9313531449605914,0
1099,0.7106463300518844,0.6,0.995053003533569,0.7424749163879598,0.34375,1.0,0.0,0.6666666666666666,0.7315283719891253,0.3333333333333333,0.34273672165052727,0.9993331110370124,0.9933873115755829,0.0003333333333333333,1.0,1.0,0.7643355620247575,0.7928913739145061,0.8214471858042548,0
1100,0.13553057739209573,0.1,0.9519434628975265,0.0075987841945288626,0.1875,0.2857142857142857,0.0,0.6666666666666666,0.02787714436542943,0.0,0.2559526451826192,0.9973324441480493,0.9852614586429149,0.0,0.995,1.0,0.7088647474105209,0.8346397494303097,0.9604147514500987,0
1101,0.0,0.0,0.0,0.0075987841945288626,0.15625,0.2857142857142857,0.0,0.6666666666666666,0.02414887388968745,0.0,0.0639036685893335,0.7362454151383795,0.7941640254988083,0.0,0.8366666666666667,0.5,0.5069530673716885,0.6382561998441744,0.7695593323166602,0
1102,0.5632294805083556,0.6,0.9992932862190813,0.7424749163879598,0.5,1.0,0.0,0.6666666666666666,0.6675048067475858,1.0,0.6568920609533477,1.0,0.9962192317389048,0.001,1.0,1.0,0.7812167919387659,0.8392829796161835,0.897349167293601,0
1103,0.11064621106462114,0.0,0.0,0.0075987841945288626,0.15625,0.2857142857142857,0.0,0.6666666666666666,0.024214189827664545,0.0,0.08744641132868236,0.946648882960987,0.9314076084068201,0.0,0.8663333333333334,0.5,0.6479800881150555,0.7781639353057344,0.9083477824964133,0
1104,0.11064621106462114,0.0,0.0,0.0075987841945288626,0.15625,0.2857142857142857,0.0,0.6666666666666666,0.024148874595749215,0.0,0.01738424618108325,0.8036012004001334,0.8439196849285104,0.0,0.8096666666666666,0.5,0.5559136638692462,0.6656359799915377,0.7753582961138291,0
1105,0.062382297551789145,0.0,0.0,0.0075987841945288626,0.15625,0.2857142857142857,0.0,0.6666666666666666,0.024148873906815305,0.0,0.018035430435588307,0.7542514171390463,0.8071012442605019,0.0,0.827,0.5,0.538027355638775,0.6759337162931223,0.8138400769474695,0
1106,0.19518245185086192,0.1,0.9469964664310954,0.0075987841945288626,0.15625,0.2857142857142857,0.0,0.6666666666666666,0.03555879468146883,0.0,0.1301569917074744,0.9979993331110371,0.9811251413010478,0.0,0.9963333333333333,1.0,0.7452405706786641,0.7758967803270826,0.8065529899755013,0
1107,0.11064621106462114,0.0,0.0,0.0075987841945288626,0.15625,0.2857142857142857,0.0,0.6666666666666666,0.02417613634425586,0.0,0.0914690562486773,0.9463154384794932,0.9248590774732043,0.0,0.829,0.5,0.6506815791049334,0.7128046938685888,0.7749278086322441,0
1108,0.0,0.0,0.0,0.0075987841945288626,0.15625,0.2857142857142857,0.0,0.6666666666666666,0.0241488738896124,0.0,0.02757603993767288,0.6978992997665889,0.7125313576916885,0.0,0.8743333333333333,0.5,0.4286520660775656,0.7087540342370742,0.9888560023965827,0
1109,0.11064621106462114,0.0,0.0,0.0075987841945288626,0.15625,0.2857142857142857,0.0,0.6666666666666666,0.024148873969471407,0.0,0.03389246521672218,0.7985995331777259,0.8209885165791876,0.0,0.8653333333333333,0.5,0.5538522380444829,0.6258852047704695,0.6979181714964562,0
1110,0.6226431687069087,0.7,0.9992932862190813,0.8964851293935883,0.34375,1.0,0.0,0.6666666666666666,0.4901240429723357,0.0,0.41255311436975806,0.9996665555185061,0.9934107979135385,0.0,1.0,1.0,0.7620021601082565,0.8149083401863908,0.8678145202645252,0
1111,0.11064621106462114,0.0,0.0,0.0075987841945288626,0.15625,0.2857142857142857,0.0,0.6666666666666666,0.024148998370546404,0.0,0.03718772070635801,0.8692897632544181,0.8812709111166991,0.0,0.8086666666666666,0.5,0.593832750608336,0.687180859220889,0.7805289678334422,0
1112,0.3708765886105725,0.5,0.9985865724381625,0.5964912280701755,0.46875,0.8571428571428571,0.0,0.6666666666666666,0.28346187971132286,0.0,0.3601803265929687,0.9993331110370124,0.9891167291604466,0.0,0.9993333333333333,1.0,0.7955247010920204,0.8116390034504902,0.82775330580896,0
1113,0.062382297551789145,0.0,0.0,0.0075987841945288626,0.15625,0.2857142857142857,0.0,0.6666666666666666,0.024155605940765157,0.0,0.053347986605280395,0.9179726575525176,0.8975036711796128,0.0,0.855,0.5,0.6421128845015023,0.7298352451343796,0.8175576057672569,0
1114,0.8507724317400065,0.8,1.0,0.8964851293935883,0.59375,1.0,0.0,0.6666666666666666,0.8627923433838524,1.0,0.5718792871097222,1.0,0.9962542408284432,0.0006666666666666666,1.0,1.0,0.8184447109745528,0.8679853676363118,0.9175260242980708,0
1115,0.6995290874474975,0.9,0.9992932862190813,0.8964851293935883,0.4375,1.0,0.0,0.6666666666666666,0.8594468852423116,1.0,0.6221967612003868,1.0,0.9957758641915874,0.001,1.0,1.0,0.8247988396225677,0.8783936742960403,0.931988508969513,0
1116,0.11064621106462114,0.0,0.9469964664310954,0.0075987841945288626,0.15625,0.2857142857142857,0.0,0.6666666666666666,0.024363124304593198,0.0,0.05703752913092741,0.968322774258086,0.9337215843321225,0.0,0.8936666666666666,1.0,0.6844248515126999,0.702781418167286,0.7211379848218721,0
1117,0.0,0.0,0.0,0.0075987841945288626,0.15625,0.2857142857142857,0.0,0.6666666666666666,0.0241488738896124,0.0,0.177520499330988,0.6772257419139713,0.5655048873339261,0.0,0.9806666666666667,0.0,0.36937501252952093,0.48362284409560496,0.5978706756616889,0
1118,0.062382297551789145,0.0,0.0,0.0075987841945288626,0.15625,0.2857142857142857,0.0,0.6666666666666666,0.024148875279473736,0.0,0.024124732867865872,0.8422807602534178,0.8594333151562923,0.0,0.7963333333333333,0.5,0.5593221186729921,0.7171204634816082,0.8749188082902244,0
1119,0.1821739130434783,0.0,0.9816254416961131,0.14084507042253525,0.1875,0.2857142857142857,0.0,0.6666666666666666,0.024169597724965186,0.0,0.20556510977036968,0.995998666222074,0.9286062717905105,0.0,0.9853333333333333,0.5,0.6030118526041481,0.8007549672833577,0.9984980819625673,0
1120,0.13947068771518478,0.0,0.8671378091872791,0.0075987841945288626,0.1875,0.2857142857142857,0.0,0.6666666666666666,0.02492965316689899,0.0,0.09572009322628927,0.9866622207402468,0.9631440531883839,0.0,0.9443333333333334,1.0,0.6824689272231395,0.7997827719455866,0.9170966166680337,0
1121,0.062382297551789145,0.0,0.0,0.0075987841945288626,0.15625,0.2857142857142857,0.0,0.6666666666666666,0.024148873889707656,0.0,0.04858267576398423,0.7889296432144048,0.8185410969949423,0.0,0.7866666666666666,0.5,0.5034145126495467,0.7396868027065546,0.9759590927635625,0
1122,0.7229070983255084,0.9,1.0,0.8964851293935883,0.53125,1.0,0.0,0.6666666666666666,0.8606293730017138,1.0,0.7436836259637165,1.0,0.9977343739538519,0.002,1.0,1.0,0.8936560362108725,0.8949132633125767,0.896170490414281,0
1123,0.27229217379754034,0.3,0.9957597173144876,0.39669421487603307,0.3125,0.5714285714285714,0.0,0.6666666666666666,0.12386302602895671,0.3333333333333333,0.2992248315750916,0.9993331110370124,0.9922962524973575,0.0003333333333333333,0.9986666666666667,1.0,0.7740492117176856,0.8705397154648735,0.9670302192120614,0
1124,0.062382297551789145,0.0,0.0,0.0075987841945288626,0.15625,0.2857142857142857,0.0,0.6666666666666666,0.02414896413446732,0.0,0.032506279408600736,0.9156385461820606,0.9023104474880193,0.0,0.7823333333333333,0.5,0.5879137699127238,0.74601215911666,0.9041105483205962,0
1125,0.0,0.0,0.0,0.0075987841945288626,0.15625,0.2857142857142857,0.0,0.6666666666666666,0.024148873889621614,0.0,0.019129996349172118,0.7379126375458487,0.7916146363372891,0.0,0.794,0.5,0.49281410563292666,0.7204841895687808,0.9481542735046349,0
1126,0.062382297551789145,0.0,0.0,0.0075987841945288626,0.15625,0.2857142857142857,0.0,0.6666666666666666,0.02414887388971676,0.0,0.01226216265228619,0.7105701900633545,0.733690235072652,0.0,0.9023333333333333,0.5,0.5323856210254306,0.6092379945835348,0.6860903681416389,0
1127,0.6538931687069087,0.7,1.0,0.679144385026738,0.3125,0.8571428571428571,0.0,0.6666666666666666,0.8589000434909702,1.0,0.552750197913169,1.0,0.99605542717165,0.001,1.0,1.0,0.862146064819102,0.8933152733806986,0.924484481942295,0
1128,0.28307672173042586,0.3,0.9674911660777386,0.19696969696969702,0.125,0.42857142857142855,0.0,0.6666666666666666,0.06737682338929518,0.0,0.3841526635212337,0.9989996665555185,0.9786850001836889,0.0,0.997,0.5,0.6645927530964361,0.8253303226398774,0.9860678921833187,0
1129,0.0,0.0,0.0,0.0075987841945288626,0.15625,0.2857142857142857,0.0,0.6666666666666666,0.0241488738896124,0.0,0.02618427352461883,0.6832277425808603,0.7238625683666526,0.0,0.87,0.5,0.46430467955834454,0.6207978558558441,0.7772910321533437,0
1130,0.11064621106462114,0.0,0.0,0.0075987841945288626,0.15625,0.2857142857142857,0.0,0.6666666666666666,0.02414908156230844,0.0,0.0021297280816753306,0.8592864288096032,0.8833151901695776,0.0,0.7773333333333333,0.5,0.5926746304228772,0.7143106011032032,0.8359465717835292,0
1131,0.0,0.0,0.0,0.0075987841945288626,0.15625,0.2857142857142857,0.0,0.6666666666666666,0.0241488738896124,0.0,0.010011754210177859,0.7125708569523175,0.7390083482745511,0.0,0.8896666666666666,0.5,0.47211897838672107,0.5778717018704259,0.6836244253541308,0
1132,0.062382297551789145,0.0,0.8671378091872791,0.0075987841945288626,0.1875,0.2857142857142857,0.0,0.6666666666666666,0.024389083561479397,0.0,0.14387144741565838,0.9926642214071357,0.9757314845087548,0.0,0.8516666666666667,1.0,0.6725675597810576,0.7942375540880098,0.915907548394962,0
1133,0.0,0.0,0.0,0.0075987841945288626,0.15625,0.2857142857142857,0.0,0.6666666666666666,0.02414887388961251,0.0,0.05935272105233613,0.7215738579526509,0.7454786251185819,0.0,0.893,0.0,0.4943212324416578,0.5781823103423884,0.6620433882431189,0
1134,0.21274563318777295,0.0,0.976678445229682,0.07936507936507942,0.1875,0.7142857142857143,0.0,0.6666666666666666,0.024148919240225553,0.0,0.24101596850968077,0.9936645548516172,0.8644127425856911,0.0,0.998,0.5,0.5292033681490964,0.7553223785906141,0.9814413890321319,0
1135,0.11064621106462114,0.0,0.0,0.0075987841945288626,0.15625,0.2857142857142857,0.0,0.6666666666666666,0.024158300765454888,0.0,0.0796083045084125,0.9499833277759253,0.929781406110294,0.0,0.7693333333333333,0.5,0.6262750448717171,0.8124129997929197,0.9985509547141223,0
1136,0.7730956352787512,0.9,0.9985865724381625,0.8964851293935883,0.65625,1.0,0.0,0.6666666666666666,0.8992910644168577,1.0,0.6848992056383916,1.0,0.9979964048070311,0.004,1.0,1.0,0.9331655972868416,0.93532946857581,0.9374933398647783,0
1137,0.8382724317400065,0.7,1.0,0.8964851293935883,0.625,1.0,0.0,0.6666666666666666,0.8752793512216327,1.0,0.7342896753079916,1.0,0.9969675828777356,0.0006666666666666666,1.0,1.0,0.8198548694926441,0.8761381960612425,0.932421522629841,0
1138,0.11064621106462114,0.0,0.0,0.0075987841945288626,0.15625,0.2857142857142857,0.0,0.6666666666666666,0.02414887395959997,0.0,0.04489689626542215,0.7922640880293431,0.8361803152379885,0.0,0.808,0.5,0.540670356256096,0.6632231149154155,0.785775873574735,0
1139,0.5409202363623762,0.5,0.9992932862190813,0.07936507936507942,0.375,0.7142857142857143,0.0,0.6666666666666666,0.23105334332577887,1.0,0.6206252974714661,1.0,0.9934471454688425,0.0003333333333333333,1.0,1.0,0.7024347097760882,0.8089629813150796,0.9154912528540708,0
1140,0.13553057739209573,0.1,0.9837455830388693,0.0075987841945288626,0.40625,0.2857142857142857,0.0,0.6666666666666666,0.03565035639456415,0.0,0.2324682924571403,0.9973324441480493,0.9806241763170611,0.0,0.9966666666666667,1.0,0.7299453519154794,0.8289725572423492,0.9279997625692191,0
1141,0.0,0.0,0.0,0.0075987841945288626,0.15625,0.2857142857142857,0.0,0.6666666666666666,0.024148873889620504,0.0,0.044946936649340574,0.7262420806935646,0.7861774551283502,0.0,0.7963333333333333,0.5,0.4925608533016569,0.7403731657701922,0.9881854782387274,0
1142,0.0,0.0,0.0,0.0075987841945288626,0.15625,0.2857142857142857,0.0,0.6666666666666666,0.0241488738896124,0.0,0.024901989978673766,0.7755918639546515,0.737946101853513,0.0,0.8873333333333333,0.5,0.4213547330257223,0.6821330917343168,0.9429114504429114,0
1143,0.4843855929493329,0.6,0.9985865724381625,0.14084507042253525,0.25,0.2857142857142857,0.0,0.6666666666666666,0.37176960482407084,0.5,0.4349083164048889,0.9996665555185061,0.9951604366098588,0.0003333333333333333,0.9996666666666667,1.0,0.7776295473827183,0.8786847692723283,0.9797399911619382,0
1144,0.20753100730286567,0.0,0.9519434628975265,0.0075987841945288626,0.1875,0.2857142857142857,0.0,0.6666666666666666,0.026218364777621628,0.0,0.24172706066769467,0.9963321107035679,0.978115691098662,0.0,0.9616666666666667,1.0,0.7054645172696217,0.7694706338524624,0.8334767504353031,0
1145,0.11064621106462114,0.0,0.0,0.0075987841945288626,0.15625,0.2857142857142857,0.0,0.6666666666666666,0.024166839871097356,0.0,0.07415332083325743,0.9429809936645549,0.9257178698087317,0.0,0.8596666666666667,0.5,0.6329000916121177,0.8070861822720141,0.9812722729319107,0
1146,0.5869421913465953,0.5,0.995053003533569,0.7424749163879598,0.34375,1.0,0.0,0.6666666666666666,0.7105632845836902,0.5,0.5088235610227434,1.0,0.9966813413890048,0.0,0.9996666666666667,1.0,0.764640636418959,0.7895307338105947,0.8144208312022304,0
1147,0.062382297551789145,0.0,0.0,0.0075987841945288626,0.15625,0.2857142857142857,0.0,0.6666666666666666,0.02414887388999354,0.0,0.025650910734656418,0.75891963987996,0.8108957282434242,0.0,0.776,0.5,0.5092729453257802,0.7542476775018976,0.999222409678015,0
1148,0.062382297551789145,0.0,0.0,0.0075987841945288626,0.15625,0.2857142857142857,0.0,0.6666666666666666,0.024148877701915095,0.0,0.03309577095999594,0.7995998666222074,0.8312686885006083,0.0,0.8546666666666667,0.5,0.575346070563427,0.6870377488287155,0.798729427094004,0
1149,0.0,0.0,0.0,0.0075987841945288626,0.15625,0.2857142857142857,0.0,0.6666666666666666,0.0241488738896124,0.0,0.06360023634533019,0.727242414138046,0.7473038548577213,0.0,0.86,0.5,0.445401866134797,0.6243712281533541,0.8033405901719113,0
1150,0.3953581207765309,0.5,0.9964664310954063,0.5964912280701755,0.40625,0.8571428571428571,0.0,0.6666666666666666,0.3174155469076676,1.0,0.5777121681102391,1.0,0.9917941874164633,0.0,1.0,1.0,0.7517346360480917,0.8113929446961605,0.8710512533442293,0
1151,0.35369145410986413,0.5,0.9978798586572438,0.5964912280701755,0.46875,0.8571428571428571,0.0,0.6666666666666666,0.16202399536609846,0.5,0.6738102237895472,1.0,0.996181380751861,0.0003333333333333333,1.0,1.0,0.7537573619297406,0.7958891735838529,0.8380209852379651,0
1152,0.13947068771518478,0.0,0.8671378091872791,0.0075987841945288626,0.1875,0.2857142857142857,0.0,0.6666666666666666,0.025355253361993846,0.0,0.12384182889880668,0.9929976658886296,0.9716291145318207,0.0,0.9526666666666667,1.0,0.6893588988442895,0.8051448874527027,0.920930876061116,0
1153,0.11064621106462114,0.0,0.0,0.0075987841945288626,0.15625,0.2857142857142857,0.0,0.6666666666666666,0.024148881523643584,0.0,0.019302319647013788,0.8202734244748249,0.8396649354954971,0.0,0.853,0.5,0.5838729941340172,0.6465611981941676,0.709249402254318,0
1154,0.5074331439773159,0.6,1.0,0.5964912280701755,0.59375,0.8571428571428571,0.0,0.6666666666666666,0.6808099634275387,0.5,0.5245639101702386,1.0,0.9943760089971878,0.0003333333333333333,0.9996666666666667,1.0,0.8548273261286096,0.9017191665479354,0.9486110069672612,0
1155,0.0,0.0,0.0,0.0075987841945288626,0.15625,0.2857142857142857,0.0,0.6666666666666666,0.024148873890004863,0.0,0.028715446369894426,0.7852617539179727,0.7327081608837324,0.0,0.9383333333333334,0.0,0.5667941672924722,0.5695916602231128,0.5723891531537535,0
1156,0.590389219379058,0.7,0.9992932862190813,0.5964912280701755,0.75,0.8571428571428571,0.0,0.6666666666666666,0.6478867213115722,0.5,0.49608620854800134,0.9996665555185061,0.9947302686676234,0.0006666666666666666,0.9996666666666667,1.0,0.8385213837227724,0.8619783924447004,0.8854354011666286,0
1157,0.39185191338100966,0.1,0.976678445229682,0.07936507936507942,0.1875,0.7142857142857143,0.0,0.6666666666666666,0.09631591563523989,0.0,0.13587078800628438,0.9973324441480493,0.9625900842451639,0.0,0.9953333333333333,1.0,0.6944557072167752,0.8098088734041842,0.9251620395915932,0
1158,0.0,0.0,0.0,0.0075987841945288626,0.15625,0.2857142857142857,0.0,0.6666666666666666,0.02414887388961251,0.0,0.006836409620757489,0.7185728576192064,0.7183978395492261,0.0,0.9203333333333333,0.0,0.5033995921821932,0.5574673001294677,0.611535008076742,0
1159,0.7086646740832527,0.5,0.9957597173144876,0.679144385026738,0.4375,0.8571428571428571,0.0,0.6666666666666666,0.47085927327924426,0.75,0.7575787187551632,1.0,0.9972306328182879,0.001,0.9996666666666667,1.0,0.8119271490029903,0.8122526673325473,0.8125781856621043,0
1160,0.0,0.0,0.0,0.0075987841945288626,0.15625,0.2857142857142857,0.0,0.6666666666666666,0.024148873889643818,0.0,0.030919078481911777,0.7482494164721574,0.7833281888134463,0.0,0.8616666666666667,0.5,0.5111801672027514,0.6041363289206847,0.697092490638618,0
1161,0.6031079628178955,1.0,1.0,0.8964851293935883,0.625,1.0,0.0,0.6666666666666666,0.8428064481166452,1.0,0.6806306743705643,1.0,0.9932189640896594,0.003,1.0,1.0,0.8741394236338642,0.9257775734878753,0.9774157233418864,0
1162,0.2575310073028656,0.1,0.9901060070671378,0.0075987841945288626,0.46875,0.2857142857142857,0.0,0.6666666666666666,0.03576831554831861,0.0,0.3416025567831238,0.9986662220740247,0.9864383552026538,0.0,1.0,1.0,0.7405239513669648,0.7836429933574054,0.8267620353478461,0
1163,0.0,0.0,0.0,0.0075987841945288626,0.15625,0.2857142857142857,0.0,0.6666666666666666,0.0241488738896124,0.0,0.04323928316103609,0.7702567522507502,0.7790232349958004,0.0,0.8303333333333334,0.5,0.4634085471582794,0.7144644941785385,0.9655204411987977,0
1164,0.7679411064388018,0.6,0.9971731448763251,0.4782608695652174,0.375,0.7142857142857143,0.0,0.6666666666666666,0.6653324593959387,0.0,0.4442459802157881,0.9993331110370124,0.9949023193351565,0.0,1.0,1.0,0.744864743218478,0.8614817240321024,0.9780987048457268,0
1165,0.7487505884189796,0.9,1.0,0.679144385026738,0.4375,0.8571428571428571,0.0,0.6666666666666666,0.8233758365310883,1.0,0.63686343685911,1.0,0.9959661455169901,0.0016666666666666668,1.0,1.0,0.85563358456729,0.8586777977904207,0.8617220110135516,0
1166,0.062382297551789145,0.0,0.0,0.0075987841945288626,0.15625,0.2857142857142857,0.0,0.6666666666666666,0.024148873905026957,0.0,0.020787875841136616,0.8452817605868623,0.8555760990521242,0.0,0.775,0.5,0.5294215223165799,0.7285945165123359,0.9277675107080918,0
1167,0.062382297551789145,0.0,0.0,0.0075987841945288626,0.15625,0.2857142857142857,0.0,0.6666666666666666,0.024148873889643374,0.0,0.02596795906248628,0.754918306102034,0.7323789042153571,0.0,0.9203333333333333,0.0,0.5361809919175973,0.5938942000319793,0.6516074081463613,0
1168,0.11064621106462114,0.0,0.0,0.0075987841945288626,0.15625,0.2857142857142857,0.0,0.6666666666666666,0.024148878751839575,0.0,0.03526819987168883,0.8129376458819606,0.8577393003070432,0.0,0.782,0.5,0.562863263120574,0.7106826749313797,0.8585020867421853,0
1169,0.8928287047902442,0.9,1.0,0.8964851293935883,0.65625,1.0,0.0,0.6666666666666666,0.9173542662345298,1.0,0.7621705711019565,1.0,0.9982637052757852,0.0023333333333333335,1.0,1.0,0.9771855032497141,0.9818110624743077,0.9864366216989012,0
1170,0.28307672173042586,0.3,0.9964664310954063,0.19696969696969702,0.40625,0.42857142857142855,0.0,0.6666666666666666,0.09046061483108414,0.0,0.3677382606247511,0.9979993331110371,0.9804684456961922,0.0,0.9973333333333333,1.0,0.6737535178925017,0.8357474790227492,0.9977414401529966,0
1171,0.11064621106462114,0.0,0.9816254416961131,0.10169491525423724,0.21875,0.5714285714285714,0.0,0.6666666666666666,0.024452776897052386,0.0,0.10863013651597542,0.98432810936979,0.9285727718936188,0.0,0.9473333333333334,0.5,0.6305596746653737,0.7139371897020415,0.7973147047387092,0
1172,0.7755329536531452,1.0,1.0,0.8964851293935883,0.65625,1.0,0.0,0.6666666666666666,0.8998882826248495,1.0,0.7961384936297138,1.0,0.9968689440657392,0.005666666666666667,1.0,1.0,0.8973365461724164,0.9046241128014123,0.9119116794304082,0
1173,0.3807430124114225,0.4,0.995053003533569,0.39669421487603307,0.375,0.5714285714285714,0.0,0.6666666666666666,0.283502880932033,0.5,0.39363036394700013,0.9993331110370124,0.9934216556938756,0.0,0.9993333333333333,1.0,0.8010783332238387,0.8371210175824921,0.8731637019411457,0
1174,0.11064621106462114,0.0,0.8671378091872791,0.0075987841945288626,0.1875,0.2857142857142857,0.0,0.6666666666666666,0.024149880156400183,0.0,0.0787851054210923,0.918972990996999,0.8426119089199616,0.0,0.9383333333333334,0.5,0.6102955016154511,0.6509709951158287,0.6916464886162063,0
1175,0.1373542855987826,0.0,0.0,0.0075987841945288626,0.15625,0.2857142857142857,0.0,0.6666666666666666,0.024226018200318,0.0,0.03132308937944672,0.9766588862954318,0.952963970885003,0.0,0.8713333333333333,0.5,0.6497422635557983,0.7989850287982083,0.9482277940406183,0
1176,0.13756436963239604,0.0,0.8671378091872791,0.0075987841945288626,0.1875,0.2857142857142857,0.0,0.6666666666666666,0.02548309499558099,0.0,0.14233711844856334,0.9933311103701233,0.9698118116289327,0.0,0.9923333333333333,1.0,0.6957266153237694,0.824417638781662,0.9531086622395546,0
1177,0.15217391304347827,0.0,0.9752650176678446,0.14084507042253525,0.15625,0.2857142857142857,0.0,0.6666666666666666,0.02416160732413164,0.0,0.11673217188949381,0.9879959986662221,0.8604334620374647,0.0,0.9953333333333333,0.5,0.6583440837563419,0.6637586275278993,0.6691731712994567,0
1178,0.11064621106462114,0.0,0.9469964664310954,0.0075987841945288626,0.15625,0.2857142857142857,0.0,0.6666666666666666,0.02478656101605825,0.0,0.06641933933463051,0.9826608869623208,0.9471308695514739,0.0,0.913,1.0,0.674369982692969,0.7148632424059604,0.7553565021189519,0
1179,0.11064621106462114,0.0,0.0,0.0075987841945288626,0.15625,0.2857142857142857,0.0,0.6666666666666666,0.024160173456372558,0.0,0.1205742679613282,0.9389796598866289,0.9056907274820624,0.0,0.883,0.5,0.6639048367769655,0.6806156732145625,0.6973265096521595,0
1180,0.062382297551789145,0.0,0.8671378091872791,0.0075987841945288626,0.1875,0.2857142857142857,0.0,0.6666666666666666,0.02436469503484673,0.0,0.08088625549433925,0.9893297765921975,0.9669079141430126,0.0,0.854,1.0,0.6727664924302655,0.7874807662908245,0.9021950401513835,0
1181,0.6669980074165861,0.9,1.0,0.679144385026738,0.5625,0.8571428571428571,0.0,0.6666666666666666,0.785127150952636,1.0,0.7654520144450843,1.0,0.9960685100786306,0.0013333333333333333,1.0,1.0,0.8335596358730791,0.8622113497263812,0.8908630635796833,0
1182,0.22089770296572941,0.1,0.0,0.0075987841945288626,0.15625,0.2857142857142857,0.0,0.6666666666666666,0.024276202720049267,1.0,0.5271913837437487,1.0,0.9910656491793401,0.0,0.8486666666666667,0.5,0.6601363228815562,0.8057757606815141,0.9514151984814722,0
1183,0.062382297551789145,0.0,0.0,0.0075987841945288626,0.15625,0.2857142857142857,0.0,0.6666666666666666,0.024150232120513815,0.0,0.1212948660841211,0.9499833277759253,0.9274461342806949,0.0,0.7993333333333333,0.5,0.6116859912544623,0.760399168511626,0.9091123457687899,0
1184,0.062382297551789145,0.0,0.0,0.0075987841945288626,0.15625,0.2857142857142857,0.0,0.6666666666666666,0.024148873889797806,0.0,0.046432073346795,0.7339113037679226,0.792160913277881,0.0,0.8246666666666667,0.5,0.5129062415995244,0.6716756077915509,0.8304449739835774,0
1185,0.11064621106462114,0.0,0.0,0.0075987841945288626,0.15625,0.2857142857142857,0.0,0.6666666666666666,0.02414908115169201,0.0,0.041644459251433896,0.8769589863287762,0.8847481286561633,0.0,0.8073333333333333,0.5,0.5983583875875256,0.6891033430192565,0.7798482984509874,0
1186,0.11064621106462114,0.0,0.0,0.0075987841945288626,0.15625,0.2857142857142857,0.0,0.6666666666666666,0.024158797460918202,0.0,0.03681032068956647,0.9276425475158386,0.9186339215461228,0.0,0.789,0.5,0.6316823313223737,0.7255189092019416,0.8193554870815094,0
1187,0.8872550162132378,1.0,1.0,0.8964851293935883,0.96875,1.0,0.0,0.6666666666666666,0.9155230327521604,1.0,0.8856885624887056,1.0,0.9986113354356856,0.0033333333333333335,1.0,1.0,0.8477556383725658,0.8929910659451415,0.9382264935177173,0
1188,0.5948653909291309,0.4,1.0,0.14084507042253525,0.25,0.2857142857142857,0.0,0.6666666666666666,0.23423470029224724,0.5,0.654430666663089,1.0,0.9984843777789756,0.0003333333333333333,0.9996666666666667,1.0,0.7773530089902451,0.8621661648170205,0.9469793206437959,0
1189,0.1998542855987826,0.1,0.8671378091872791,0.0075987841945288626,0.1875,0.2857142857142857,0.0,0.6666666666666666,0.025751442728669027,0.0,0.19056787493972382,0.9993331110370124,0.9891868501873426,0.0,0.9723333333333334,1.0,0.694135152852851,0.8278829096753896,0.9616306664979282,0
1190,0.0,0.0,0.0,0.0075987841945288626,0.15625,0.2857142857142857,0.0,0.6666666666666666,0.024148875569629746,0.0,0.009632990679475206,0.7882627542514171,0.8456193351182886,0.0,0.789,0.5,0.5561858389472549,0.7023101786896466,0.8484345184320383,0
1191,0.07131086898036054,0.0,0.9484098939929329,0.0075987841945288626,0.25,0.2857142857142857,0.0,0.6666666666666666,0.025236026466773254,0.0,0.07364724057734928,0.9839946648882961,0.9428833884658143,0.0,0.8853333333333333,1.0,0.7438096452234275,0.7579282264557905,0.7720468076881535,0
1192,0.7285034729090273,0.6,0.995053003533569,0.7424749163879598,0.34375,1.0,0.0,0.6666666666666666,0.8040109362829664,0.0,0.2502044923323876,0.9993331110370124,0.9930383203177766,0.0,0.9993333333333333,1.0,0.7616004230295425,0.8152118963397341,0.8688233696499257,0
1193,0.1994621294845622,0.0,0.9519434628975265,0.0075987841945288626,0.1875,0.2857142857142857,0.0,0.6666666666666666,0.025479637213397854,0.0,0.05664452875587345,0.9819939979993331,0.9495716000706907,0.0,0.874,1.0,0.7150767044305045,0.7807224016764966,0.8463680989224889,0
1194,0.11064621106462114,0.0,0.0,0.0075987841945288626,0.15625,0.2857142857142857,0.0,0.6666666666666666,0.024151406949384224,0.0,0.07611473367309962,0.895298432810937,0.8821575091242291,0.0,0.8723333333333333,0.5,0.6381565667612374,0.6762158848086973,0.7142752028561572,0
1195,0.07131086898036054,0.1,0.9816254416961131,0.14084507042253525,0.1875,0.2857142857142857,0.0,0.6666666666666666,0.02836961552741768,0.0,0.20849054017550794,0.9969989996665555,0.9619976895348105,0.0,0.9526666666666667,1.0,0.6878143746080623,0.818773337031115,0.9497322994541676,0
1196,0.11064621106462114,0.0,0.0,0.0075987841945288626,0.15625,0.2857142857142857,0.0,0.6666666666666666,0.024154285265800435,0.0,0.07613850086374707,0.938646215405135,0.9239576634704529,0.0,0.7956666666666666,0.5,0.6264747274712923,0.7169131701461513,0.8073516128210103,0
1197,0.0,0.0,0.9696113074204947,0.020408163265306145,0.125,0.42857142857142855,0.0,0.6666666666666666,0.024148873889701106,0.0,0.26567762082455715,0.9696565521840613,0.712358118094558,0.0,0.997,0.5,0.4839325396582424,0.6437819542189257,0.8036313687796091,0
1198,0.0,0.0,0.0,0.0075987841945288626,0.15625,0.2857142857142857,0.0,0.6666666666666666,0.0241488738896124,0.0,0.011939748963254893,0.7159053017672558,0.7313135002020246,0.0,0.8983333333333333,0.0,0.48867830041625715,0.5682942778634343,0.6479102553106116,0
1199,0.20946212948456222,0.0,0.9696113074204947,0.020408163265306145,0.125,0.42857142857142855,0.0,0.6666666666666666,0.07973960534163782,0.0,0.222608338279488,0.995998666222074,0.9753054079660517,0.0,0.9976666666666667,1.0,0.7964565200329811,0.8281635099842801,0.8598704999355793,0
1200,0.07131086898036054,0.0,0.9484098939929329,0.0075987841945288626,0.25,0.2857142857142857,0.0,0.6666666666666666,0.025635970137067865,0.0,0.09439200047304841,0.9863287762587529,0.9495937013015818,0.0,0.8846666666666667,1.0,0.7484309966474909,0.7625384438926706,0.7766458911378502,0
1201,0.0,0.0,0.0,0.0075987841945288626,0.15625,0.2857142857142857,0.0,0.6666666666666666,0.0241488738896124,0.0,0.022932146279213583,0.7152384128042681,0.7407479809278645,0.0,0.8486666666666667,0.5,0.44788896112752313,0.6995965333512684,0.9513041055750137,0
1202,0.11064621106462114,0.0,0.0,0.0075987841945288626,0.15625,0.2857142857142857,0.0,0.6666666666666666,0.02416316831470522,0.0,0.04465977206164484,0.9256418806268756,0.917070285592052,0.0,0.8203333333333334,0.5,0.6302110050481571,0.7680242232668318,0.9058374414855066,0
1203,0.062382297551789145,0.0,0.0,0.0075987841945288626,0.15625,0.2857142857142857,0.0,0.6666666666666666,0.024148873891743583,0.0,0.029326101792345516,0.7289096365455152,0.7598179669024855,0.0,0.889,0.5,0.5419311379524083,0.6292252807066954,0.7165194234609823,0
1204,0.11064621106462114,0.0,0.0,0.0075987841945288626,0.15625,0.2857142857142857,0.0,0.6666666666666666,0.024148873897925416,0.0,0.04005489324167655,0.7362454151383795,0.7993696399621976,0.0,0.8436666666666667,0.5,0.5353513498553983,0.6305985847891934,0.7258458197229885,0
1205,0.0,0.0,0.0,0.0075987841945288626,0.15625,0.2857142857142857,0.0,0.6666666666666666,0.024148875823835403,0.0,0.02483442980074968,0.8206068689563187,0.8563527717937002,0.0,0.794,0.5,0.5590344293189288,0.6871031855398291,0.8151719417607293,0
1206,0.0,0.0,0.0,0.0075987841945288626,0.15625,0.2857142857142857,0.0,0.6666666666666666,0.0241488738896124,0.0,0.02341472270014122,0.7615871957319107,0.7627203328102498,0.0,0.8523333333333334,0.5,0.4492942647231839,0.6837205500500555,0.9181468353769271,0
1207,0.0,0.0,0.0,0.0075987841945288626,0.15625,0.2857142857142857,0.0,0.6666666666666666,0.024148873893678036,0.0,0.013689922823567291,0.7672557519173058,0.8199294310233053,0.0,0.7573333333333333,0.5,0.5202049145215049,0.7319084964022022,0.9436120782828995,0
1208,0.13756436963239604,0.0,0.8671378091872791,0.0075987841945288626,0.1875,0.2857142857142857,0.0,0.6666666666666666,0.025127075365659612,0.0,0.15346704193666694,0.9963321107035679,0.9786518123537158,0.0,0.991,1.0,0.6929994488579664,0.8113887279485394,0.9297780070391125,0
1209,0.062382297551789145,0.0,0.8671378091872791,0.0075987841945288626,0.1875,0.2857142857142857,0.0,0.6666666666666666,0.02415739561692254,0.0,0.0845310235778759,0.9083027675891964,0.8563711255676878,0.0,0.9043333333333333,1.0,0.6926752334107719,0.6986275928684961,0.7045799523262203,0
1210,0.561441296151229,0.8,0.9992932862190813,0.8964851293935883,0.40625,1.0,0.0,0.6666666666666666,0.8639422825984495,1.0,0.6494957709761077,1.0,0.9963067773711224,0.001,1.0,1.0,0.8682318112942732,0.9126590367413978,0.9570862621885224,0
1211,0.2994621294845621,0.1,0.992226148409894,0.19354838709677424,0.28125,0.8571428571428571,0.0,0.6666666666666666,0.1317031718942382,0.0,0.08602924767332609,0.9976658886295432,0.9810697792991676,0.0,0.9983333333333333,1.0,0.8303227966938009,0.8320541286185843,0.8337854605433677,0
1212,0.15217391304347827,0.3,0.9830388692579506,0.14084507042253525,0.1875,0.2857142857142857,0.0,0.6666666666666666,0.03985332829852517,0.0,0.22785160985536268,0.9986662220740247,0.9602456774112034,0.0,0.994,1.0,0.75035123198291,0.750657340817548,0.750963449652186,0
1213,0.22954730996572004,0.0,0.9469964664310954,0.0075987841945288626,0.15625,0.2857142857142857,0.0,0.6666666666666666,0.026057255423156067,0.0,0.10954595978885184,0.9923307769256419,0.968743466084302,0.0,0.892,1.0,0.7028284456831887,0.7298485764606424,0.7568687072380961,0
1214,0.11064621106462114,0.0,0.0,0.0075987841945288626,0.15625,0.2857142857142857,0.0,0.6666666666666666,0.024148880965075947,0.0,0.049488767849260595,0.8066022007335778,0.8581381346953157,0.0,0.7096666666666667,0.5,0.5642586759639252,0.7322264053306837,0.9001941346974422,0
1215,0.062382297551789145,0.0,0.0,0.0075987841945288626,0.15625,0.2857142857142857,0.0,0.6666666666666666,0.02414970628419788,0.0,0.03293369412416702,0.8679559853284429,0.8583429254049607,0.0,0.872,0.5,0.6332986999589684,0.6971112607428996,0.7609238215268309,0
1216,0.8253811011680685,0.9,1.0,0.7424749163879598,0.75,1.0,0.0,0.6666666666666666,0.8656264009966955,1.0,0.7652673948838905,1.0,0.997835056587015,0.0013333333333333333,1.0,1.0,0.784973401220913,0.8815233679869331,0.9780733347529532,0
1217,0.062382297551789145,0.0,0.8671378091872791,0.0075987841945288626,0.1875,0.2857142857142857,0.0,0.6666666666666666,0.024316530210881537,0.0,0.11191781522053545,0.9886628876292097,0.9652729253945017,0.0,0.8536666666666667,1.0,0.6699898605015192,0.7828366971496663,0.8956835337978135,0
1218,0.45420992194390575,0.4,0.9964664310954063,0.5964912280701755,0.40625,0.8571428571428571,0.0,0.6666666666666666,0.48356815639471074,0.0,0.373183118857243,0.9989996665555185,0.9939354511620621,0.0003333333333333333,0.9996666666666667,1.0,0.7746381640146763,0.8228813831390576,0.8711246022634389,0
1219,0.062382297551789145,0.0,0.0,0.0075987841945288626,0.15625,0.2857142857142857,0.0,0.6666666666666666,0.024148874199711012,0.0,0.07149372305629564,0.7769256418806268,0.819324293186373,0.0,0.8346666666666667,0.5,0.5567126622653626,0.681239073839796,0.8057654854142292,0
1220,0.0,0.0,0.0,0.0075987841945288626,0.15625,0.2857142857142857,0.0,0.6666666666666666,0.024148873889612954,0.0,0.046322864790127594,0.7245748582860954,0.7837146337940977,0.0,0.8083333333333333,0.5,0.4827673630245026,0.6792819470674712,0.8757965311104399,0
1221,0.21274563318777295,0.0,0.976678445229682,0.07936507936507942,0.1875,0.7142857142857143,0.0,0.6666666666666666,0.024229277123355875,0.0,0.17261047150663633,0.9893297765921975,0.8886559289080169,0.0,0.9953333333333333,0.5,0.596015142330915,0.7512121974366835,0.9064092525424521,0
1222,0.0,0.0,0.0,0.0075987841945288626,0.15625,0.2857142857142857,0.0,0.6666666666666666,0.024148873944957128,0.0,0.013692161372533596,0.7932644214738246,0.8041788345921062,0.0,0.8763333333333333,0.5,0.5582704646913301,0.6141146516515044,0.6699588386116787,0
1223,0.13756436963239604,0.1,0.8671378091872791,0.0075987841945288626,0.1875,0.2857142857142857,0.0,0.6666666666666666,0.024397394613050793,0.0,0.2122586381575502,0.9976658886295432,0.9834668874299429,0.0,0.9516666666666667,1.0,0.668027838204439,0.8199334448841065,0.9718390515637739,0
1224,0.11064621106462114,0.0,0.0,0.0075987841945288626,0.15625,0.2857142857142857,0.0,0.6666666666666666,0.02415384532926479,0.0,0.07655288417842177,0.9076358786262088,0.9079570598244562,0.0,0.7803333333333333,0.5,0.6223470534147288,0.7304308962196242,0.8385147390245196,0
1225,0.062382297551789145,0.0,0.8671378091872791,0.0075987841945288626,0.1875,0.2857142857142857,0.0,0.6666666666666666,0.024297296593995932,0.0,0.047090054102818635,0.9863287762587529,0.9607988533263913,0.0,0.8396666666666667,1.0,0.6693933225986146,0.7786241814935736,0.8878550403885326,0
1226,0.455976502040242,0.2,1.0,0.4782608695652174,0.25,0.7142857142857143,0.0,0.6666666666666666,0.18919293331957354,0.0,0.34971050834981676,0.9983327775925308,0.9823361867632491,0.0,0.9986666666666667,1.0,0.7555701600563853,0.7878456481747933,0.8201211362932013,0
1227,0.1994621294845622,0.0,0.9696113074204947,0.020408163265306145,0.125,0.42857142857142855,0.0,0.6666666666666666,0.04183910143813241,0.0,0.13768238948211753,0.9933311103701233,0.970417430680481,0.0,0.9883333333333333,1.0,0.771359396643751,0.8110505425131543,0.8507416883825577,0
1228,0.11064621106462114,0.0,0.9674911660777386,0.19696969696969702,0.125,0.42857142857142855,0.0,0.6666666666666666,0.026577365161102318,0.0,0.19904694003366852,0.9936645548516172,0.944391471556479,0.0,0.9583333333333334,0.5,0.6385833765147637,0.7546881579431326,0.8707929393715014,0
1229,0.062382297551789145,0.0,0.0,0.0075987841945288626,0.15625,0.2857142857142857,0.0,0.6666666666666666,0.024148873889613176,0.0,0.002275207731597173,0.6858952984328109,0.7185497356257723,0.0,0.9053333333333333,0.5,0.5059733461819993,0.6007123447648797,0.69545134334776,0
1230,0.3759531803575843,0.3,0.9943462897526502,0.19696969696969702,0.1875,0.42857142857142855,0.0,0.6666666666666666,0.03905665237220379,0.0,0.4030537936232246,0.9993331110370124,0.976648917920138,0.0,0.9946666666666667,1.0,0.6942667328711757,0.7146228241396878,0.7349789154081999,0
1231,0.11064621106462114,0.0,0.8671378091872791,0.0075987841945288626,0.1875,0.2857142857142857,0.0,0.6666666666666666,0.024187104135674264,0.0,0.03916959056348679,0.9323107702567522,0.909174622700331,0.0,0.8673333333333333,1.0,0.6672846673324597,0.699236204588825,0.7311877418451902,0
1232,0.11064621106462114,0.0,0.0,0.0075987841945288626,0.15625,0.2857142857142857,0.0,0.6666666666666666,0.02414887487019146,0.0,0.012595820502566912,0.8029343114371457,0.8451231831147316,0.0,0.8106666666666666,0.5,0.5582266789463823,0.6660807282191887,0.773934777491995,0
1233,0.5688472692656793,0.6,1.0,0.39669421487603307,0.59375,0.5714285714285714,0.0,0.6666666666666666,0.40804170746242185,1.0,0.6417037774366399,1.0,0.9986873010600058,0.0006666666666666666,1.0,1.0,0.8131977292084572,0.9017204982895012,0.9902432673705451,0
1234,0.5423207965864658,0.4,0.9915194346289753,0.07936507936507942,0.25,0.7142857142857143,0.0,0.6666666666666666,0.04513819710261835,0.3333333333333333,0.5019990462552827,1.0,0.9895554910858005,0.0003333333333333333,0.999,0.5,0.6665660400821749,0.7683534576395183,0.8701408751968617,0
1235,0.0,0.0,0.0,0.0075987841945288626,0.15625,0.2857142857142857,0.0,0.6666666666666666,0.0241488738896124,0.0,0.017453328869720508,0.7382460820273424,0.7264901227491521,0.0,0.883,0.5,0.42684701133499453,0.6589510465688422,0.8910550818026899,0
1236,0.6365320575957976,0.8,0.9929328621908127,0.14084507042253525,0.1875,0.2857142857142857,0.0,0.6666666666666666,0.461911639663134,0.5,0.6827868128847726,1.0,0.9970337729048236,0.002,0.9993333333333333,1.0,0.7938197454203016,0.8880419013461347,0.9822640572719679,0
1237,0.0,0.0,0.0,0.0075987841945288626,0.15625,0.2857142857142857,0.0,0.6666666666666666,0.0241488738896124,0.0,0.03310610984592033,0.6652217405801935,0.6721299036598101,0.0,0.912,0.5,0.4229950067460098,0.5879490449349661,0.7529030831239224,0
1238,0.3708765886105725,0.5,0.9985865724381625,0.5964912280701755,0.46875,0.8571428571428571,0.0,0.6666666666666666,0.3448621773006806,0.3333333333333333,0.2714001891591352,0.9993331110370124,0.9896570838440745,0.0,0.9993333333333333,1.0,0.7997818509084043,0.8164708344990945,0.8331598180897847,0
1239,0.2703581207765309,0.1,0.9816254416961131,0.10169491525423724,0.21875,0.5714285714285714,0.0,0.6666666666666666,0.032156326742955654,0.0,0.26752139215919135,0.9983327775925308,0.9826771736244497,0.0,0.9656666666666667,1.0,0.7312368805708424,0.7519058737702252,0.7725748669696081,0
1240,0.11064621106462114,0.0,0.8671378091872791,0.0075987841945288626,0.1875,0.2857142857142857,0.0,0.6666666666666666,0.02425700949432308,0.0,0.11092349455354267,0.9549849949983328,0.9245044553954475,0.0,0.8673333333333333,1.0,0.6802449707795052,0.7092453808572576,0.7382457909350102,0
1241,0.70586650003491,0.7,0.9992932862190813,0.8964851293935883,0.53125,1.0,0.0,0.6666666666666666,0.8812053742449939,1.0,0.7926176337065309,1.0,0.9989759046010904,0.0003333333333333333,1.0,1.0,0.9323978465868669,0.9457677942157017,0.9591377418445364,0
1242,0.590389219379058,0.7,0.9985865724381625,0.5964912280701755,0.625,0.8571428571428571,0.0,0.6666666666666666,0.5674629490344019,0.5,0.5508134257860895,1.0,0.9967881440751222,0.0006666666666666666,0.9996666666666667,1.0,0.8268046262367287,0.861975061298152,0.8971454963595755,0
1243,0.0,0.0,0.0,0.0075987841945288626,0.15625,0.2857142857142857,0.0,0.6666666666666666,0.0241488738896124,0.0,0.03506248084585695,0.7779259753251084,0.7329001723658131,0.0,0.893,0.5,0.4164145867983992,0.6813358552999581,0.9462571238015169,0
1244,0.062382297551789145,0.0,0.0,0.0075987841945288626,0.15625,0.2857142857142857,0.0,0.6666666666666666,0.024148873889715095,0.0,0.07431977395787581,0.8112704234744915,0.8293923001859836,0.0,0.787,0.5,0.5049419272397186,0.7164377008181659,0.9279334743966131,0
1245,0.0,0.0,0.0,0.0075987841945288626,0.15625,0.2857142857142857,0.0,0.6666666666666666,0.024148876237643835,0.0,0.03840889079864518,0.8272757585861954,0.834110378506643,0.0,0.8643333333333334,0.5,0.5806332923453575,0.6333923176571608,0.6861513429689641,0
1246,0.42240967907808913,0.4,0.9964664310954063,0.5964912280701755,0.5,0.8571428571428571,0.0,0.6666666666666666,0.5035725522743604,1.0,0.830570104867646,1.0,0.9981376667799089,0.001,1.0,1.0,0.8218316764632747,0.8526225679658047,0.8834134594683347,0
1247,0.5348336638235025,0.8,0.9957597173144876,0.39669421487603307,0.5,0.5714285714285714,0.0,0.6666666666666666,0.24097094830974153,1.0,0.7121548449775721,1.0,0.9963056254517857,0.001,1.0,1.0,0.7930835870378472,0.8452924954575256,0.8975014038772041,0
1248,0.11064621106462114,0.0,0.0,0.0075987841945288626,0.15625,0.2857142857142857,0.0,0.6666666666666666,0.024254959895736783,0.0,0.1031726424790731,0.9693231077025675,0.9484945874567591,0.0,0.8696666666666667,0.5,0.6546636622425966,0.773719004840262,0.8927743474379273,0
1249,0.11064621106462114,0.0,0.0,0.0075987841945288626,0.15625,0.2857142857142857,0.0,0.6666666666666666,0.02414888559739914,0.0,0.037434826185521075,0.8386128709569857,0.8713872352819938,0.0,0.724,0.5,0.5680757246212644,0.7274400329332888,0.8868043412453132,0
1250,0.0,0.0,0.0,0.0075987841945288626,0.15625,0.2857142857142857,0.0,0.6666666666666666,0.02414887389180398,0.0,0.017059465857104383,0.7645881960653551,0.8175521745646128,0.0,0.763,0.5,0.5171513074740457,0.7314456564924048,0.945740005510764,0
1251,0.40746397663238665,0.2,0.9943462897526502,0.19696969696969702,0.25,0.42857142857142855,0.0,0.6666666666666666,0.045057551925452466,0.0,0.23259316186976298,0.9979993331110371,0.9845518116236315,0.0,0.9953333333333333,1.0,0.7002177928728913,0.7682300539403584,0.8362423150078253,0
1252,0.7229070983255084,0.8,1.0,0.8964851293935883,0.34375,1.0,0.0,0.6666666666666666,0.8536513588273865,1.0,0.7607957562895813,1.0,0.9979418092628606,0.0013333333333333333,1.0,1.0,0.8852733880233329,0.8894511762309123,0.8936289644384917,0
1253,0.0,0.0,0.0,0.0075987841945288626,0.15625,0.2857142857142857,0.0,0.6666666666666666,0.024148873889618394,0.0,0.02945448696277253,0.7415805268422808,0.7765855692551015,0.0,0.8653333333333333,0.5,0.5036300662782097,0.6004269125080108,0.6972237587378121,0
1254,0.0,0.0,0.0,0.0075987841945288626,0.15625,0.2857142857142857,0.0,0.6666666666666666,0.024148873895803447,0.0,0.02935601272804722,0.7465821940646882,0.8138992722579783,0.0,0.7573333333333333,0.5,0.5223519582643974,0.72374189617544,0.9251318340864827,0
1255,0.28246397663238665,0.2,0.9971731448763251,0.19696969696969702,0.46875,0.42857142857142855,0.0,0.6666666666666666,0.09232139857287147,0.0,0.11134046340310566,0.9979993331110371,0.9784713864070201,0.0,0.9993333333333333,1.0,0.6904184071260938,0.8031880735479838,0.9159577399698738,0
1256,0.0,0.0,0.0,0.0075987841945288626,0.15625,0.2857142857142857,0.0,0.6666666666666666,0.024148874088025463,0.0,0.031949271063256846,0.8166055351783927,0.7836557943914915,0.0,0.9153333333333333,0.0,0.5887448360852696,0.6022179362230021,0.6156910363607346,0
1257,0.39115967907808913,0.3,0.9978798586572438,0.39669421487603307,0.4375,0.5714285714285714,0.0,0.6666666666666666,0.20240106907608924,1.0,0.5011855562593647,1.0,0.9939615707149966,0.0,0.9993333333333333,1.0,0.7972206787111318,0.8204446330002431,0.8436685872893545,0
1258,0.20946212948456222,0.0,0.9484098939929329,0.0075987841945288626,0.25,0.2857142857142857,0.0,0.6666666666666666,0.02753154763006982,0.0,0.06495273239132415,0.9946648882960987,0.9729473916845774,0.0,0.9843333333333333,1.0,0.7217533559934167,0.8070827368731661,0.8924121177529156,0
1259,0.5063472692656793,0.7,0.9964664310954063,0.5964912280701755,0.59375,0.8571428571428571,0.0,0.6666666666666666,0.68766281841133,0.0,0.4532934624424432,0.9996665555185061,0.9936833289299984,0.0003333333333333333,1.0,1.0,0.8424244065260438,0.9126509177469296,0.9828774289678155,0
1260,0.907869531796675,1.0,1.0,0.8964851293935883,0.5625,1.0,0.0,0.6666666666666666,0.9236819441443197,1.0,0.8731956967127977,1.0,0.9978425901807477,0.014,1.0,1.0,0.9275664305584158,0.9463254189313501,0.9650844073042844,0
1261,0.11064621106462114,0.0,0.0,0.0075987841945288626,0.15625,0.2857142857142857,0.0,0.6666666666666666,0.02414892518586409,0.0,0.011431553590595667,0.8449483161053685,0.8766478173314183,0.0,0.7756666666666667,0.5,0.5798376701211826,0.7214178722602067,0.8629980743992308,0
1262,0.11064621106462114,0.0,0.0,0.0075987841945288626,0.15625,0.2857142857142857,0.0,0.6666666666666666,0.02415316252906685,0.0,0.07157595398782812,0.9159719906635545,0.9093429563431695,0.0,0.7693333333333333,0.5,0.617564319850096,0.7979593240562175,0.978354328262339,0
1263,0.13553057739209573,0.2,0.9837455830388693,0.0075987841945288626,0.40625,0.2857142857142857,0.0,0.6666666666666666,0.0931940287912455,0.0,0.33353307652901987,0.9976658886295432,0.9859852441605274,0.0,0.9986666666666667,1.0,0.7657649195478018,0.8494477535022944,0.9331305874567869,0
1264,0.11064621106462114,0.0,0.9469964664310954,0.0075987841945288626,0.15625,0.2857142857142857,0.0,0.6666666666666666,0.024155000859165776,0.0,0.06550379224822911,0.9396465488496165,0.8646170205080105,0.0,0.9476666666666667,0.5,0.608067084519975,0.6685992259999289,0.7291313674798828,0
1265,0.8382724317400065,0.8,1.0,0.8964851293935883,0.5625,1.0,0.0,0.6666666666666666,0.8840849136280075,1.0,0.7034551293231528,1.0,0.9964374849872638,0.001,1.0,1.0,0.8321244849159901,0.8806829138402026,0.9292413427644152,0
1266,0.15217391304347827,0.0,0.9964664310954063,0.14084507042253525,0.1875,0.2857142857142857,0.0,0.6666666666666666,0.027036879042332873,0.0,0.21295143162872376,0.9966655551850617,0.9471852545276088,0.0,0.995,1.0,0.684593728492068,0.7288822957889007,0.7731708630857335,0
1267,0.8907272384354601,1.0,1.0,0.8964851293935883,0.90625,1.0,0.0,0.6666666666666666,0.918215028034752,1.0,0.8183077652713169,1.0,0.9979945241047887,0.008333333333333333,1.0,1.0,0.8601862930666899,0.9088769333843125,0.9575675737019352,0
1268,0.11064621106462114,0.0,0.0,0.0075987841945288626,0.15625,0.2857142857142857,0.0,0.6666666666666666,0.024149249438234155,0.0,0.05407527038923665,0.9043014338112705,0.903203174335193,0.0,0.7973333333333333,0.5,0.6006925704469784,0.7022448568893226,0.8037971433316667,0
1269,0.0,0.0,0.0,0.0075987841945288626,0.15625,0.2857142857142857,0.0,0.6666666666666666,0.02414887388962217,0.0,0.0427550747235077,0.7382460820273424,0.7713805519510779,0.0,0.8743333333333333,0.5,0.508069432424742,0.5955892529667353,0.6831090735087286,0
1270,0.11064621106462114,0.0,0.0,0.0075987841945288626,0.15625,0.2857142857142857,0.0,0.6666666666666666,0.0241488740126673,0.0,0.04596296889846885,0.7899299766588863,0.837971736808693,0.0,0.7343333333333333,0.5,0.5388547196520149,0.7649805816453418,0.9911064436386686,0
1271,0.07131086898036054,0.0,0.9484098939929329,0.0075987841945288626,0.25,0.2857142857142857,0.0,0.6666666666666666,0.02484527993704655,0.0,0.030673088097074586,0.9543181060353452,0.9197577778403766,0.0,0.87,1.0,0.7190298979249862,0.7596889653739991,0.8003480328230121,0
1272,0.11064621106462114,0.0,0.0,0.0075987841945288626,0.15625,0.2857142857142857,0.0,0.6666666666666666,0.024148889523736172,0.0,0.04427799118628062,0.8299433144381461,0.8442492350231386,0.0,0.8536666666666667,0.5,0.5902327496968319,0.6487029279209473,0.7071731061450626,0
1273,0.0,0.0,0.0,0.0075987841945288626,0.15625,0.2857142857142857,0.0,0.6666666666666666,0.0241488738896124,0.0,0.02673272155595141,0.6918972990996999,0.7476018401378084,0.0,0.8456666666666667,0.5,0.4812826805115605,0.6415550579328316,0.8018274353541028,0
1274,0.1373542855987826,0.0,0.0,0.0075987841945288626,0.15625,0.2857142857142857,0.0,0.6666666666666666,0.024382724495099817,0.0,0.04556960580015701,0.9849949983327776,0.9619699911231596,0.0,0.912,0.5,0.6654043235101333,0.8284217527088844,0.9914391819076354,0
1275,0.062382297551789145,0.0,0.0,0.0075987841945288626,0.15625,0.2857142857142857,0.0,0.6666666666666666,0.0241488738896124,0.0,0.042797121619072453,0.6732244081360453,0.7033193616019637,0.0,0.8996666666666666,0.5,0.4891022334063044,0.5910476615894269,0.6929930897725495,0
1276,0.11064621106462114,0.0,0.0,0.0075987841945288626,0.15625,0.2857142857142857,0.0,0.6666666666666666,0.024148878660086637,0.0,0.047292769722972916,0.8106035345115038,0.8369513239019089,0.0,0.8516666666666667,0.5,0.5792024422643509,0.6463493737474209,0.7134963052304908,0
1277,0.062382297551789145,0.0,0.0,0.0075987841945288626,0.15625,0.2857142857142857,0.0,0.6666666666666666,0.024195594074605364,0.0,0.08070163272661102,0.9536512170723574,0.927545336264957,0.0,0.8493333333333333,0.5,0.6622196501605173,0.7505492213495718,0.8388787925386263,0
1278,0.3324639766323867,0.3,0.992226148409894,0.19696969696969702,0.375,0.42857142857142855,0.0,0.6666666666666666,0.17216359019099903,0.0,0.09462932878032682,0.9989996665555185,0.9902486564163537,0.0,0.9983333333333333,1.0,0.7069651191479841,0.8120251041260949,0.9170850891042055,0
1279,0.13630898943153524,0.0,0.8671378091872791,0.0075987841945288626,0.1875,0.2857142857142857,0.0,0.6666666666666666,0.025040105046537975,0.0,0.047539716986606195,0.9899966655551851,0.9695464318764332,0.0,0.9643333333333334,1.0,0.6850456707446897,0.832810384781882,0.9805750988190742,0
1280,0.062382297551789145,0.0,0.0,0.0075987841945288626,0.15625,0.2857142857142857,0.0,0.6666666666666666,0.024149035698768473,0.0,0.01235971882961373,0.8436145381793931,0.8451710922566446,0.0,0.8693333333333333,0.5,0.6160318730979796,0.6882707411959808,0.7605096092939819,0
1281,0.4159202363623762,0.2,0.976678445229682,0.07936507936507942,0.1875,0.7142857142857143,0.0,0.6666666666666666,0.047163381271667526,0.0,0.25138062137464234,0.9989996665555185,0.9730202985410878,0.0,0.9956666666666667,0.5,0.665746739916366,0.8213678566511428,0.9769889733859195,0
1282,0.13553057739209573,0.1,0.9936395759717315,0.0075987841945288626,0.4375,0.2857142857142857,0.0,0.6666666666666666,0.036655148968413265,0.0,0.1608484024523945,0.9989996665555185,0.9866940190797203,0.0,0.9976666666666667,1.0,0.7316301957669139,0.8425791575529082,0.9535281193389026,0
1283,0.062382297551789145,0.0,0.0,0.0075987841945288626,0.15625,0.2857142857142857,0.0,0.6666666666666666,0.024159834788253454,0.0,0.0659435712883557,0.9126375458486162,0.8927480717887634,0.0,0.862,0.5,0.6532479053660709,0.7254548424434758,0.7976617795208807,0
1284,0.11064621106462114,0.0,0.0,0.0075987841945288626,0.15625,0.2857142857142857,0.0,0.6666666666666666,0.024149031605684046,0.0,0.030025908379556765,0.8699566522174058,0.8863442329202181,0.0,0.7086666666666667,0.5,0.587234648035481,0.7621615737334275,0.937088499431374,0
1285,0.1373542855987826,0.0,0.8671378091872791,0.0075987841945288626,0.1875,0.2857142857142857,0.0,0.6666666666666666,0.024443659809046503,0.0,0.10688522157112823,0.9806602200733577,0.9556915851495434,0.0,0.916,1.0,0.6682756182154242,0.8234188923278581,0.978562166440292,0
1286,0.07131086898036054,0.0,0.9519434628975265,0.0075987841945288626,0.1875,0.2857142857142857,0.0,0.6666666666666666,0.024278186274422908,0.0,0.1582600966212686,0.9506502167389129,0.9025643450957599,0.0,0.889,1.0,0.7149130975927244,0.7299327330335932,0.7449523684744621,0
1287,0.3759531803575843,0.2,0.9943462897526502,0.19696969696969702,0.1875,0.42857142857142855,0.0,0.6666666666666666,0.02953475739148892,0.0,0.14313151596791562,0.9989996665555185,0.970617118146263,0.0,0.9946666666666667,1.0,0.6788545142227238,0.7008787698272552,0.7229030254317864,0
1288,0.0,0.0,0.0,0.0075987841945288626,0.15625,0.2857142857142857,0.0,0.6666666666666666,0.0241488738896124,0.0,0.020396726279558353,0.7512504168056019,0.7690849803284892,0.0,0.8376666666666667,0.5,0.4630784473992238,0.6786450384136037,0.8942116294279835,0
1289,0.062382297551789145,0.0,0.0,0.0075987841945288626,0.15625,0.2857142857142857,0.0,0.6666666666666666,0.024148876318836332,0.0,0.031051927891419306,0.7992664221407135,0.8223077135864425,0.0,0.8653333333333333,0.5,0.5765627465412801,0.6748842513089048,0.7732057560765296,0
1290,0.15217391304347827,0.0,0.9978798586572438,0.14084507042253525,0.25,0.2857142857142857,0.0,0.6666666666666666,0.025334011632924036,0.0,0.33596505815958044,0.9936645548516172,0.923547270047448,0.0,0.9953333333333333,1.0,0.6993225869165954,0.7126549046598987,0.7259872224032018,0
1291,0.5637139766323868,1.0,1.0,0.7424749163879598,0.71875,1.0,0.0,0.6666666666666666,0.742942734637454,1.0,0.7823771774931659,1.0,0.9954869430808247,0.0026666666666666666,1.0,1.0,0.7420098952106859,0.8447118994936802,0.9474139037766743,0
1292,0.0,0.0,0.0,0.0075987841945288626,0.15625,0.2857142857142857,0.0,0.6666666666666666,0.024148873890198153,0.0,0.03337458847893304,0.7329109703234411,0.7879250155576913,0.0,0.8486666666666667,0.5,0.5228213111434842,0.6186858561451263,0.7145504011467684,0
1293,0.062382297551789145,0.0,0.0,0.0075987841945288626,0.15625,0.2857142857142857,0.0,0.6666666666666666,0.024148877755456044,0.0,0.03377280212562028,0.7935978659553184,0.8050125303700636,0.0,0.8826666666666667,0.5,0.5915114766090097,0.6596832678054824,0.727855059001955,0
1294,0.45420992194390575,0.5,0.9985865724381625,0.5964912280701755,0.25,0.8571428571428571,0.0,0.6666666666666666,0.5707103300519092,0.3333333333333333,0.4606969742136666,0.9996665555185061,0.9946520921276505,0.0,0.9996666666666667,1.0,0.8131226291902338,0.833296574791123,0.8534705203920121,0
1295,0.062382297551789145,0.0,0.0,0.0075987841945288626,0.15625,0.2857142857142857,0.0,0.6666666666666666,0.024148877134261615,0.0,0.01736745907453696,0.812270756918973,0.8413256694678233,0.0,0.8256666666666667,0.5,0.570578150521232,0.6968413182001795,0.823104485879127,0
1296,0.0,0.0,0.0,0.0075987841945288626,0.15625,0.2857142857142857,0.0,0.6666666666666666,0.024148938202490422,0.0,0.027182576245219137,0.8682894298099366,0.8397061475479568,0.0,0.8983333333333333,0.0,0.6221138604332819,0.6385125400307193,0.6549112196281568,0
1297,0.0,0.0,0.0,0.0075987841945288626,0.15625,0.2857142857142857,0.0,0.6666666666666666,0.0241488738896124,0.0,0.024907936041596246,0.7419139713237746,0.7630876946977201,0.0,0.8413333333333333,0.5,0.4618969205271102,0.672283159071108,0.882669397615106,0
1298,0.21274563318777295,0.0,0.9915194346289753,0.07936507936507942,0.25,0.7142857142857143,0.0,0.6666666666666666,0.024807905716990097,0.0,0.2591639681539297,0.9966655551850617,0.9335199948325386,0.0,0.996,0.5,0.6334133394004471,0.6946771338838738,0.7559409283673003,0
1299,0.84941956270653,0.9,1.0,0.7424749163879598,0.75,1.0,0.0,0.6666666666666666,0.8468322933675977,1.0,0.7691958668335084,1.0,0.9978298225508893,0.0016666666666666668,1.0,1.0,0.777423527929197,0.8843877790688527,0.9913520302085084,0
1300,0.11064621106462114,0.0,0.0,0.0075987841945288626,0.15625,0.2857142857142857,0.0,0.6666666666666666,0.024159849918897414,0.0,0.07309398089061059,0.944648216072024,0.9241667056860513,0.0,0.8233333333333334,0.5,0.6370379763788395,0.7129659446849103,0.788893912990981,0
1301,0.062382297551789145,0.0,0.0,0.0075987841945288626,0.15625,0.2857142857142857,0.0,0.6666666666666666,0.024148873889617395,0.0,0.012492959835140094,0.6942314104701568,0.7566891075776954,0.0,0.8473333333333333,0.5,0.5010911980876637,0.6416253933891167,0.7821595886905698,0
1302,0.11064621106462114,0.0,0.8671378091872791,0.0075987841945288626,0.1875,0.2857142857142857,0.0,0.6666666666666666,0.024198253407080705,0.0,0.04026868457882449,0.9363121040346782,0.9115264050399111,0.0,0.8683333333333334,1.0,0.6712067890546389,0.7008880529411241,0.7305693168276092,0
1303,0.13756436963239604,0.0,0.8671378091872791,0.0075987841945288626,0.1875,0.2857142857142857,0.0,0.6666666666666666,0.024831847562428067,0.0,0.237925722549441,0.9953317772590864,0.9758723629755589,0.0,0.9896666666666667,1.0,0.6863666065917888,0.8112015466973447,0.9360364868029005,0
1304,0.0,0.0,0.0,0.0075987841945288626,0.15625,0.2857142857142857,0.0,0.6666666666666666,0.024148873889837663,0.0,0.006847377624641604,0.7279093031010337,0.7992741981750169,0.0,0.78,0.5,0.5080843147207338,0.6733416726838043,0.8385990306468748,0
1305,0.11064621106462114,0.0,0.8671378091872791,0.0075987841945288626,0.1875,0.2857142857142857,0.0,0.6666666666666666,0.02420597457874407,0.0,0.10072656405246627,0.944648216072024,0.9182813012620473,0.0,0.8673333333333333,1.0,0.6701250776746496,0.7049170697435634,0.7397090618124771,0
1306,0.09631086898036045,0.1,0.9696113074204947,0.020408163265306145,0.125,0.42857142857142855,0.0,0.6666666666666666,0.03137484875802932,0.0,0.20233370424706254,0.9979993331110371,0.975509901908328,0.0,0.8956666666666666,1.0,0.7713929363133759,0.7842327068984579,0.7970724774835399,0
1307,0.0,0.0,0.0,0.0075987841945288626,0.15625,0.2857142857142857,0.0,0.6666666666666666,0.0241488738896124,0.0,0.02644797539886623,0.703567855951984,0.7570506616830319,0.0,0.8376666666666667,0.5,0.4632136044973318,0.6638561309158902,0.8644986573344488,0
1308,0.19518245185086192,0.0,0.9469964664310954,0.0075987841945288626,0.15625,0.2857142857142857,0.0,0.6666666666666666,0.03199127590987061,0.0,0.11831252929985014,0.9899966655551851,0.968014335224602,0.0,0.994,1.0,0.7456487773603577,0.763083636824726,0.7805184962890942,0
1309,0.8591057650733399,0.9,0.9985865724381625,0.8964851293935883,0.46875,1.0,0.0,0.6666666666666666,0.8849447253465257,1.0,0.6285121326721462,1.0,0.9948549389518423,0.0016666666666666668,1.0,1.0,0.8229632503727583,0.8840022726394512,0.945041294906144,0
1310,0.062382297551789145,0.0,0.0,0.0075987841945288626,0.15625,0.2857142857142857,0.0,0.6666666666666666,0.02414920766615658,0.0,0.06846259370567354,0.916972324108036,0.9045967792806257,0.0,0.8036666666666666,0.5,0.6006046529415427,0.7437521191725458,0.8868995854035489,0
1311,0.062382297551789145,0.0,0.8671378091872791,0.0075987841945288626,0.1875,0.2857142857142857,0.0,0.6666666666666666,0.024526682957015655,0.0,0.1168345063802455,0.9853284428142715,0.9613973364277497,0.0,0.8556666666666667,1.0,0.6808727825372201,0.7929262022484814,0.9049796219597428,0
1312,0.062382297551789145,0.0,0.0,0.0075987841945288626,0.15625,0.2857142857142857,0.0,0.6666666666666666,0.024152988216371796,0.0,0.04845680788735718,0.8936312104034678,0.8710778595554189,0.0,0.8756666666666667,0.5,0.653632907374309,0.7058491839361705,0.7580654604980318,0
1313,0.062382297551789145,0.0,0.0,0.0075987841945288626,0.15625,0.2857142857142857,0.0,0.6666666666666666,0.0241489253893582,0.0,0.023696232445425403,0.8266088696232077,0.8206629319891877,0.0,0.8846666666666667,0.5,0.6165750911366815,0.6703211172962131,0.7240671434557447,0
1314,0.062382297551789145,0.0,0.0,0.0075987841945288626,0.15625,0.2857142857142857,0.0,0.6666666666666666,0.024148873891736478,0.0,0.06671067711224465,0.8406135378459486,0.8510651821220292,0.0,0.7673333333333333,0.5,0.5185173955536684,0.7336240914718672,0.948730787390066,0
1315,0.7875521844223761,0.9,1.0,0.8964851293935883,0.5625,1.0,0.0,0.6666666666666666,0.8996554465336016,1.0,0.818514835363212,1.0,0.9983965230909695,0.004,1.0,1.0,0.9079166909947725,0.9131630971950349,0.9184095033952971,0
1316,0.062382297551789145,0.0,0.0,0.0075987841945288626,0.15625,0.2857142857142857,0.0,0.6666666666666666,0.024148879120008182,0.0,0.05261469682865261,0.8589529843281094,0.7976646529639924,0.0,0.917,0.0,0.6257006440236549,0.6415823895512565,0.657464135078858,0
1317,0.11064621106462114,0.0,0.0,0.0075987841945288626,0.15625,0.2857142857142857,0.0,0.6666666666666666,0.024148874309247725,0.0,0.03487629432270156,0.7659219739913304,0.8168390199957929,0.0,0.8443333333333334,0.5,0.5606906976571194,0.6394988284663439,0.7183069592755683,0
1318,0.3487045537269864,0.5,0.9985865724381625,0.679144385026738,0.40625,0.8571428571428571,0.0,0.6666666666666666,0.32104391622891615,1.0,0.8370043598315314,1.0,0.9988476426208923,0.0003333333333333333,1.0,1.0,0.8096136375331917,0.855780588341621,0.9019475391500503,0
1319,0.22954730996572004,0.0,0.9469964664310954,0.0075987841945288626,0.15625,0.2857142857142857,0.0,0.6666666666666666,0.024817303075974184,0.0,0.19586925372636832,0.9753251083694565,0.945359859587772,0.0,0.8873333333333333,1.0,0.7074108734966806,0.7180482541635504,0.7286856348304204,0
1320,0.062382297551789145,0.0,0.0,0.0075987841945288626,0.15625,0.2857142857142857,0.0,0.6666666666666666,0.024149186688442348,0.0,0.051151764815463796,0.9356452150716905,0.9169628414679636,0.0,0.779,0.5,0.5977529490453991,0.7557688052397866,0.9137846614341741,0
1321,0.1994621294845622,0.0,0.9519434628975265,0.0075987841945288626,0.1875,0.2857142857142857,0.0,0.6666666666666666,0.025006330390775378,0.0,0.1354692908051507,0.9709903301100367,0.9356799435473131,0.0,0.859,1.0,0.7116872829904244,0.7709482821291954,0.8302092812679664,0
1322,0.07131086898036054,0.0,0.9519434628975265,0.0075987841945288626,0.1875,0.2857142857142857,0.0,0.6666666666666666,0.02415172127782539,0.0,0.08792881917902162,0.9353117705901968,0.8532711170273493,0.0,0.927,0.5,0.6645020839162515,0.6865090864672764,0.7085160890183012,0
1323,0.6365320575957976,0.6,0.9964664310954063,0.679144385026738,0.5,0.8571428571428571,0.0,0.6666666666666666,0.7243242213026325,1.0,0.5636592571141432,1.0,0.9954629508196703,0.0003333333333333333,1.0,1.0,0.8207580632598488,0.8980907166074101,0.9754233699549716,0
1324,0.062382297551789145,0.0,0.0,0.0075987841945288626,0.15625,0.2857142857142857,0.0,0.6666666666666666,0.02414887389029985,0.0,0.0349339872546226,0.7215738579526509,0.7708115541527323,0.0,0.8603333333333334,0.5,0.528315951210576,0.6412727642925962,0.7542295773746163,0
1325,0.20753100730286567,0.0,0.9519434628975265,0.0075987841945288626,0.1875,0.2857142857142857,0.0,0.6666666666666666,0.027725412746361977,0.0,0.319919522576512,0.995998666222074,0.9751259968035616,0.0,0.9663333333333334,1.0,0.7131848461935133,0.7813631811568897,0.8495415161202662,0
1326,0.0,0.0,0.0,0.0075987841945288626,0.15625,0.2857142857142857,0.0,0.6666666666666666,0.0241488738896124,0.0,0.03848939142023522,0.7492497499166388,0.756873665386942,0.0,0.8546666666666667,0.5,0.4499773629636709,0.6753602966876036,0.9007432304115361,0
1327,0.2994621294845621,0.2,0.992226148409894,0.19354838709677424,0.28125,0.8571428571428571,0.0,0.6666666666666666,0.14610562627381707,0.0,0.23617903762886105,0.9986662220740247,0.9837488086542219,0.0,0.9986666666666667,1.0,0.8333198653317457,0.8348041870807562,0.8362885088297667,0
1328,0.0,0.0,0.0,0.0075987841945288626,0.15625,0.2857142857142857,0.0,0.6666666666666666,0.0241488738896124,0.0,0.0347373609847883,0.7319106368789596,0.7613045042894397,0.0,0.8416666666666667,0.5,0.4640754324671495,0.6683124557490066,0.8725494790308637,0
1329,0.3487045537269864,0.3,0.9985865724381625,0.679144385026738,0.40625,0.8571428571428571,0.0,0.6666666666666666,0.2049983344365004,1.0,0.6052890213966007,1.0,0.9927363297023716,0.0003333333333333333,1.0,1.0,0.8065854210808503,0.8426172513889283,0.8786490816970062,0
1330,0.7011315407999319,0.7,0.9992932862190813,0.679144385026738,0.5625,0.8571428571428571,0.0,0.6666666666666666,0.727180183366518,1.0,0.593183800154093,1.0,0.9932978059307862,0.0003333333333333333,1.0,1.0,0.820607252531801,0.8343440852083833,0.8480809178849656,0
1331,0.0,0.0,0.0,0.0075987841945288626,0.15625,0.2857142857142857,0.0,0.6666666666666666,0.02414887391415288,0.0,0.025851173409558115,0.7685895298432811,0.8283155474500787,0.0,0.7446666666666666,0.5,0.5298735762239016,0.7114007589430935,0.8929279416622854,0
1332,0.11064621106462114,0.0,0.0,0.0075987841945288626,0.15625,0.2857142857142857,0.0,0.6666666666666666,0.024167051648320226,0.0,0.08433482256621017,0.952650883627876,0.9323510690504,0.0,0.888,0.5,0.6333008737999462,0.8124572712434579,0.9916136686869698,0
1333,0.37035812077653085,0.5,0.9985865724381625,0.5964912280701755,0.28125,0.8571428571428571,0.0,0.6666666666666666,0.12040755747630749,0.5,0.8062350151473975,1.0,0.9993879225488619,0.0006666666666666666,0.9993333333333333,1.0,0.7632285283115228,0.7908777893122009,0.818527050312879,0
1334,0.19518245185086192,0.2,0.9469964664310954,0.0075987841945288626,0.15625,0.2857142857142857,0.0,0.6666666666666666,0.03786198827274723,0.0,0.12321883035929393,0.9973324441480493,0.9799566424106931,0.0,0.9966666666666667,1.0,0.7492197789803287,0.7779375478727864,0.8066553167652442,0
1335,0.0,0.0,0.0,0.0075987841945288626,0.15625,0.2857142857142857,0.0,0.6666666666666666,0.0241488738896124,0.0,0.010014929563882058,0.711570523507836,0.7390701252205331,0.0,0.8893333333333333,0.5,0.4711139906612683,0.5782035345148091,0.6852930783683499,0
1336,0.0,0.0,0.0,0.0075987841945288626,0.15625,0.2857142857142857,0.0,0.6666666666666666,0.0241488738896124,0.0,0.02721051840629707,0.705568522840947,0.7371295914393006,0.0,0.8573333333333333,0.5,0.444827201309817,0.6672788518145015,0.889730502319186,0
1337,0.7203624207808308,0.8,0.9992932862190813,0.8964851293935883,0.59375,1.0,0.0,0.6666666666666666,0.7907013548343204,1.0,0.8125019459415745,1.0,0.9977252973291763,0.001,1.0,1.0,0.8220958836752362,0.8581530577718954,0.8942102318685545,0
1338,0.0,0.0,0.9674911660777386,0.19696969696969702,0.125,0.42857142857142855,0.0,0.6666666666666666,0.02495696911113665,0.0,0.13933126285754227,0.9936645548516172,0.9233029893315386,0.0,0.976,0.5,0.6017220450736755,0.8006908148749605,0.9996595846762454,0
1339,0.0,0.0,0.0,0.0075987841945288626,0.15625,0.2857142857142857,0.0,0.6666666666666666,0.024148874811531607,0.0,0.047261487818013204,0.7749249749916639,0.8380556310293716,0.0,0.7183333333333333,0.5,0.5506952231483171,0.7301182794763323,0.9095413358043476,0
1340,0.28246397663238665,0.2,0.9971731448763251,0.19696969696969702,0.46875,0.42857142857142855,0.0,0.6666666666666666,0.10177988969109208,0.0,0.10808275910017262,0.9979993331110371,0.977724931349086,0.0,0.9993333333333333,1.0,0.6923158353111692,0.8054321131936248,0.9185483910760803,0
1341,0.29204730996572004,0.2,0.9943462897526502,0.19696969696969702,0.25,0.42857142857142855,0.0,0.6666666666666666,0.04038987201959354,0.0,0.30308976974517066,0.9989996665555185,0.9891836725224077,0.0,0.9963333333333333,1.0,0.7002018438360056,0.7633841268405696,0.8265664098451335,0
1342,0.0,0.0,0.0,0.0075987841945288626,0.15625,0.2857142857142857,0.0,0.6666666666666666,0.0241488738896124,0.0,0.030699267934633623,0.7139046348782927,0.7139681510986862,0.0,0.9206666666666666,0.0,0.49309505262277614,0.5549590134214105,0.616822974220045,0
1343,0.5111461471750224,0.8,0.9978798586572438,0.7424749163879598,0.46875,1.0,0.0,0.6666666666666666,0.7446205676040043,0.5,0.4492941984395106,0.9996665555185061,0.9954881850462872,0.001,1.0,1.0,0.7588203934434202,0.8620205806278741,0.965220767812328,0
1344,0.11064621106462114,0.0,0.0,0.0075987841945288626,0.15625,0.2857142857142857,0.0,0.6666666666666666,0.02414948252680582,0.0,0.036490828485862825,0.9376458819606536,0.9183032055154401,0.0,0.7373333333333334,0.5,0.6002105663945884,0.789088635185387,0.9779667039761856,0
1345,0.13553057739209573,0.0,0.9837455830388693,0.0075987841945288626,0.40625,0.2857142857142857,0.0,0.6666666666666666,0.02997955602609592,0.0,0.14234803363282134,0.9909969989996665,0.9717708275375345,0.0,0.9843333333333333,1.0,0.7175800834644765,0.8112715502886483,0.9049630171128201,0
1346,0.11064621106462114,0.0,0.0,0.0075987841945288626,0.15625,0.2857142857142857,0.0,0.6666666666666666,0.02414975784096518,0.0,0.060279358678099415,0.8896298766255418,0.8930555957312785,0.0,0.812,0.5,0.6126737541057444,0.6934500289451,0.7742263037844556,0
1347,0.11064621106462114,0.0,0.0,0.0075987841945288626,0.15625,0.2857142857142857,0.0,0.6666666666666666,0.02414889802478315,0.0,0.06622305660027739,0.8542847615871958,0.851266274750235,0.0,0.879,0.5,0.5988696002602985,0.6443822253297815,0.6898948503992647,0
1348,0.11064621106462114,0.0,0.0,0.0075987841945288626,0.15625,0.2857142857142857,0.0,0.6666666666666666,0.0241490182502917,0.0,0.04214448799020665,0.8492830943647882,0.8773866993262243,0.0,0.7796666666666667,0.5,0.5900717490548995,0.7098605632410708,0.8296493774272423,0
1349,0.0,0.0,0.0,0.0075987841945288626,0.15625,0.2857142857142857,0.0,0.6666666666666666,0.024148873889659472,0.0,0.01893770360043512,0.7379126375458487,0.7809185300003351,0.0,0.8583333333333334,0.5,0.5119809045209761,0.6081696778682484,0.7043584512155208,0
1350,0.2703581207765309,0.4,0.992226148409894,0.10169491525423724,0.28125,0.5714285714285714,0.0,0.6666666666666666,0.0723410325675774,0.0,0.39201659008044354,0.9986662220740247,0.9831097042639949,0.0,0.9996666666666667,1.0,0.7696826061562916,0.7823359497521873,0.7949892933480831,0
1351,0.0,0.0,0.0,0.0075987841945288626,0.15625,0.2857142857142857,0.0,0.6666666666666666,0.024148873891142952,0.0,0.03792830861057628,0.7655885295098366,0.7903684406758923,0.0,0.88,0.5,0.5346187282080962,0.6060620519190538,0.6775053756300113,0
1352,0.062382297551789145,0.0,0.0,0.0075987841945288626,0.15625,0.2857142857142857,0.0,0.6666666666666666,0.024148874022018374,0.0,0.0287596765812993,0.8586195398466155,0.8654598684911715,0.0,0.768,0.5,0.5417570840851559,0.731606895282485,0.9214567064798143,0
1353,0.11064621106462114,0.0,0.0,0.0075987841945288626,0.15625,0.2857142857142857,0.0,0.6666666666666666,0.024148934191469018,0.0,0.031866134184333705,0.8689563187729243,0.8835291239809794,0.0,0.8,0.5,0.5861694098362966,0.6900702284384351,0.7939710470405736,0
1354,0.062382297551789145,0.0,0.0,0.0075987841945288626,0.15625,0.2857142857142857,0.0,0.6666666666666666,0.024148875214738963,0.0,0.023369269594002873,0.7909303101033678,0.77824279938672,0.0,0.903,0.5,0.6001847367705935,0.6400605673448558,0.6799363979191181,0
1355,0.7470752912437013,0.6,0.9978798586572438,0.5964912280701755,0.5,0.8571428571428571,0.0,0.6666666666666666,0.7759791730350112,0.6666666666666666,0.8023975099619882,1.0,0.9984517740962624,0.001,1.0,1.0,0.8670389489636059,0.9225866377767881,0.9781343265899702,0
1356,0.19059750976591983,0.0,0.9469964664310954,0.0075987841945288626,0.15625,0.2857142857142857,0.0,0.6666666666666666,0.026354062113547072,0.0,0.12233149894982909,0.9873291097032344,0.9581735302908996,0.0,0.8883333333333333,1.0,0.7231163155547012,0.7342533481718589,0.7453903807890168,0
1357,0.5327954628178955,1.0,0.9992932862190813,0.8964851293935883,0.53125,1.0,0.0,0.6666666666666666,0.81239164636846,1.0,0.7979823734506046,1.0,0.9978900234840129,0.0036666666666666666,1.0,1.0,0.9060500929544033,0.9097869778552368,0.9135238627560703,0
1358,0.0,0.0,0.8671378091872791,0.0075987841945288626,0.1875,0.2857142857142857,0.0,0.6666666666666666,0.024148892191379168,0.0,0.07553291764233172,0.9156385461820606,0.7931801957079948,0.0,0.9656666666666667,0.5,0.5593238242149589,0.6275439528050999,0.6957640813952408,0
1359,0.11064621106462114,0.0,0.0,0.0075987841945288626,0.15625,0.2857142857142857,0.0,0.6666666666666666,0.024149094932943815,0.0,0.043865458350682784,0.8746248749583194,0.8920751899697288,0.0,0.767,0.5,0.5913013213274357,0.7309857275287595,0.8706701337300831,0
1360,0.0,0.0,0.0,0.0075987841945288626,0.15625,0.2857142857142857,0.0,0.6666666666666666,0.02414887393982801,0.0,0.04806035939422182,0.8029343114371457,0.8431018193032218,0.0,0.8089999999999999,0.5,0.5374568811900347,0.6699608205769906,0.8024647599639465,0
1361,0.0,0.0,0.0,0.0075987841945288626,0.15625,0.2857142857142857,0.0,0.6666666666666666,0.0241488738896124,0.0,0.03958984845512348,0.68756252084028,0.6813880869206252,0.0,0.9176666666666666,0.5,0.4046565749921288,0.5761561027575542,0.7476556305229797,0
1362,0.11064621106462114,0.0,0.0,0.0075987841945288626,0.15625,0.2857142857142857,0.0,0.6666666666666666,0.024148874213758886,0.0,0.01794592948215512,0.766588862954318,0.8192558847812015,0.0,0.8386666666666667,0.5,0.5574095459734976,0.6422215929046464,0.7270336398357953,0
1363,0.11064621106462114,0.0,0.0,0.0075987841945288626,0.15625,0.2857142857142857,0.0,0.6666666666666666,0.02415491584184304,0.0,0.05216351386607032,0.9046348782927642,0.8879857149715543,0.0,0.8726666666666667,0.5,0.6481259781707073,0.6819665178211347,0.7158070574715623,0
1364,0.0,0.0,0.0,0.0075987841945288626,0.15625,0.2857142857142857,0.0,0.6666666666666666,0.024148873889643374,0.0,0.012463636963287783,0.7359119706568856,0.7953217444012834,0.0,0.7863333333333333,0.5,0.49781259099005637,0.7207064119073143,0.9436002328245722,0
1365,0.0,0.0,0.0,0.0075987841945288626,0.15625,0.2857142857142857,0.0,0.6666666666666666,0.0241488738896124,0.0,0.014931071813454433,0.6935645215071691,0.7594073248683921,0.0,0.8193333333333334,0.5,0.47298194905226354,0.6983505021166038,0.923719055180944,0
1366,0.5869421913465953,0.5,0.995053003533569,0.7424749163879598,0.34375,1.0,0.0,0.6666666666666666,0.6356847012908458,0.5,0.7772783121253399,1.0,0.9977564949789494,0.0003333333333333333,0.9996666666666667,1.0,0.7657628911517471,0.7807256174169168,0.7956883436820864,0
1367,0.07131086898036054,0.0,0.9696113074204947,0.020408163265306145,0.125,0.42857142857142855,0.0,0.6666666666666666,0.025413811469802594,0.0,0.0982494666149496,0.9836612204068023,0.9329422654266224,0.0,0.9126666666666666,1.0,0.7351978363103069,0.7567530002302785,0.7783081641502501,0
1368,0.0,0.0,0.0,0.0075987841945288626,0.15625,0.2857142857142857,0.0,0.6666666666666666,0.0241488738896124,0.0,0.09103250413475339,0.6768922974324775,0.6424300797479539,0.0,0.931,0.5,0.3763703600669083,0.6478996631880092,0.9194289663091101,0
1369,0.062382297551789145,0.0,0.0,0.0075987841945288626,0.15625,0.2857142857142857,0.0,0.6666666666666666,0.02414926359702929,0.0,0.029023245233999573,0.8569523174391463,0.850444120446742,0.0,0.8716666666666667,0.5,0.6261733953712877,0.6916337148721434,0.7570940343729992,0
1370,0.8729705009126407,0.8,1.0,0.8964851293935883,0.71875,1.0,0.0,0.6666666666666666,0.9186093914856315,1.0,0.8860714955204579,1.0,0.9993624547506976,0.001,1.0,1.0,0.8711211570486878,0.9142825425241483,0.957443927999609,0
1371,0.11064621106462114,0.0,0.0,0.0075987841945288626,0.15625,0.2857142857142857,0.0,0.6666666666666666,0.024148887926115137,0.0,0.053471802718030315,0.9213071023674558,0.9054439523571118,0.0,0.7603333333333333,0.5,0.570926937627492,0.7606229424848685,0.950318947342245,0
1372,0.19059750976591983,0.0,0.9802120141342756,0.0075987841945288626,0.21875,0.2857142857142857,0.0,0.6666666666666666,0.024645461619562603,0.0,0.07491143735996453,0.9739913304434812,0.9456685133282732,0.0,0.87,1.0,0.7041496580144994,0.7235202971210283,0.7428909362275572,0
1373,0.062382297551789145,0.0,0.0,0.0075987841945288626,0.15625,0.2857142857142857,0.0,0.6666666666666666,0.024230904514983775,0.0,0.15591643528860355,0.9726575525175059,0.9454106268921247,0.0,0.8436666666666667,0.5,0.6653299306379131,0.7637038687203965,0.8620778068028798,0
1374,0.6834306025990127,0.9,0.9978798586572438,0.5964912280701755,0.4375,0.8571428571428571,0.0,0.6666666666666666,0.8285738732190804,1.0,0.6415146661049765,1.0,0.9969958508606885,0.0006666666666666666,1.0,1.0,0.8760914078847568,0.9229396791829239,0.9697879504810908,0
1375,0.0,0.0,0.0,0.0075987841945288626,0.15625,0.2857142857142857,0.0,0.6666666666666666,0.0241488738896124,0.0,0.04320347770657995,0.7552517505835279,0.7289130958270845,0.0,0.889,0.5,0.4209167659407949,0.6693989712391427,0.9178811765374905,0
1376,0.11064621106462114,0.0,0.0,0.0075987841945288626,0.15625,0.2857142857142857,0.0,0.6666666666666666,0.02414888561448969,0.0,0.007748246216860544,0.8092697565855285,0.8443602874943034,0.0,0.8456666666666667,0.5,0.5820974384210081,0.6576998633836832,0.7333022883463585,0
1377,0.42240967907808913,0.5,0.9964664310954063,0.5964912280701755,0.5,0.8571428571428571,0.0,0.6666666666666666,0.4924580549277294,0.0,0.06645442415286273,0.9996665555185061,0.9962673541512179,0.0,0.9996666666666667,1.0,0.8229922412643139,0.8468451644607164,0.8706980876571191,0
1378,0.3324639766323867,0.3,0.992226148409894,0.19696969696969702,0.375,0.42857142857142855,0.0,0.6666666666666666,0.1725501359799082,0.0,0.08644874232062283,0.9989996665555185,0.9892404124156681,0.0,0.9983333333333333,1.0,0.706481571112128,0.8125570997109779,0.918632628309828,0
1379,0.8670616859874323,0.9,0.9985865724381625,0.8964851293935883,0.53125,1.0,0.0,0.6666666666666666,0.8955784179659749,1.0,0.7607980892777294,1.0,0.9975303088314155,0.004,1.0,1.0,0.8123327039007453,0.854318373521435,0.8963040431421248,0
1380,0.062382297551789145,0.0,0.0,0.0075987841945288626,0.15625,0.2857142857142857,0.0,0.6666666666666666,0.02414887417381606,0.0,0.04695468782940826,0.8362787595865289,0.8536436410641952,0.0,0.786,0.5,0.5484609266473744,0.7162326637021778,0.8840044007569811,0
1381,0.062382297551789145,0.0,0.0,0.0075987841945288626,0.15625,0.2857142857142857,0.0,0.6666666666666666,0.024148876703335653,0.0,0.01707097953608183,0.8076025341780594,0.8389727899323868,0.0,0.8263333333333334,0.5,0.5699702016038835,0.6949445581447893,0.819918914685695,0
1382,0.846880515295956,0.7,0.9971731448763251,0.7424749163879598,0.375,1.0,0.0,0.6666666666666666,0.8016518341209357,1.0,0.7850488452436013,1.0,0.9979778132212543,0.0013333333333333333,1.0,1.0,0.7948948077399368,0.8605307087774814,0.9261666098150261,0
1383,0.19059750976591983,0.0,0.9469964664310954,0.0075987841945288626,0.15625,0.2857142857142857,0.0,0.6666666666666666,0.02788789766795008,0.0,0.15809725603960267,0.9893297765921975,0.9671098797273376,0.0,0.945,1.0,0.7387354094164942,0.7480692881669346,0.757403166917375,0
1384,0.11064621106462114,0.0,0.0,0.0075987841945288626,0.15625,0.2857142857142857,0.0,0.6666666666666666,0.024162708353994367,0.0,0.05131226506032305,0.9556518839613204,0.9323406301817824,0.0,0.8206666666666667,0.5,0.6381783092636475,0.7184484033836902,0.7987184975037329,0
1385,0.11064621106462114,0.0,0.0,0.0075987841945288626,0.15625,0.2857142857142857,0.0,0.6666666666666666,0.024148873889877853,0.0,0.024334814145176797,0.7315771923974659,0.7949038222745035,0.0,0.8346666666666667,0.5,0.5136484201460354,0.6366806035446243,0.7597127869432132,0
1386,0.062382297551789145,0.0,0.0,0.0075987841945288626,0.15625,0.2857142857142857,0.0,0.6666666666666666,0.02414887433690649,0.0,0.027876753891184047,0.7775925308436146,0.7760098690422896,0.0,0.8986666666666667,0.5,0.5866881081427034,0.6383667416897805,0.6900453752368575,0
1387,0.8318081331877729,0.9,1.0,0.8964851293935883,0.5625,1.0,0.0,0.6666666666666666,0.9046453025942753,1.0,0.5353902273323121,1.0,0.9963923148785578,0.002,1.0,1.0,0.8206662846393875,0.8746124250657806,0.9285585654921737,0
1388,0.36579730996572,0.4,0.9992932862190813,0.19696969696969702,0.34375,0.42857142857142855,0.0,0.6666666666666666,0.25757399294630057,0.5,0.7792620460106278,1.0,0.9979539086021292,0.0003333333333333333,0.9996666666666667,1.0,0.7294449440258445,0.8113220354453248,0.8931991268648052,0
1389,0.13756436963239604,0.0,0.0,0.0075987841945288626,0.15625,0.2857142857142857,0.0,0.6666666666666666,0.024163097925378074,0.0,0.1464065686580035,0.9806602200733577,0.9516729848823133,0.0,0.7946666666666666,0.5,0.6362120719229586,0.7741660822787805,0.9121200926346024,0
1390,0.5292099219439058,0.9,0.9992932862190813,0.8964851293935883,0.59375,1.0,0.0,0.6666666666666666,0.7636766173539327,1.0,0.71465654372422,1.0,0.9965520936406462,0.0016666666666666668,1.0,1.0,0.8285738811413036,0.8547729622847593,0.8809720434282151,0
1391,0.13756436963239604,0.0,0.0,0.0075987841945288626,0.15625,0.2857142857142857,0.0,0.6666666666666666,0.024174982970124215,0.0,0.1326764489942529,0.991997332444148,0.9661008603470926,0.0,0.7723333333333333,0.5,0.6394806722850148,0.8002554129012505,0.961030153517486,0
1392,0.1821739130434783,0.0,0.9752650176678446,0.14084507042253525,0.15625,0.2857142857142857,0.0,0.6666666666666666,0.024195450281894515,0.0,0.23782803156499632,0.9966655551850617,0.9407819097912171,0.0,0.984,0.5,0.6113692180694781,0.7905145582520412,0.9696598984346044,0
1393,0.2196423227648686,0.2,0.9992932862190813,0.0075987841945288626,0.375,0.2857142857142857,0.0,0.6666666666666666,0.041108647985624414,0.5,0.45816940641983783,0.9996665555185061,0.9953529225318704,0.0003333333333333333,0.9966666666666667,1.0,0.7382213270455413,0.8559330801674677,0.9736448332893941,0
1394,0.3807430124114225,0.7,1.0,0.5964912280701755,0.625,0.8571428571428571,0.0,0.6666666666666666,0.6991924531247059,0.5,0.4909432530991783,0.9996665555185061,0.9946484813384039,0.0003333333333333333,0.9996666666666667,1.0,0.8466341065081914,0.8654399119765543,0.8842457174449173,0
1395,0.07131086898036054,0.1,0.9816254416961131,0.14084507042253525,0.1875,0.2857142857142857,0.0,0.6666666666666666,0.030561479009457493,0.0,0.3007613058485257,0.9983327775925308,0.9731200867398677,0.0,0.9733333333333334,1.0,0.6973240416659707,0.8204781359473972,0.9436322302288235,0
1396,0.6766345220766619,0.7,0.9992932862190813,0.4782608695652174,0.40625,0.7142857142857143,0.0,0.6666666666666666,0.6478037761481852,1.0,0.8273695850411376,1.0,0.9982280947887063,0.0006666666666666666,1.0,1.0,0.7381608924408439,0.820007296102061,0.9018536997632782,0
1397,0.0,0.0,0.0,0.0075987841945288626,0.15625,0.2857142857142857,0.0,0.6666666666666666,0.024148874077895677,0.0,0.019944328666692157,0.8026008669556519,0.8018766618808602,0.0,0.8983333333333333,0.0,0.5721442489596487,0.6125134134166066,0.6528825778735645,0
1398,0.062382297551789145,0.0,0.0,0.0075987841945288626,0.15625,0.2857142857142857,0.0,0.6666666666666666,0.024148898882164538,0.0,0.011622846206388204,0.8172724241413805,0.8251663646567329,0.0,0.8733333333333333,0.5,0.6024614355176171,0.6741650097630233,0.7458685840084295,0
1399,0.11064621106462114,0.0,0.0,0.0075987841945288626,0.15625,0.2857142857142857,0.0,0.6666666666666666,0.02416323655489383,0.0,0.04823482641266319,0.9539846615538513,0.9347503914573222,0.0,0.8543333333333334,0.5,0.629926548732207,0.7895942704510509,0.9492619921698948,0
1400,0.13947068771518478,0.1,0.8671378091872791,0.0075987841945288626,0.1875,0.2857142857142857,0.0,0.6666666666666666,0.025529971263751006,0.0,0.17488219656093107,0.9993331110370124,0.9892285017062776,0.0,0.9286666666666666,1.0,0.6933950300739882,0.7861671594833877,0.8789392888927872,0
1401,0.11064621106462114,0.0,0.0,0.0075987841945288626,0.15625,0.2857142857142857,0.0,0.6666666666666666,0.024148901684389212,0.0,0.033027318243738946,0.8309436478826275,0.8602163283988821,0.0,0.8173333333333334,0.5,0.5840319688160847,0.6731141472158673,0.76219632561565,0
1402,0.11064621106462114,0.0,0.0,0.0075987841945288626,0.15625,0.2857142857142857,0.0,0.6666666666666666,0.02415628948759785,0.0,0.011317477330505477,0.9296432144048016,0.9201321794744217,0.0,0.804,0.5,0.6246610726576901,0.7453025306683878,0.8659439886790855,0
1403,0.29204730996572004,0.3,0.9943462897526502,0.19696969696969702,0.25,0.42857142857142855,0.0,0.6666666666666666,0.05627157777039249,0.5,0.17830389585024176,0.9996665555185061,0.9883058368606719,0.0,0.9993333333333333,1.0,0.7144495752996466,0.7733493516128543,0.8322491279260621,0
1404,0.0,0.0,0.0,0.0075987841945288626,0.15625,0.2857142857142857,0.0,0.6666666666666666,0.024148883334918825,0.0,0.028332950357708442,0.8446148716238746,0.8687967212634866,0.0,0.7913333333333333,0.5,0.5702206737641645,0.6915167855953657,0.8128128974265669,0
1405,0.0,0.0,0.0,0.0075987841945288626,0.15625,0.2857142857142857,0.0,0.6666666666666666,0.024148873892172573,0.0,0.016954468560795632,0.7592530843614538,0.8166134851318514,0.0,0.7606666666666666,0.5,0.5179085355984437,0.7298309277922677,0.9417533199860917,0
1406,0.11064621106462114,0.0,0.8671378091872791,0.0075987841945288626,0.1875,0.2857142857142857,0.0,0.6666666666666666,0.024262366624515308,0.0,0.07547693522698029,0.9473157719239746,0.9167788465296547,0.0,0.8746666666666667,1.0,0.686880371988517,0.7051920864769738,0.7235038009654308,0
1407,0.5447746294845621,0.6,0.9992932862190813,0.8964851293935883,0.75,1.0,0.0,0.6666666666666666,0.876856423752511,1.0,0.6562420241361361,1.0,0.9983363887461697,0.0006666666666666666,1.0,1.0,0.9006389988541208,0.9416649862720253,0.9826909736899299,0
1408,0.13553057739209573,0.0,0.9519434628975265,0.0075987841945288626,0.1875,0.2857142857142857,0.0,0.6666666666666666,0.027442560868787713,0.0,0.23987063533053465,0.9966655551850617,0.9839576296715834,0.0,0.9826666666666667,1.0,0.7067451020783501,0.8360612498146199,0.9653773975508898,0
1409,0.062382297551789145,0.0,0.0,0.0075987841945288626,0.15625,0.2857142857142857,0.0,0.6666666666666666,0.024148888627403386,0.0,0.05024495543696739,0.8902967655885295,0.8899710168307187,0.0,0.7693333333333333,0.5,0.5736012015650144,0.7401953860973465,0.9067895706296787,0
1410,0.062382297551789145,0.0,0.9879858657243816,0.0075987841945288626,0.28125,0.2857142857142857,0.0,0.6666666666666666,0.02414887603258975,0.0,0.05087054535759461,0.9573191063687896,0.7740945645862426,0.0,0.9823333333333333,0.5,0.5515273591712616,0.6601395745963167,0.7687517900213717,0
1411,0.0,0.0,0.0,0.0075987841945288626,0.15625,0.2857142857142857,0.0,0.6666666666666666,0.0241488738896124,0.0,0.00787683158057273,0.7612537512504168,0.6445282072452724,0.0,0.954,0.5,0.3527046786551831,0.6400105604575635,0.927316442259944,0
1412,0.6297993342037381,0.4,1.0,0.7424749163879598,0.46875,1.0,0.0,0.6666666666666666,0.7629501292477647,0.5,0.7327693938903732,1.0,0.9988378257958056,0.0003333333333333333,0.9993333333333333,1.0,0.7569993222674432,0.803892556046899,0.850785789826355,0
1413,0.0,0.0,0.0,0.0075987841945288626,0.15625,0.2857142857142857,0.0,0.6666666666666666,0.024148932150885094,0.0,0.02966106844821481,0.8586195398466155,0.8791174955528889,0.0,0.7856666666666667,0.5,0.5837979280276508,0.69969863228999,0.8155993365523291,0
1414,0.11064621106462114,0.0,0.9802120141342756,0.0075987841945288626,0.21875,0.2857142857142857,0.0,0.6666666666666666,0.024150308655230046,0.0,0.07988600533397483,0.9243081027009004,0.8446004719859689,0.0,0.944,0.5,0.6055866428271891,0.654582849448208,0.703579056069227,0
1415,0.062382297551789145,0.0,0.0,0.0075987841945288626,0.15625,0.2857142857142857,0.0,0.6666666666666666,0.024148940835139077,0.0,0.05195807725899082,0.8332777592530843,0.84037944762757,0.0,0.867,0.5,0.6064497450194797,0.6853816016084524,0.764313458197425,0
1416,0.8738964268385666,1.0,0.9992932862190813,0.8964851293935883,0.5625,1.0,0.0,0.6666666666666666,0.9186367325908487,1.0,0.6766391629094708,1.0,0.9961573779803962,0.0033333333333333335,1.0,1.0,0.8648286326435557,0.8968551157528,0.9288815988620441,0
1417,0.0,0.0,0.9469964664310954,0.0075987841945288626,0.15625,0.2857142857142857,0.0,0.6666666666666666,0.02414925129351364,0.0,0.06980166113954511,0.9576525508502834,0.8360968344909447,0.0,0.9713333333333334,0.5,0.5563447117782813,0.6629628041712907,0.7695808965643001,0
1418,0.30025868192709204,0.1,0.9978798586572438,0.39669421487603307,0.4375,0.5714285714285714,0.0,0.6666666666666666,0.17410595529927997,0.0,0.3835556384964397,0.9989996665555185,0.9880622030269127,0.0,0.9996666666666667,1.0,0.8011897118995838,0.8091370035285625,0.8170842951575413,0
1419,0.7285034729090273,0.6,0.995053003533569,0.7424749163879598,0.34375,1.0,0.0,0.6666666666666666,0.796110913920215,0.0,0.20013085368586758,0.9986662220740247,0.9907367482519354,0.0,0.9993333333333333,1.0,0.7602853848680424,0.812921727345688,0.8655580698233336,0
1420,0.13756436963239604,0.0,0.0,0.0075987841945288626,0.15625,0.2857142857142857,0.0,0.6666666666666666,0.024172323778157145,0.0,0.04564054338058621,0.9939979993331111,0.969890904754582,0.0,0.772,0.5,0.6386831324123097,0.796094157379021,0.9535051823457322,0
1421,0.11064621106462114,0.0,0.0,0.0075987841945288626,0.15625,0.2857142857142857,0.0,0.6666666666666666,0.024154047999019657,0.0,0.017241061854606055,0.9233077692564188,0.9158043756546848,0.0,0.791,0.5,0.624994761140163,0.7203622553377109,0.8157297495352588,0
1422,0.7079404065205812,0.7,0.9985865724381625,0.8964851293935883,0.5,1.0,0.0,0.6666666666666666,0.880598905731983,1.0,0.6579747340591131,1.0,0.9965073249402644,0.001,1.0,1.0,0.9135520812640646,0.9518637536190054,0.9901754259739463,0
1423,0.07131086898036054,0.0,0.9696113074204947,0.020408163265306145,0.125,0.42857142857142855,0.0,0.6666666666666666,0.03161663713759921,0.0,0.32026445066877096,0.9936645548516172,0.9626952573619962,0.0,0.9066666666666666,1.0,0.7785673747070879,0.7871010734457636,0.7956347721844393,0
1424,0.0,0.0,0.0,0.0075987841945288626,0.15625,0.2857142857142857,0.0,0.6666666666666666,0.024148873889824563,0.0,0.0024984311600415587,0.7315771923974659,0.8003955497800755,0.0,0.7796666666666667,0.5,0.5078743386576177,0.6723626944894032,0.8368510503211887,0
1425,0.857226820724516,1.0,1.0,0.8964851293935883,0.53125,1.0,0.0,0.6666666666666666,0.8716888350840644,1.0,0.6353699244963746,1.0,0.9912704141867336,0.0026666666666666666,1.0,1.0,0.7931562054310729,0.895855669491,0.9985551335509272,0
1426,0.47337517296282305,0.3,0.992226148409894,0.19354838709677424,0.28125,0.8571428571428571,0.0,0.6666666666666666,0.28195823032516887,0.0,0.31427914913966415,0.9979993331110371,0.9853751365838043,0.0,0.9983333333333333,1.0,0.838399273102427,0.8490474352010353,0.8596955972996437,0
1427,0.11064621106462114,0.0,0.0,0.0075987841945288626,0.15625,0.2857142857142857,0.0,0.6666666666666666,0.02414887526839571,0.0,0.05018917539868273,0.7849283094364788,0.829748932545077,0.0,0.834,0.5,0.5665892714974841,0.6487885650912528,0.7309878586850215,0
1428,0.062382297551789145,0.0,0.0,0.0075987841945288626,0.15625,0.2857142857142857,0.0,0.6666666666666666,0.024148873889704325,0.0,0.03598045406551187,0.7062354118039347,0.7531200850498736,0.0,0.8713333333333333,0.5,0.5213849589252209,0.627421343826013,0.7334577287268051,0
1429,0.062382297551789145,0.0,0.0,0.0075987841945288626,0.15625,0.2857142857142857,0.0,0.6666666666666666,0.02415033103832842,0.0,0.05966382809403348,0.9373124374791597,0.9165580654214103,0.0,0.802,0.5,0.6146348475730414,0.7500971480873431,0.8855594486016448,0
1430,0.37035812077653085,0.4,0.9964664310954063,0.10169491525423724,0.28125,0.5714285714285714,0.0,0.6666666666666666,0.10648200463426216,0.0,0.4490579667880099,0.9996665555185061,0.9968688174819006,0.0,0.9986666666666667,1.0,0.7629565324225296,0.7885642280252401,0.8141719236279507,0
1431,0.062382297551789145,0.0,0.0,0.0075987841945288626,0.15625,0.2857142857142857,0.0,0.6666666666666666,0.024148873889638933,0.0,0.018837460586393906,0.7732577525841947,0.8090863962606968,0.0,0.7923333333333333,0.5,0.4978084388926969,0.7397077847797235,0.9816071306667503,0
1432,0.13553057739209573,0.0,0.9519434628975265,0.0075987841945288626,0.1875,0.2857142857142857,0.0,0.6666666666666666,0.027320142976634543,0.0,0.2719559450113599,0.995998666222074,0.9804258597486223,0.0,0.9703333333333334,1.0,0.7057557653868437,0.8183887330875445,0.9310217007882452,0
1433,0.11064621106462114,0.0,0.0,0.0075987841945288626,0.15625,0.2857142857142857,0.0,0.6666666666666666,0.02414887722735637,0.0,0.01699165123832025,0.808269423141047,0.8571976769632549,0.0,0.7166666666666667,0.5,0.5592545260654406,0.726846592246626,0.8944386584278113,0
1434,0.3807430124114225,0.4,0.995053003533569,0.39669421487603307,0.375,0.5714285714285714,0.0,0.6666666666666666,0.34637854341230523,0.3333333333333333,0.17744334180299715,0.9993331110370124,0.9952813845850764,0.0003333333333333333,0.9993333333333333,1.0,0.8076684584554844,0.8406319925819148,0.8735955267083451,0
1435,0.20753100730286567,0.1,0.9957597173144876,0.0075987841945288626,0.5,0.2857142857142857,0.0,0.6666666666666666,0.02905101794175058,0.0,0.30264258305249647,0.9993331110370124,0.9913502534974168,0.0,0.9743333333333334,1.0,0.7216096329814933,0.7777824694629506,0.8339553059444079,0
1436,0.18166893833734843,0.0,0.8671378091872791,0.0075987841945288626,0.1875,0.2857142857142857,0.0,0.6666666666666666,0.024355912943221147,0.0,0.09401475990738006,0.976325441813938,0.9476719134039563,0.0,0.8713333333333333,1.0,0.6684396124726129,0.7506643107561428,0.8328890090396728,0
1437,0.07131086898036054,0.0,0.9696113074204947,0.020408163265306145,0.125,0.42857142857142855,0.0,0.6666666666666666,0.024183659005763247,0.0,0.10681172616700241,0.9733244414804935,0.8842708340923534,0.0,0.9463333333333334,0.5,0.6487898570060345,0.7220875681418797,0.7953852792777248,0
1438,0.062382297551789145,0.0,0.8671378091872791,0.0075987841945288626,0.1875,0.2857142857142857,0.0,0.6666666666666666,0.024151119028266166,0.0,0.01746762167335325,0.8936312104034678,0.8365377332566173,0.0,0.9116666666666666,1.0,0.6847400866124201,0.6853219287022243,0.6859037707920284,0
1439,0.5197746294845622,0.7,0.9992932862190813,0.679144385026738,0.3125,0.8571428571428571,0.0,0.6666666666666666,0.8055001511370169,1.0,0.6048595399118696,1.0,0.9940649767258636,0.001,1.0,1.0,0.8528456930874982,0.9187569690251522,0.9846682449628062,0
1440,0.062382297551789145,0.0,0.8671378091872791,0.0075987841945288626,0.1875,0.2857142857142857,0.0,0.6666666666666666,0.024151267381055774,0.0,0.01764882338391638,0.8946315438479493,0.8379690810627256,0.0,0.9106666666666666,1.0,0.6839048822822371,0.6861041415244671,0.6883034007666972,0
1441,0.07131086898036054,0.0,0.9696113074204947,0.020408163265306145,0.125,0.42857142857142855,0.0,0.6666666666666666,0.02431372169499757,0.0,0.11239647344516535,0.9749916638879627,0.8942641055425375,0.0,0.9343333333333333,1.0,0.6742263291219299,0.7362372662245426,0.7982482033271552,0
1442,0.24253026903563568,0.6,0.9964664310954063,0.5964912280701755,0.59375,0.8571428571428571,0.0,0.6666666666666666,0.6477050014913631,1.0,0.5323637391417846,1.0,0.993460554530841,0.0,1.0,1.0,0.8343928684886277,0.8928575714692367,0.9513222744498457,0
1443,0.9206316144601921,1.0,1.0,0.8964851293935883,0.59375,1.0,0.0,0.6666666666666666,0.9235788461998163,1.0,0.9224757129633947,1.0,0.9991431460958403,0.016,1.0,1.0,0.9400289270319648,0.9457776067433394,0.951526286454714,0
1444,0.19059750976591983,0.0,0.9469964664310954,0.0075987841945288626,0.15625,0.2857142857142857,0.0,0.6666666666666666,0.025323607971398987,0.0,0.1176441905230039,0.9783261087029009,0.9476121214020327,0.0,0.8836666666666667,1.0,0.721703876472451,0.7268018308983633,0.7318997853242756,0
1445,0.455976502040242,0.2,0.9964664310954063,0.4782608695652174,0.34375,0.7142857142857143,0.0,0.6666666666666666,0.12192322435822622,0.0,0.17607255284807133,0.9983327775925308,0.9874096676121912,0.0,0.998,1.0,0.738446241803387,0.7807667129973122,0.8230871841912374,0
1446,0.11064621106462114,0.0,0.0,0.0075987841945288626,0.15625,0.2857142857142857,0.0,0.6666666666666666,0.024149089226755627,0.0,0.024292207361245377,0.8869623207735912,0.8922440480461479,0.0,0.8036666666666666,0.5,0.5970664317343497,0.6947483527716063,0.792430273808863,0
1447,0.19518245185086192,0.0,0.9519434628975265,0.0075987841945288626,0.1875,0.2857142857142857,0.0,0.6666666666666666,0.025615762519772378,0.0,0.18691436100526193,0.9949983327775925,0.9801360171003664,0.0,0.9233333333333333,1.0,0.7090813473823026,0.7480607649815446,0.7870401825807867,0
1448,0.13630898943153524,0.0,0.9519434628975265,0.0075987841945288626,0.1875,0.2857142857142857,0.0,0.6666666666666666,0.028841844232129765,0.0,0.09645139286391868,0.9923307769256419,0.9660803552256618,0.0,0.9936666666666667,1.0,0.7160626791835386,0.847549637772385,0.9790365963612315,0
1449,0.11064621106462114,0.0,0.0,0.0075987841945288626,0.15625,0.2857142857142857,0.0,0.6666666666666666,0.02415266109444736,0.0,0.07394122139695003,0.9016338779593198,0.905160176294166,0.0,0.785,0.5,0.6201821600774965,0.7255639273470811,0.8309456946166658,0
1450,0.20946212948456222,0.0,0.9484098939929329,0.0075987841945288626,0.25,0.2857142857142857,0.0,0.6666666666666666,0.030915477193422247,0.0,0.2402680750479418,0.995998666222074,0.9748412389683505,0.0,0.9946666666666667,1.0,0.7326024239873181,0.8204021847065928,0.9082019454258673,0
1451,0.47920992194390577,0.5,0.9992932862190813,0.5964912280701755,0.375,0.8571428571428571,0.0,0.6666666666666666,0.6187651102945719,0.0,0.49507511708268903,0.9996665555185061,0.9933726368607508,0.0,1.0,1.0,0.8198133983557341,0.8382057850330163,0.8565981717102986,0
1452,0.062382297551789145,0.0,0.8671378091872791,0.0075987841945288626,0.1875,0.2857142857142857,0.0,0.6666666666666666,0.02434244184039691,0.0,0.1490607467409093,0.9929976658886296,0.9768128950311297,0.0,0.8506666666666667,1.0,0.6697052492427412,0.7916058682607433,0.9135064872787454,0
1453,0.1994621294845622,0.1,0.9696113074204947,0.020408163265306145,0.125,0.42857142857142855,0.0,0.6666666666666666,0.052747292755502384,0.0,0.3178487226776793,0.9983327775925308,0.9811405442781518,0.0,0.9903333333333333,1.0,0.7868632748384217,0.8153602713600008,0.8438572678815798,0
1454,0.19518245185086192,0.0,0.9802120141342756,0.0075987841945288626,0.21875,0.2857142857142857,0.0,0.6666666666666666,0.025232858007474435,0.0,0.14989636228267456,0.9963321107035679,0.9820524231330328,0.0,0.9016666666666666,1.0,0.7010558088101734,0.7489736843701174,0.7968915599300612,0
1455,0.11064621106462114,0.0,0.8671378091872791,0.0075987841945288626,0.1875,0.2857142857142857,0.0,0.6666666666666666,0.024154312955062096,0.0,0.06539627570916051,0.9216405468489497,0.8849699390752639,0.0,0.8946666666666667,1.0,0.6672372579368562,0.6692802980143353,0.6713233380918144,0
1456,0.5168519133810097,0.5,0.9971731448763251,0.4782608695652174,0.375,0.7142857142857143,0.0,0.6666666666666666,0.5882410762260428,0.6666666666666666,0.5214204813071319,1.0,0.9904051799479975,0.0003333333333333333,0.9986666666666667,1.0,0.7408744622561855,0.8475117832986618,0.9541491043411383,0
1457,0.6690984470405867,0.6,0.9985865724381625,0.4782608695652174,0.28125,0.7142857142857143,0.0,0.6666666666666666,0.3865966257982456,0.6666666666666666,0.5109120629670942,1.0,0.9931814587374018,0.0003333333333333333,0.9996666666666667,1.0,0.7555325474869004,0.7642962891120406,0.7730600307371808,0
1458,0.062382297551789145,0.0,0.0,0.0075987841945288626,0.15625,0.2857142857142857,0.0,0.6666666666666666,0.024148873902149703,0.0,0.011404799039229196,0.8419473157719239,0.856268875919074,0.0,0.7536666666666667,0.5,0.5273748542099298,0.7417632274672115,0.9561516007244931,0
1459,0.7175400797231957,0.8,1.0,0.8964851293935883,0.78125,1.0,0.0,0.6666666666666666,0.8928991124672735,1.0,0.6482920238830252,1.0,0.9969026501245494,0.0006666666666666666,1.0,1.0,0.9228394243962925,0.9340361113755512,0.9452327983548099,0
1460,0.5428806432990534,0.6,1.0,0.19696969696969702,0.375,0.42857142857142855,0.0,0.6666666666666666,0.44087025353031284,1.0,0.7794278701607493,1.0,0.9940196803377439,0.0006666666666666666,1.0,1.0,0.7170856689754846,0.7847803191679236,0.8524749693603625,0
1461,0.20946212948456222,0.0,0.9484098939929329,0.0075987841945288626,0.25,0.2857142857142857,0.0,0.6666666666666666,0.027662276582878453,0.0,0.060991188074117075,0.9936645548516172,0.971073773911132,0.0,0.9843333333333333,1.0,0.7228295582690794,0.8068751965236735,0.8909208347782676,0
1462,0.13947068771518478,0.0,0.8671378091872791,0.0075987841945288626,0.1875,0.2857142857142857,0.0,0.6666666666666666,0.02568791266539938,0.0,0.2677619216843007,0.9956652217405801,0.9790667348060808,0.0,0.9583333333333334,1.0,0.6932933338052969,0.8101716637489855,0.927049993692674,0
1463,0.24253026903563568,0.8,1.0,0.5964912280701755,0.53125,0.8571428571428571,0.0,0.6666666666666666,0.7547006249781494,1.0,0.6127743594918664,1.0,0.992847728955989,0.0,1.0,1.0,0.853710969725463,0.9117552535229636,0.9697995373204641,0
1464,0.062382297551789145,0.0,0.0,0.0075987841945288626,0.15625,0.2857142857142857,0.0,0.6666666666666666,0.024148874000632148,0.0,0.048076395061232624,0.7579193064354786,0.8035079100510654,0.0,0.8423333333333334,0.5,0.5533703515974454,0.668222502935814,0.7830746542741824,0
1465,0.11064621106462114,0.0,0.0,0.0075987841945288626,0.15625,0.2857142857142857,0.0,0.6666666666666666,0.024155371217756016,0.0,0.08158938558083251,0.9283094364788262,0.9165933628490134,0.0,0.7766666666666666,0.5,0.6219355956923054,0.8026431911054845,0.9833507865186637,0
1466,0.062382297551789145,0.0,0.0,0.0075987841945288626,0.15625,0.2857142857142857,0.0,0.6666666666666666,0.024151860168398764,0.0,0.11009081516590458,0.9583194398132711,0.9331331105290323,0.0,0.798,0.5,0.6198345886875701,0.7628797633520596,0.9059249380165493,0
1467,0.42240967907808913,0.3,0.995053003533569,0.39669421487603307,0.375,0.5714285714285714,0.0,0.6666666666666666,0.2760144011738437,0.0,0.3372157539304116,0.9989996665555185,0.990935988493103,0.0,1.0,1.0,0.8029219876396179,0.8310265049936358,0.8591310223476537,0
1468,0.45420992194390575,0.6,0.9992932862190813,0.5964912280701755,0.5625,0.8571428571428571,0.0,0.6666666666666666,0.5677464852472012,0.6666666666666666,0.5511108529710327,1.0,0.9980797343062084,0.0003333333333333333,0.9996666666666667,1.0,0.8053351719456836,0.8316318684704291,0.8579285649951746,0
1469,0.0,0.0,0.0,0.0075987841945288626,0.15625,0.2857142857142857,0.0,0.6666666666666666,0.0241488738896124,0.0,0.012057328547027457,0.7012337445815271,0.7217669390260641,0.0,0.8766666666666667,0.5,0.43765472530584015,0.6419954844654874,0.8463362436251345,0
1470,0.6239067930752031,0.5,1.0,0.5964912280701755,0.46875,0.8571428571428571,0.0,0.6666666666666666,0.7997952859055589,1.0,0.8975005481468562,1.0,0.9989777253007143,0.0006666666666666666,1.0,1.0,0.8648737898399887,0.9128447711752143,0.9608157525104398,0
1471,0.11064621106462114,0.0,0.0,0.0075987841945288626,0.15625,0.2857142857142857,0.0,0.6666666666666666,0.02416088268481076,0.0,0.07252276690081172,0.9279759919973325,0.9192686966296848,0.0,0.8526666666666667,0.5,0.6279930606625296,0.7767939289398645,0.9255947972171995,0
1472,0.2518664245359161,0.2,0.9992932862190813,0.14084507042253525,0.28125,0.2857142857142857,0.0,0.6666666666666666,0.05280205123844295,0.5,0.36541033293868397,0.9996665555185061,0.9892284357596606,0.0003333333333333333,0.9996666666666667,1.0,0.724822407201442,0.8461589249205823,0.9674954426397225,0
1473,0.5601431687069087,0.5,0.9971731448763251,0.679144385026738,0.5625,0.8571428571428571,0.0,0.6666666666666666,0.7775459170496247,0.6666666666666666,0.40973819740322737,0.9996665555185061,0.9964102043635518,0.0003333333333333333,0.9993333333333333,1.0,0.8288198527815781,0.8838240106580721,0.9388281685345662,0
1474,0.11064621106462114,0.0,0.8671378091872791,0.0075987841945288626,0.1875,0.2857142857142857,0.0,0.6666666666666666,0.024299667855945062,0.0,0.08474206726777611,0.9666555518506169,0.941112911298885,0.0,0.838,1.0,0.6752336539980879,0.7231185145222097,0.7710033750463314,0
1475,0.11064621106462114,0.0,0.9469964664310954,0.0075987841945288626,0.15625,0.2857142857142857,0.0,0.6666666666666666,0.024159470543417605,0.0,0.10842172545107431,0.940646882294098,0.8733250891367623,0.0,0.9390000000000001,0.5,0.622082353012957,0.671732378117708,0.7213824032224591,0
1476,0.062382297551789145,0.0,0.0,0.0075987841945288626,0.15625,0.2857142857142857,0.0,0.6666666666666666,0.02415521681397359,0.0,0.0657077456494849,0.940646882294098,0.9169051587947654,0.0,0.844,0.5,0.6336808205513627,0.7461520768311998,0.8586233331110368,0
1477,0.5375972692656793,0.4,0.9978798586572438,0.39669421487603307,0.21875,0.5714285714285714,0.0,0.6666666666666666,0.4045124850976113,0.6666666666666666,0.7371158228556987,1.0,0.997805270340184,0.0003333333333333333,1.0,1.0,0.8168416910608497,0.8911728477651801,0.9655040044695106,0
1478,0.21274563318777295,0.1,0.9915194346289753,0.07936507936507942,0.25,0.7142857142857143,0.0,0.6666666666666666,0.024441618694888367,0.0,0.41581005992625253,0.9993331110370124,0.9563377362549297,0.0,0.9966666666666667,0.5,0.6093187156460875,0.7170115713276088,0.8247044270091302,0
1479,0.6669980074165861,0.8,1.0,0.679144385026738,0.5625,0.8571428571428571,0.0,0.6666666666666666,0.7083118350772468,1.0,0.6910117419909467,1.0,0.9940386127603407,0.0013333333333333333,1.0,1.0,0.817269434192815,0.8508618239164005,0.8844542136399862,0
1480,0.1373542855987826,0.0,0.0,0.0075987841945288626,0.15625,0.2857142857142857,0.0,0.6666666666666666,0.02421750095222608,0.0,0.0753714428468738,0.9656552184061353,0.9446678899060935,0.0,0.8643333333333334,0.5,0.648244618619328,0.7924645063866012,0.9366843941538742,0
1481,0.13553057739209573,0.1,0.9837455830388693,0.0075987841945288626,0.40625,0.2857142857142857,0.0,0.6666666666666666,0.03357510876427516,0.0,0.20466924354929017,0.9973324441480493,0.9813882135899481,0.0,0.997,1.0,0.7277803582020241,0.8078710549280521,0.8879617516540802,0
1482,0.11064621106462114,0.0,0.0,0.0075987841945288626,0.15625,0.2857142857142857,0.0,0.6666666666666666,0.024148874140313747,0.0,0.032485060175742264,0.7685895298432811,0.8206778751466094,0.0,0.837,0.5,0.5548488696155309,0.6436282024156195,0.732407535215708,0
1483,0.062382297551789145,0.0,0.0,0.0075987841945288626,0.15625,0.2857142857142857,0.0,0.6666666666666666,0.02414887391518583,0.0,0.03930478412847449,0.7922640880293431,0.8314957346363785,0.0,0.8016666666666666,0.5,0.5356213578048248,0.7003330891933662,0.8650448205819077,0
1484,0.0,0.0,0.0,0.0075987841945288626,0.15625,0.2857142857142857,0.0,0.6666666666666666,0.024148873896044587,0.0,0.030051872103336374,0.7565855285095031,0.8212775161666815,0.0,0.7576666666666667,0.5,0.5234815700150743,0.6936589117902294,0.8638362535653844,0
1485,0.062382297551789145,0.0,0.0,0.0075987841945288626,0.15625,0.2857142857142857,0.0,0.6666666666666666,0.024148873889890843,0.0,0.03855667816415986,0.7209069689896632,0.782220457136549,0.0,0.8363333333333334,0.5,0.517441370439095,0.6599436445396858,0.8024459186402767,0
1486,0.062382297551789145,0.0,0.0,0.0075987841945288626,0.15625,0.2857142857142857,0.0,0.6666666666666666,0.024148953435020548,0.0,0.003340196062312728,0.831943981327109,0.8446821606814603,0.0,0.8623333333333334,0.5,0.6042886281112038,0.6919341206137102,0.7795796131162165,0
1487,0.30086360236896903,0.4,0.9957597173144876,0.39669421487603307,0.5,0.5714285714285714,0.0,0.6666666666666666,0.2432037831334497,0.0,0.41760411575939693,0.9989996665555185,0.9891782404363774,0.0,0.999,1.0,0.791614109583144,0.8607705763898357,0.9299270431965272,0
1488,0.062382297551789145,0.0,0.0,0.0075987841945288626,0.15625,0.2857142857142857,0.0,0.6666666666666666,0.0241488738896124,0.0,0.04431215449401482,0.7059019673224408,0.6915128577219625,0.0,0.9296666666666666,0.0,0.48791033933404687,0.5664176108633079,0.6449248823925688,0
1489,0.605976502040242,0.7,1.0,0.679144385026738,0.5,0.8571428571428571,0.0,0.6666666666666666,0.36326259157814,1.0,0.6419160086827012,1.0,0.9965083950530959,0.0006666666666666666,1.0,1.0,0.7895371484916971,0.8022316792053281,0.8149262099189591,0
1490,0.9115443928237783,1.0,1.0,0.8964851293935883,0.5625,1.0,0.0,0.6666666666666666,0.9204188264287696,1.0,0.8494256253257666,1.0,0.9979449675682354,0.008666666666666666,1.0,1.0,0.9125831145041752,0.9515811047986,0.9905790950930249,0
1491,0.5688472692656793,0.3,0.9971731448763251,0.5964912280701755,0.53125,0.8571428571428571,0.0,0.6666666666666666,0.6056671175537155,1.0,0.5704184244084006,1.0,0.9962216686644779,0.0003333333333333333,1.0,1.0,0.8341640286726855,0.9130485690830705,0.9919331094934555,0
1492,0.34983806933418626,0.2,0.9802120141342756,0.0075987841945288626,0.28125,0.2857142857142857,0.0,0.6666666666666666,0.048689944640700644,0.5,0.37339408401594065,0.9996665555185061,0.9944213703309609,0.0,0.9973333333333333,1.0,0.7540765078123334,0.8467264268046399,0.9393763457969464,0
1493,0.11064621106462114,0.0,0.0,0.0075987841945288626,0.15625,0.2857142857142857,0.0,0.6666666666666666,0.024148897072644115,0.0,0.042575300881428246,0.8352784261420474,0.8713007805237707,0.0,0.7786666666666666,0.5,0.5737849018803842,0.7187860980386169,0.8637872941968496,0
1494,0.11064621106462114,0.0,0.0,0.0075987841945288626,0.15625,0.2857142857142857,0.0,0.6666666666666666,0.024148891023507035,0.0,0.05090412821699153,0.8462820940313438,0.8764811659045071,0.0,0.776,0.5,0.5710744489881028,0.7243052599605784,0.877536070933054,0
1495,0.062382297551789145,0.0,0.0,0.0075987841945288626,0.15625,0.2857142857142857,0.0,0.6666666666666666,0.024148874656585884,0.0,0.028763030955708646,0.7835945315105035,0.8138150418505372,0.0,0.8683333333333334,0.5,0.5687536234422461,0.6692629074006426,0.7697721913590391,0
1496,0.13756436963239604,0.0,0.0,0.0075987841945288626,0.15625,0.2857142857142857,0.0,0.6666666666666666,0.02423990592483305,0.0,0.09226355007007403,0.9893297765921975,0.9656972437358008,0.0,0.9053333333333333,0.5,0.6536886519617331,0.8188040776079959,0.9839195032542586,0
1497,0.6690984470405867,0.5,0.9978798586572438,0.4782608695652174,0.25,0.7142857142857143,0.0,0.6666666666666666,0.36032704143907357,0.0,0.36372589244391984,0.9996665555185061,0.9875378353425931,0.0,1.0,1.0,0.7489664319249215,0.7637211144068194,0.7784757968887173,0
1498,0.5765003304901691,0.5,0.9978798586572438,0.5964912280701755,0.59375,0.8571428571428571,0.0,0.6666666666666666,0.7100828918879485,0.5,0.5138463543377175,1.0,0.9976660668143146,0.0,0.9996666666666667,1.0,0.8449322593409662,0.8776071102547787,0.9102819611685911,0
1499,0.44133779574219967,0.4,0.9978798586572438,0.19696969696969702,0.28125,0.42857142857142855,0.0,0.6666666666666666,0.20760610299008175,0.0,0.35538736314470143,0.9989996665555185,0.983701990948715,0.0,0.9996666666666667,1.0,0.6930005872146289,0.7782173005268636,0.8634340138390983,0
1500,0.13630898943153524,0.0,0.9802120141342756,0.0075987841945288626,0.21875,0.2857142857142857,0.0,0.6666666666666666,0.026497565528460165,0.0,0.03542302659492791,0.98432810936979,0.962170849777578,0.0,0.9913333333333333,1.0,0.7025805877634338,0.846942386539871,0.9913041853163082,0
1501,0.062382297551789145,0.0,0.0,0.0075987841945288626,0.15625,0.2857142857142857,0.0,0.6666666666666666,0.024148873889922706,0.0,0.039923576343074196,0.7139046348782927,0.755607377247725,0.0,0.8886666666666667,0.5,0.5289043050923766,0.62794977840238,0.7269952517123834,0
1502,0.11064621106462114,0.0,0.0,0.0075987841945288626,0.15625,0.2857142857142857,0.0,0.6666666666666666,0.02414909795131026,0.0,0.06680096158218363,0.865621873957986,0.8859623639163063,0.0,0.7706666666666666,0.5,0.591921267024619,0.7256786781730584,0.8594360893214978,0
1503,0.11064621106462114,0.0,0.0,0.0075987841945288626,0.15625,0.2857142857142857,0.0,0.6666666666666666,0.024148877817169234,0.0,0.034126089685004635,0.8192730910303434,0.8536077835255684,0.0,0.8063333333333333,0.5,0.5677740267023283,0.6707394049828506,0.7737047832633728,0
1504,0.062382297551789145,0.0,0.0,0.0075987841945288626,0.15625,0.2857142857142857,0.0,0.6666666666666666,0.02414894555136282,0.0,0.07672233682924079,0.855618539513171,0.8078720726291879,0.0,0.9103333333333333,0.5,0.6446618654592139,0.6596038959162511,0.6745459263732884,0
1505,0.0,0.0,0.0,0.0075987841945288626,0.15625,0.2857142857142857,0.0,0.6666666666666666,0.0241488738896124,0.0,0.04970647613110135,0.7162387462487496,0.7744693835895157,0.0,0.8193333333333334,0.5,0.4750753668119399,0.6746050354714688,0.8741347041309976,0
1506,0.0,0.0,0.0,0.0075987841945288626,0.15625,0.2857142857142857,0.0,0.6666666666666666,0.024148873914356717,0.0,0.050183075406322386,0.7552517505835279,0.8242080911576769,0.0,0.7536666666666667,0.5,0.530858229921625,0.6929267215892969,0.8549952132569687,0
1507,0.11064621106462114,0.0,0.9674911660777386,0.19696969696969702,0.125,0.42857142857142855,0.0,0.6666666666666666,0.026957581174685608,0.0,0.12785916929953756,0.9903301100366789,0.9439275184876723,0.0,0.9463333333333334,0.5,0.6513390361938651,0.7469542734171661,0.8425695106404671,0
1508,0.11064621106462114,0.0,0.0,0.0075987841945288626,0.15625,0.2857142857142857,0.0,0.6666666666666666,0.024149061520447157,0.0,0.11180305515458999,0.9403134378126042,0.9175178009346387,0.0,0.7453333333333334,0.5,0.5905949161479631,0.7769241013319214,0.9632532865158796,0
1509,0.062382297551789145,0.0,0.0,0.0075987841945288626,0.15625,0.2857142857142857,0.0,0.6666666666666666,0.024148873895215806,0.0,0.03791444197548555,0.7632544181393798,0.8134583992399865,0.0,0.8096666666666666,0.5,0.5291136552140471,0.6854866849829748,0.8418597147519026,0
1510,0.1994621294845622,0.0,0.9484098939929329,0.0075987841945288626,0.25,0.2857142857142857,0.0,0.6666666666666666,0.030293626677566854,0.0,0.16273643912138958,0.9916638879626543,0.9652150171025449,0.0,0.8903333333333333,1.0,0.7543969921046366,0.792147866420672,0.8298987407367073,0
1511,0.0,0.0,0.0,0.0075987841945288626,0.15625,0.2857142857142857,0.0,0.6666666666666666,0.0241488738896124,0.0,0.08120393325711495,0.6835611870623541,0.6317554278862386,0.0,0.9513333333333334,0.0,0.4378483511597064,0.5246284115767829,0.6114084719938594,0
1512,0.062382297551789145,0.0,0.0,0.0075987841945288626,0.15625,0.2857142857142857,0.0,0.6666666666666666,0.024148875804699488,0.0,0.081095579259859,0.8796265421807269,0.8800465259347563,0.0,0.7373333333333334,0.5,0.5565600568152925,0.762344884992467,0.9681297131696415,0
1513,0.11064621106462114,0.0,0.0,0.0075987841945288626,0.15625,0.2857142857142857,0.0,0.6666666666666666,0.024151980083954583,0.0,0.07097782899445015,0.9133044348116038,0.9085272438657416,0.0,0.771,0.5,0.6142299132784145,0.7932670276600355,0.9723041420416567,0
1514,0.07131086898036054,0.0,0.9816254416961131,0.14084507042253525,0.1875,0.2857142857142857,0.0,0.6666666666666666,0.025765688384727148,0.0,0.17754086499923238,0.9909969989996665,0.934848070618036,0.0,0.929,1.0,0.7048211962664498,0.7676156313020526,0.8304100663376552,0
1515,0.11064621106462114,0.0,0.0,0.0075987841945288626,0.15625,0.2857142857142857,0.0,0.6666666666666666,0.024148876604971115,0.0,0.018964044256232215,0.8232744248082694,0.8574538256221066,0.0,0.734,0.5,0.5579180160446892,0.7742095089615433,0.9905010018783975,0
1516,0.0,0.0,0.0,0.0075987841945288626,0.15625,0.2857142857142857,0.0,0.6666666666666666,0.0241488738896124,0.0,0.03327540834374909,0.7062354118039347,0.7551643979293121,0.0,0.8376666666666667,0.5,0.47368590074263545,0.6542159843742109,0.8347460680057863,0
1517,0.4218855929493329,0.6,0.9830388692579506,0.14084507042253525,0.1875,0.2857142857142857,0.0,0.6666666666666666,0.23410039471380795,0.0,0.4913515662122505,0.9996665555185061,0.9816532984952546,0.0,0.9996666666666667,1.0,0.7594133980343661,0.8363348621981922,0.9132563263620183,0
1518,0.22954730996572004,0.0,0.9816254416961131,0.10169491525423724,0.21875,0.5714285714285714,0.0,0.6666666666666666,0.0273158268465008,0.0,0.08553951563933337,0.9966655551850617,0.9789849060002861,0.0,0.91,1.0,0.6906338669576078,0.7367828361240205,0.7829318052904334,0
1519,0.11064621106462114,0.0,0.0,0.0075987841945288626,0.15625,0.2857142857142857,0.0,0.6666666666666666,0.02416267707886932,0.0,0.04703360336232787,0.9436478826275425,0.9300343363771405,0.0,0.8033333333333333,0.5,0.6310641044673426,0.7517076694839326,0.8723512345005225,0
1520,0.07131086898036054,0.0,0.9816254416961131,0.14084507042253525,0.1875,0.2857142857142857,0.0,0.6666666666666666,0.028464317776845882,0.0,0.25999203291151196,0.9966655551850617,0.9614945349608401,0.0,0.937,1.0,0.703891939601137,0.7944307909426354,0.8849696422841336,0
1521,0.1373542855987826,0.0,0.8671378091872791,0.0075987841945288626,0.1875,0.2857142857142857,0.0,0.6666666666666666,0.02460636451018694,0.0,0.14292930986657304,0.9889963321107036,0.9674538226695216,0.0,0.92,1.0,0.6740962010527302,0.8047362652000145,0.9353763293472988,0
1522,0.2325310073028657,0.0,0.9901060070671378,0.0075987841945288626,0.46875,0.2857142857142857,0.0,0.6666666666666666,0.04046535059505507,0.0,0.10759257876527328,0.995998666222074,0.982748990233173,0.0,0.9976666666666667,1.0,0.7425400368048264,0.7982140168797064,0.8538879969545864,0
1523,0.11064621106462114,0.0,0.0,0.0075987841945288626,0.15625,0.2857142857142857,0.0,0.6666666666666666,0.02421249499431155,0.0,0.09215932012227279,0.9673224408136045,0.9447120730802214,0.0,0.8293333333333334,0.5,0.6492684096815317,0.7595662718450715,0.8698641340086113,0
1524,0.0,0.0,0.0,0.0075987841945288626,0.15625,0.2857142857142857,0.0,0.6666666666666666,0.0241488738896124,0.0,0.06672038744011399,0.6735578526175392,0.6075362960154339,0.0,0.97,0.5,0.34714543315424606,0.5387656662028231,0.7303858992514,0
1525,0.18166893833734843,0.0,0.0,0.0075987841945288626,0.15625,0.2857142857142857,0.0,0.6666666666666666,0.02429281259229399,0.0,0.10906599352190127,0.970323441147049,0.9436540546272598,0.0,0.845,0.5,0.6627997770251114,0.7500708678592976,0.8373419586934836,0
1526,0.4680988108327947,0.7,1.0,0.5964912280701755,0.59375,0.8571428571428571,0.0,0.6666666666666666,0.6150735825471365,0.5,0.5246670316834048,1.0,0.9943003771426333,0.0,1.0,1.0,0.7978060151200814,0.8342861894946687,0.870766363869256,0
1527,0.062382297551789145,0.0,0.8671378091872791,0.0075987841945288626,0.1875,0.2857142857142857,0.0,0.6666666666666666,0.024258358717687112,0.0,0.07302168700305411,0.9256418806268756,0.9033173243776721,0.0,0.86,1.0,0.6805625657071551,0.7483266917425865,0.8160908177780178,0
1528,0.062382297551789145,0.0,0.0,0.0075987841945288626,0.15625,0.2857142857142857,0.0,0.6666666666666666,0.024148873889662248,0.0,0.051945609792865666,0.7532510836945648,0.8007992717643542,0.0,0.8093333333333333,0.5,0.5044735491375453,0.6850896116146278,0.8657056740917103,0
1529,0.07131086898036054,0.0,0.9696113074204947,0.020408163265306145,0.125,0.42857142857142855,0.0,0.6666666666666666,0.02419368660928134,0.0,0.10041559948265966,0.9733244414804935,0.8881122634161428,0.0,0.94,0.5,0.6570607640495152,0.7219255572953207,0.7867903505411261,0
1530,0.0,0.0,0.0,0.0075987841945288626,0.15625,0.2857142857142857,0.0,0.6666666666666666,0.0241488738896124,0.0,0.05088245295205562,0.6535511837279093,0.659285349880621,0.0,0.9183333333333333,0.5,0.44670314065442657,0.5624612154978307,0.6782192903412347,0
1531,0.4077954628178956,0.3,0.9696113074204947,0.020408163265306145,0.125,0.42857142857142855,0.0,0.6666666666666666,0.11814081722808534,0.5,0.5437579979746601,1.0,0.9948327076889159,0.0003333333333333333,0.998,1.0,0.800007296644033,0.8414620481738079,0.8829167997035827,0
1532,0.062382297551789145,0.0,0.0,0.0075987841945288626,0.15625,0.2857142857142857,0.0,0.6666666666666666,0.02414887782022479,0.0,0.05645812582464238,0.8692897632544181,0.8737662732421703,0.0,0.7786666666666666,0.5,0.565159983024106,0.7283396721701629,0.8915193613162199,0
1533,0.062382297551789145,0.0,0.0,0.0075987841945288626,0.15625,0.2857142857142857,0.0,0.6666666666666666,0.024148940555394516,0.0,0.04039063158106371,0.9093031010336778,0.8980973397517784,0.0,0.7836666666666667,0.5,0.5857496135004707,0.7429486038869005,0.9001475942733304,0
1534,0.07131086898036054,0.0,0.9484098939929329,0.0075987841945288626,0.25,0.2857142857142857,0.0,0.6666666666666666,0.02554296645022114,0.0,0.12136056537930229,0.9839946648882961,0.943916194142893,0.0,0.89,1.0,0.7551259303892384,0.759818154438661,0.7645103784880836,0
1535,0.0,0.0,0.0,0.0075987841945288626,0.15625,0.2857142857142857,0.0,0.6666666666666666,0.024148873889612843,0.0,0.021289482877810073,0.7539179726575524,0.7865245834182621,0.0,0.8163333333333334,0.5,0.48478433554138184,0.682124430207952,0.8794645248745222,0
1536,0.13756436963239604,0.1,0.8671378091872791,0.0075987841945288626,0.1875,0.2857142857142857,0.0,0.6666666666666666,0.024477685594527454,0.0,0.22834654368297114,0.9986662220740247,0.9862053196538382,0.0,0.9873333333333333,1.0,0.6749811528165571,0.8056324895522808,0.9362838262880046,0
1537,0.0,0.0,0.0,0.0075987841945288626,0.15625,0.2857142857142857,0.0,0.6666666666666666,0.02414887388964837,0.0,0.024449533080380337,0.7065688562854284,0.7843696928831274,0.0,0.7873333333333333,0.5,0.4985097801483297,0.7072892921282907,0.9160688041082518,0
1538,0.11064621106462114,0.0,0.0,0.0075987841945288626,0.15625,0.2857142857142857,0.0,0.6666666666666666,0.024148877923076295,0.0,0.02343144975735223,0.8312770923641214,0.8600658376799397,0.0,0.8029999999999999,0.5,0.5666829606852467,0.6759321382966381,0.7851813159080294,0
1539,0.11064621106462114,0.0,0.0,0.0075987841945288626,0.15625,0.2857142857142857,0.0,0.6666666666666666,0.02414905919906063,0.0,0.013854708972522278,0.8799599866622208,0.8697913454356598,0.0,0.8773333333333333,0.5,0.6158007127211185,0.6563094423477565,0.6968181719743943,0
1540,0.1821739130434783,0.1,0.9752650176678446,0.14084507042253525,0.15625,0.2857142857142857,0.0,0.6666666666666666,0.024460862617450285,0.0,0.14701915295850043,0.9983327775925308,0.9628745533794926,0.0,0.978,0.5,0.6361916313029364,0.7977047729875864,0.9592179146722364,0
1541,0.062382297551789145,0.0,0.0,0.0075987841945288626,0.15625,0.2857142857142857,0.0,0.6666666666666666,0.024161907945746686,0.0,0.04401521488663518,0.9076358786262088,0.8876820683661529,0.0,0.868,0.5,0.6600301041114359,0.7215554274421792,0.7830807507729224,0
1542,0.21274563318777295,0.1,0.9915194346289753,0.07936507936507942,0.25,0.7142857142857143,0.0,0.6666666666666666,0.02418329796353924,0.0,0.22445943196775953,0.9969989996665555,0.9191855664779762,0.0,0.9963333333333333,0.5,0.5816001824060745,0.7353944191508153,0.889188655895556,0
1543,0.20753100730286567,0.3,0.9957597173144876,0.0075987841945288626,0.5,0.2857142857142857,0.0,0.6666666666666666,0.029098500723207965,0.3333333333333333,0.5317855753630122,1.0,0.9933848551048656,0.0,0.9896666666666667,1.0,0.7246634649063793,0.7719688181554931,0.819274171404607,0
1544,0.11064621106462114,0.0,0.0,0.0075987841945288626,0.15625,0.2857142857142857,0.0,0.6666666666666666,0.02418816675308544,0.0,0.09116408959587097,0.9429809936645549,0.9207903721820697,0.0,0.8406666666666667,0.5,0.6585000927695406,0.7101032306486486,0.7617063685277564,0
1545,0.062382297551789145,0.0,0.0,0.0075987841945288626,0.15625,0.2857142857142857,0.0,0.6666666666666666,0.024148873889623945,0.0,0.04972422157334622,0.7559186395465155,0.7977763172973762,0.0,0.8116666666666666,0.5,0.49770233717168927,0.6859764723582936,0.874250607544898,0
1546,0.6239412961512288,1.0,0.9992932862190813,0.8964851293935883,0.40625,1.0,0.0,0.6666666666666666,0.9019655102887906,1.0,0.7993913837202398,1.0,0.9974161660301675,0.0036666666666666666,1.0,1.0,0.9160388870814831,0.9361282354170648,0.9562175837526465,0
1547,0.062382297551789145,0.0,0.0,0.0075987841945288626,0.15625,0.2857142857142857,0.0,0.6666666666666666,0.02414892516231315,0.0,0.015655854453568208,0.8329443147715905,0.8104721588765585,0.0,0.8956666666666666,0.5,0.6267766603304312,0.6633184643122906,0.6998602682941499,0
1548,0.0,0.0,0.0,0.0075987841945288626,0.15625,0.2857142857142857,0.0,0.6666666666666666,0.024148873890045275,0.0,0.032655648134891524,0.7162387462487496,0.7826590180282638,0.0,0.8476666666666667,0.5,0.5204738929831418,0.6203936062746813,0.7203133195662209,0
1549,0.3487045537269864,0.4,0.9992932862190813,0.679144385026738,0.46875,0.8571428571428571,0.0,0.6666666666666666,0.25718939157439313,1.0,0.6163173197268903,1.0,0.9953833905690282,0.0003333333333333333,1.0,1.0,0.8036722088052095,0.8500222832000102,0.8963723575948108,0
1550,0.7651162869864786,0.8,0.9992932862190813,0.8964851293935883,0.53125,1.0,0.0,0.6666666666666666,0.8830308360879886,0.5,0.22855679810100848,0.9996665555185061,0.9979716043969484,0.001,0.9996666666666667,1.0,0.887971283868088,0.8889612558392916,0.8899512278104953,0
1551,0.44790933445350634,0.5,0.9985865724381625,0.5964912280701755,0.34375,0.8571428571428571,0.0,0.6666666666666666,0.6354505365824035,0.0,0.36296888582747266,0.9993331110370124,0.9902566951979532,0.0,0.9993333333333333,1.0,0.8627773906533381,0.8863769735024457,0.9099765563515533,0
1552,0.11064621106462114,0.0,0.0,0.0075987841945288626,0.15625,0.2857142857142857,0.0,0.6666666666666666,0.02414903908638799,0.0,0.1234501018667642,0.9536512170723574,0.9263408148833499,0.0,0.7566666666666666,0.5,0.590384233469012,0.7674758086266862,0.9445673837843604,0
1553,0.7459306025990127,0.9,0.9992932862190813,0.8964851293935883,0.5625,1.0,0.0,0.6666666666666666,0.8503606839603697,0.6666666666666666,0.6780943808275444,1.0,0.9988088481824173,0.002,1.0,1.0,0.8857774380437163,0.9220863952557885,0.9583953524678606,0
1554,0.0,0.0,0.0,0.0075987841945288626,0.15625,0.2857142857142857,0.0,0.6666666666666666,0.024148873889684563,0.0,0.050736237687041386,0.7155718572857619,0.7922431227393095,0.0,0.7806666666666666,0.5,0.5016131796403777,0.701776002641632,0.9019388256428863,0
1555,0.062382297551789145,0.0,0.0,0.0075987841945288626,0.15625,0.2857142857142857,0.0,0.6666666666666666,0.024148878288989706,0.0,0.03575769771814741,0.8012670890296766,0.791564432823294,0.0,0.8956666666666666,0.5,0.6047582131563861,0.6495545360838173,0.6943508590112485,0
1556,0.0,0.0,0.0,0.0075987841945288626,0.15625,0.2857142857142857,0.0,0.6666666666666666,0.0241488738896124,0.0,0.050961112689358656,0.6538846282094031,0.6639295340464872,0.0,0.9123333333333333,0.5,0.4354350100336913,0.5718170322585122,0.7081990544833331,0
1557,0.1373542855987826,0.0,0.0,0.0075987841945288626,0.15625,0.2857142857142857,0.0,0.6666666666666666,0.024288285963018907,0.0,0.14222805400999716,0.9709903301100367,0.9468202782722928,0.0,0.907,0.5,0.6579055581324529,0.8178680060362673,0.9778304539400818,0
1558,0.20753100730286567,0.2,0.9957597173144876,0.0075987841945288626,0.5,0.2857142857142857,0.0,0.6666666666666666,0.029649433301479622,0.0,0.21768498351157461,0.9986662220740247,0.9897543585060035,0.0,0.9873333333333333,1.0,0.7248520668468291,0.7767556350930741,0.8286592033393191,0
1559,0.11064621106462114,0.0,0.9469964664310954,0.0075987841945288626,0.15625,0.2857142857142857,0.0,0.6666666666666666,0.024320078138760248,0.0,0.09417643984689417,0.9656552184061353,0.9277863397587278,0.0,0.8983333333333333,1.0,0.6775503868687156,0.6997463720217854,0.7219423571748551,0
1560,0.11064621106462114,0.0,0.0,0.0075987841945288626,0.15625,0.2857142857142857,0.0,0.6666666666666666,0.024148971918757867,0.0,0.0610218250318143,0.871623874624875,0.8898313183725122,0.0,0.771,0.5,0.5843548979972841,0.7312847303345871,0.8782145626718899,0
1561,0.062382297551789145,0.0,0.0,0.0075987841945288626,0.15625,0.2857142857142857,0.0,0.6666666666666666,0.024148873889680122,0.0,0.02828794970863313,0.7089029676558853,0.7720206746602982,0.0,0.8416666666666667,0.5,0.5116485653242518,0.6523582715132397,0.7930679777022274,0
1562,0.0,0.0,0.0,0.0075987841945288626,0.15625,0.2857142857142857,0.0,0.6666666666666666,0.02414887388961262,0.0,0.06230602402576957,0.72324108036012,0.7748921775251068,0.0,0.8243333333333334,0.5,0.4832039128105412,0.6303941027016513,0.7775842925927613,0
1563,0.19518245185086192,0.0,0.9469964664310954,0.0075987841945288626,0.15625,0.2857142857142857,0.0,0.6666666666666666,0.0298418106884194,0.0,0.017394736137650413,0.9913304434811604,0.9707257260596768,0.0,0.9633333333333334,1.0,0.7366042037470619,0.7613582527699086,0.7861123017927554,0
1564,0.7701701395756939,0.8,1.0,0.7424749163879598,0.5,1.0,0.0,0.6666666666666666,0.822263871240748,0.6666666666666666,0.5139139078906712,1.0,0.9977889554505445,0.0003333333333333333,1.0,1.0,0.7973747099634013,0.8058247556702486,0.8142748013770958,0
1565,0.1463108689803605,0.1,0.9929328621908127,0.14084507042253525,0.1875,0.2857142857142857,0.0,0.6666666666666666,0.13871383361405976,0.0,0.4559629856400258,0.9996665555185061,0.9943776209507988,0.0,0.997,1.0,0.7781745892122929,0.8400390529110319,0.9019035166097709,0
1566,0.21274563318777295,0.0,0.976678445229682,0.07936507936507942,0.1875,0.7142857142857143,0.0,0.6666666666666666,0.02415670731729369,0.0,0.1472018847698474,0.9879959986662221,0.8680554118829739,0.0,0.9953333333333333,0.5,0.5724824351512885,0.7410597415457661,0.9096370479402438,0
1567,0.2575310073028656,0.1,0.9901060070671378,0.0075987841945288626,0.46875,0.2857142857142857,0.0,0.6666666666666666,0.03909264214510644,0.0,0.4419336073594873,0.9993331110370124,0.9880976432593064,0.0,0.999,1.0,0.7430867472030495,0.7915422018836374,0.8399976565642254,0
1568,0.34983806933418626,0.4,0.9879858657243816,0.0075987841945288626,0.28125,0.2857142857142857,0.0,0.6666666666666666,0.047038364082575446,0.0,0.16294239756814932,0.9989996665555185,0.9861229200603319,0.0,0.9983333333333333,1.0,0.7560305762705697,0.8384209644719058,0.920811352673242,0
1569,0.062382297551789145,0.0,0.9519434628975265,0.0075987841945288626,0.1875,0.2857142857142857,0.0,0.6666666666666666,0.024148907648810503,0.0,0.13127020632134312,0.9236412137379126,0.7971833229211996,0.0,0.9513333333333334,0.5,0.6029148916584585,0.6550263800650016,0.7071378684715447,0
1570,0.18166893833734843,0.0,0.0,0.0075987841945288626,0.15625,0.2857142857142857,0.0,0.6666666666666666,0.024194621703610864,0.0,0.1642579333036429,0.9523174391463821,0.9310421732555121,0.0,0.8336666666666667,0.5,0.6477771660265896,0.7424997384532148,0.8372223108798399,0
1571,0.5348336638235025,0.5,0.9978798586572438,0.39669421487603307,0.21875,0.5714285714285714,0.0,0.6666666666666666,0.4681749944307637,0.0,0.41631060456569036,0.9993331110370124,0.9933309926773761,0.0,1.0,1.0,0.8167286212451226,0.8555208416555938,0.8943130620660651,0
1572,0.0,0.0,0.0,0.0075987841945288626,0.15625,0.2857142857142857,0.0,0.6666666666666666,0.0241488738896124,0.0,0.020821414981692987,0.7552517505835279,0.7728005881296298,0.0,0.8363333333333334,0.5,0.4637467810014035,0.6826650881482469,0.9015833952950902,0
1573,0.0,0.0,0.0,0.0075987841945288626,0.15625,0.2857142857142857,0.0,0.6666666666666666,0.0241488738896124,0.0,0.019753649525375505,0.7319106368789596,0.7599152123701757,0.0,0.8753333333333333,0.5,0.48484933750412235,0.5915950796113674,0.6983408217186123,0
1574,0.26336360236896894,0.3,0.9971731448763251,0.39669421487603307,0.5,0.5714285714285714,0.0,0.6666666666666666,0.3580271586290864,1.0,0.6432014227847038,1.0,0.9951487097453746,0.0003333333333333333,1.0,1.0,0.8044454108444543,0.8864349907152127,0.9684245705859711,0
1575,0.1994621294845622,0.0,0.9484098939929329,0.0075987841945288626,0.25,0.2857142857142857,0.0,0.6666666666666666,0.027823346894305545,0.0,0.05093065940321784,0.991997332444148,0.9734972472454205,0.0,0.9263333333333333,1.0,0.7304158971471743,0.7973515983842501,0.864287299621326,0
1576,0.0,0.0,0.0,0.0075987841945288626,0.15625,0.2857142857142857,0.0,0.6666666666666666,0.024148873893466316,0.0,0.0006216319512599711,0.7479159719906636,0.816661713588318,0.0,0.76,0.5,0.5209945042254439,0.6903932548388919,0.8597920054523399,0
1577,0.21274563318777295,0.0,0.9915194346289753,0.07936507936507942,0.25,0.7142857142857143,0.0,0.6666666666666666,0.02414921171908302,0.0,0.2502434504737262,0.9946648882960987,0.8766061505957372,0.0,0.9976666666666667,0.5,0.5539556431684488,0.6529881993440375,0.7520207555196262,0
1578,0.7317829536531453,0.8,0.9985865724381625,0.8964851293935883,0.46875,1.0,0.0,0.6666666666666666,0.8900410877847815,1.0,0.8181279885411437,1.0,0.9982912815052851,0.0023333333333333335,1.0,1.0,0.8920937580961085,0.913131841693025,0.9341699252899415,0
1579,0.0,0.0,0.0,0.0075987841945288626,0.15625,0.2857142857142857,0.0,0.6666666666666666,0.0241488738896124,0.0,0.028157998701285436,0.7722574191397132,0.7394208656467787,0.0,0.8823333333333333,0.5,0.4245512681504923,0.6887988917352391,0.953046515319986,0
1580,0.0,0.0,0.0,0.0075987841945288626,0.15625,0.2857142857142857,0.0,0.6666666666666666,0.0241488738896124,0.0,0.04118783393443293,0.7725908636212071,0.7611992637717052,0.0,0.8566666666666667,0.5,0.4430460511729818,0.698735027402186,0.9544240036313902,0
1581,0.062382297551789145,0.0,0.0,0.0075987841945288626,0.15625,0.2857142857142857,0.0,0.6666666666666666,0.02414887389027054,0.0,0.011715873187209569,0.8216072024008003,0.8389740116555686,0.0,0.7763333333333333,0.5,0.5126042723765503,0.7354177497623724,0.9582312271481945,0
1582,0.11064621106462114,0.0,0.0,0.0075987841945288626,0.15625,0.2857142857142857,0.0,0.6666666666666666,0.02414887460142323,0.0,0.03286102478157593,0.782594198066022,0.8316891110417537,0.0,0.8260000000000001,0.5,0.5588955478845237,0.6551051623154152,0.7513147767463065,0
1583,0.07131086898036054,0.0,0.9879858657243816,0.0075987841945288626,0.28125,0.2857142857142857,0.0,0.6666666666666666,0.024432187023636476,0.0,0.166185711522156,0.9656552184061353,0.9033994835463477,0.0,0.9163333333333333,1.0,0.715263252007803,0.7361574040782379,0.7570515561486729,0
1584,0.0,0.0,0.0,0.0075987841945288626,0.15625,0.2857142857142857,0.0,0.6666666666666666,0.024148873892220757,0.0,0.03942357825309273,0.7702567522507502,0.7969548149152099,0.0,0.8686666666666667,0.5,0.5359423467846776,0.6106234099657752,0.6853044731468728,0
1585,0.062382297551789145,0.0,0.0,0.0075987841945288626,0.15625,0.2857142857142857,0.0,0.6666666666666666,0.024148873889726086,0.0,0.018496783385408055,0.7122374124708236,0.7654260889898219,0.0,0.848,0.5,0.51819215836934,0.6392322998350612,0.7602724413007825,0
1586,0.34090949790561487,0.1,0.9802120141342756,0.0075987841945288626,0.28125,0.2857142857142857,0.0,0.6666666666666666,0.04523279355037835,0.0,0.28761230415344796,0.9976658886295432,0.9814306165820221,0.0,0.9973333333333333,1.0,0.7484608342876826,0.8519848740300016,0.9555089137723206,0
1587,0.4518775884217603,0.5,0.9971731448763251,0.5964912280701755,0.5,0.8571428571428571,0.0,0.6666666666666666,0.5233514672683109,0.0,0.3845316286925463,0.9989996665555185,0.9934216507980611,0.0,0.9993333333333333,1.0,0.8299530747916283,0.8962622092634109,0.9625713437351937,0
1588,0.11064621106462114,0.0,0.0,0.0075987841945288626,0.15625,0.2857142857142857,0.0,0.6666666666666666,0.024242016796835242,0.0,0.0455874485279959,0.9646548849616539,0.9402437084870704,0.0,0.8353333333333334,0.5,0.6551888140586843,0.7553782817390794,0.8555677494194744,0
1589,0.18166893833734843,0.0,0.8671378091872791,0.0075987841945288626,0.1875,0.2857142857142857,0.0,0.6666666666666666,0.02516118794451805,0.0,0.23876919291541665,0.9899966655551851,0.9682851404901127,0.0,0.9073333333333333,1.0,0.6947325252232059,0.7585871404492643,0.8224417556753226,0
1590,0.0,0.0,0.0,0.0075987841945288626,0.15625,0.2857142857142857,0.0,0.6666666666666666,0.024148880166653286,0.0,0.052675652198674316,0.8539513171057019,0.8724173263500465,0.0,0.795,0.5,0.5681641141429151,0.6852573607905451,0.8023506074381751,0
1591,0.11064621106462114,0.0,0.0,0.0075987841945288626,0.15625,0.2857142857142857,0.0,0.6666666666666666,0.02415352538337412,0.0,0.0710373929591589,0.9673224408136045,0.9420952102324627,0.0,0.7706666666666666,0.5,0.6200255039936581,0.7951555882545317,0.9702856725154053,0
1592,0.7342513096697197,0.8,0.9992932862190813,0.8964851293935883,0.5,1.0,0.0,0.6666666666666666,0.8440061481277144,1.0,0.81425701374762,1.0,0.998467632998516,0.0016666666666666668,1.0,1.0,0.8526172729638675,0.876440928534785,0.9002645841057023,0
1593,0.062382297551789145,0.0,0.0,0.0075987841945288626,0.15625,0.2857142857142857,0.0,0.6666666666666666,0.024149093789528564,0.0,0.09788148993455925,0.847949316438813,0.836763698318719,0.0,0.8803333333333333,0.5,0.6271232967843305,0.6817339258624644,0.7363445549405984,0
1594,0.5765003304901691,0.6,1.0,0.5964912280701755,0.59375,0.8571428571428571,0.0,0.6666666666666666,0.7426885596831544,0.0,0.3552708533224317,0.9996665555185061,0.993903482985037,0.0006666666666666666,0.9996666666666667,1.0,0.8505696739333072,0.8837753166961597,0.9169809594590123,0
1595,0.11064621106462114,0.0,0.9469964664310954,0.0075987841945288626,0.15625,0.2857142857142857,0.0,0.6666666666666666,0.02417611012938936,0.0,0.08604238414308374,0.9499833277759253,0.8887310910297619,0.0,0.9339999999999999,0.5,0.6335392627834474,0.6803136817206719,0.7270881006578963,0
1596,0.1994621294845622,0.0,0.9484098939929329,0.0075987841945288626,0.25,0.2857142857142857,0.0,0.6666666666666666,0.02589132212704115,0.0,0.13419077398443602,0.9839946648882961,0.9569268586214842,0.0,0.872,1.0,0.7182810138984258,0.7858789050487713,0.853476796199117,0
1597,0.0,0.0,0.0,0.0075987841945288626,0.15625,0.2857142857142857,0.0,0.6666666666666666,0.024148875227808064,0.0,0.052435702107562654,0.7969323107702567,0.8482596116810915,0.0,0.7943333333333333,0.5,0.5553559185825712,0.6953268453058179,0.8352977720290645,0
1598,0.11064621106462114,0.0,0.0,0.0075987841945288626,0.15625,0.2857142857142857,0.0,0.6666666666666666,0.024149095730361725,0.0,0.040361484457608676,0.8779593197732578,0.8937447360611975,0.0,0.7666666666666666,0.5,0.5907759465534411,0.738666054024305,0.8865561614951688,0
1599,0.062382297551789145,0.0,0.0,0.0075987841945288626,0.15625,0.2857142857142857,0.0,0.6666666666666666,0.024149703526812005,0.0,0.037361812532808125,0.8789596532177393,0.8777916039555298,0.0,0.8526666666666667,0.5,0.6194364573240116,0.7172875931167348,0.815138728909458,0
1600,0.44790933445350634,0.6,0.9985865724381625,0.5964912280701755,0.34375,0.8571428571428571,0.0,0.6666666666666666,0.6274869245909395,0.0,0.24540049089140936,0.9993331110370124,0.9899089559291155,0.0,0.9993333333333333,1.0,0.8580279097932599,0.8876520076329384,0.9172761054726167,0
1601,0.605976502040242,0.6,0.9957597173144876,0.679144385026738,0.4375,0.8571428571428571,0.0,0.6666666666666666,0.31908840909898306,1.0,0.6507273105718849,1.0,0.9966545989943993,0.0003333333333333333,1.0,1.0,0.7914036810800474,0.7993929325914984,0.8073821841029494,0
1602,0.897779816116221,1.0,1.0,0.8964851293935883,0.75,1.0,0.0,0.6666666666666666,0.9028557914985612,1.0,0.8968513678778993,1.0,0.9982204275436046,0.006,1.0,1.0,0.818167848443695,0.8752697368961034,0.9323716253485119,0
1603,0.1994621294845622,0.0,0.9484098939929329,0.0075987841945288626,0.25,0.2857142857142857,0.0,0.6666666666666666,0.02606616066020717,0.0,0.1457306479605075,0.9796598866288763,0.9471431198510019,0.0,0.8813333333333333,1.0,0.7278769801399497,0.7790354795634351,0.8301939789869205,0
1604,0.0,0.0,0.0,0.0075987841945288626,0.15625,0.2857142857142857,0.0,0.6666666666666666,0.0241488738896124,0.0,0.02545359555966087,0.6862287429143048,0.7305431858534157,0.0,0.856,0.5,0.4457009561106647,0.6734043357483391,0.9011077153860136,0
1605,0.11064621106462114,0.0,0.8671378091872791,0.0075987841945288626,0.1875,0.2857142857142857,0.0,0.6666666666666666,0.024263669391301645,0.0,0.08740827278314056,0.9513171057019006,0.9203539198997146,0.0,0.872,1.0,0.6844664793359061,0.7070853444398522,0.7297042095437982,0
1606,0.062382297551789145,0.0,0.0,0.0075987841945288626,0.15625,0.2857142857142857,0.0,0.6666666666666666,0.02414889088396366,0.0,0.07369134033846536,0.8232744248082694,0.8429971273541945,0.0,0.8536666666666667,0.5,0.5862900297077376,0.6946389058987641,0.8029877820897907,0
1607,0.0,0.0,0.0,0.0075987841945288626,0.15625,0.2857142857142857,0.0,0.6666666666666666,0.02414887388964959,0.0,0.03987727274506703,0.7205735245081695,0.7817919670795166,0.0,0.8453333333333333,0.5,0.5064878717828077,0.6231521313231534,0.7398163908634992,0
1608,0.6901034861672262,0.9,1.0,0.679144385026738,0.40625,0.8571428571428571,0.0,0.6666666666666666,0.5394400740280916,1.0,0.9107020569267582,1.0,0.9991911936643175,0.001,1.0,1.0,0.8214247099152445,0.8765770997446496,0.9317294895740545,0
1609,0.0,0.0,0.0,0.0075987841945288626,0.15625,0.2857142857142857,0.0,0.6666666666666666,0.024148873889634714,0.0,0.04587875416888043,0.7472490830276759,0.7331540275017527,0.0,0.926,0.0,0.5347502004013588,0.5672729979229487,0.5997957954445385,0
1610,0.0,0.0,0.9674911660777386,0.19696969696969702,0.125,0.42857142857142855,0.0,0.6666666666666666,0.0242559251837845,0.0,0.08443150810927602,0.9903301100366789,0.9065118825798558,0.0,0.9753333333333334,0.5,0.5845840630280178,0.7475428979875609,0.9105017329471039,0
1611,0.13630898943153524,0.1,0.9802120141342756,0.0075987841945288626,0.28125,0.2857142857142857,0.0,0.6666666666666666,0.033998984153272405,0.0,0.12651757457608337,0.9979993331110371,0.9796278340270512,0.0,0.9953333333333333,1.0,0.7282357709908626,0.858663277536482,0.9890907840821014,0
1612,0.13756436963239604,0.0,0.0,0.0075987841945288626,0.15625,0.2857142857142857,0.0,0.6666666666666666,0.024152712208533655,0.0,0.10845918586367564,0.9726575525175059,0.9446429185279459,0.0,0.768,0.5,0.620856050829637,0.772577778880128,0.9242995069306191,0
1613,0.11064621106462114,0.0,0.0,0.0075987841945288626,0.15625,0.2857142857142857,0.0,0.6666666666666666,0.024148897879524345,0.0,0.02960996974743102,0.824274758252751,0.8644510129097984,0.0,0.6943333333333334,0.5,0.5726990606506192,0.7477698407951638,0.9228406209397085,0
1614,0.8096077731054684,0.8,0.9992932862190813,0.8964851293935883,0.5625,1.0,0.0,0.6666666666666666,0.9020587212274124,1.0,0.5930599765188551,1.0,0.9955836176994455,0.0016666666666666668,1.0,1.0,0.8282712791804209,0.9089149115313022,0.9895585438821835,0
1615,0.0,0.0,0.0,0.0075987841945288626,0.15625,0.2857142857142857,0.0,0.6666666666666666,0.024148873979083163,0.0,0.04063029901348425,0.7969323107702567,0.8106284151623737,0.0,0.8746666666666667,0.5,0.5594738031026261,0.6184095282920852,0.6773452534815444,0
1616,0.4218855929493329,0.2,0.9957597173144876,0.14084507042253525,0.21875,0.2857142857142857,0.0,0.6666666666666666,0.1950214679290837,0.0,0.14126479638161726,0.9989996665555185,0.9845492931812334,0.0,0.9986666666666667,1.0,0.7655808017112473,0.8673684883716264,0.9691561750320054,0
1617,0.0,0.0,0.0,0.0075987841945288626,0.15625,0.2857142857142857,0.0,0.6666666666666666,0.0241488738896124,0.0,0.03149009914641698,0.6905635211737245,0.7484613884909826,0.0,0.8426666666666667,0.5,0.4600337934120075,0.649235942952556,0.8384380924931045,0
1618,0.8865700379496777,1.0,1.0,0.8964851293935883,0.59375,1.0,0.0,0.6666666666666666,0.8970528798444751,1.0,0.90401390072899,1.0,0.9990328612357985,0.007,1.0,1.0,0.8112902478345093,0.8536359795727093,0.8959817113109094,0
1619,0.6851060105244206,0.7,0.9985865724381625,0.8964851293935883,0.34375,1.0,0.0,0.6666666666666666,0.8546628462954904,1.0,0.6075405117349271,1.0,0.9969765456460847,0.0003333333333333333,1.0,1.0,0.840089562127773,0.8775650299574904,0.915040497787208,0
1620,0.0,0.0,0.0,0.0075987841945288626,0.15625,0.2857142857142857,0.0,0.6666666666666666,0.024148873890375233,0.0,0.08453297289026418,0.766588862954318,0.7549570145891701,0.0,0.9186666666666666,0.0,0.5497940024549705,0.5818454229998502,0.6138968435447301,0
1621,0.15217391304347827,0.0,0.9752650176678446,0.14084507042253525,0.15625,0.2857142857142857,0.0,0.6666666666666666,0.024179507919894982,0.0,0.12580854826580312,0.9889963321107036,0.8703552003427057,0.0,0.9943333333333333,0.5,0.6543297637565338,0.6741390779232195,0.693948392089905,0
1622,0.09631086898036045,0.1,0.9957597173144876,0.14084507042253525,0.21875,0.2857142857142857,0.0,0.6666666666666666,0.11105554060548062,0.0,0.38120618483811597,0.9986662220740247,0.9869401840174801,0.0,0.997,1.0,0.7686731990407237,0.8373889383087036,0.9061046775766836,0
1623,0.5393098353735755,0.3,0.9964664310954063,0.4782608695652174,0.34375,0.7142857142857143,0.0,0.6666666666666666,0.14324282969566138,0.0,0.32153721340049857,0.9989996665555185,0.9923198674238868,0.0,0.9973333333333333,1.0,0.7386250018432738,0.7847261251233981,0.8308272484035225,0
1624,0.5262139766323867,0.6,0.9985865724381625,0.7424749163879598,0.375,1.0,0.0,0.6666666666666666,0.6876393296954701,0.5,0.5325451135870534,1.0,0.993418570892907,0.0003333333333333333,1.0,1.0,0.741250413821688,0.8000738939652032,0.8588973741087185,0
1625,0.7567829536531452,1.0,1.0,0.8964851293935883,0.5625,1.0,0.0,0.6666666666666666,0.8849227434248164,1.0,0.7884052575093714,1.0,0.9956529413780019,0.005333333333333333,1.0,1.0,0.8645373565351369,0.8828642888644382,0.9011912211937397,0
1626,0.58454730996572,0.7,1.0,0.7424749163879598,0.65625,1.0,0.0,0.6666666666666666,0.6828271025545047,1.0,0.7611731146038858,1.0,0.9973649271513854,0.001,1.0,1.0,0.7394334640112561,0.8694958587014459,0.9995582533916355,0
1627,0.062382297551789145,0.0,0.0,0.0075987841945288626,0.15625,0.2857142857142857,0.0,0.6666666666666666,0.024148873999209397,0.0,0.028167451282789635,0.7595865288429476,0.7750496425489857,0.0,0.8896666666666666,0.5,0.570345736970125,0.6382836299824799,0.7062215229948348,0
1628,0.11064621106462114,0.0,0.0,0.0075987841945288626,0.15625,0.2857142857142857,0.0,0.6666666666666666,0.02415021726073674,0.0,0.0739604644893096,0.9493164388129376,0.9267181214647708,0.0,0.7426666666666666,0.5,0.6075608112220129,0.7917255511479291,0.9758902910738453,0
1629,0.062382297551789145,0.0,0.0,0.0075987841945288626,0.15625,0.2857142857142857,0.0,0.6666666666666666,0.024148873896225664,0.0,0.01797842607649247,0.7389129709903302,0.7545993344987257,0.0,0.8976666666666666,0.5,0.5555551970741134,0.6235849100036144,0.6916146229331153,0
1630,0.24059750976591987,0.0,0.9469964664310954,0.0075987841945288626,0.15625,0.2857142857142857,0.0,0.6666666666666666,0.027262803951002224,0.0,0.2933630254755969,0.9923307769256419,0.9730617260584041,0.0,0.9466666666666667,1.0,0.7418025232567571,0.7423098624322854,0.7428172016078136,0
1631,0.0,0.0,0.0,0.0075987841945288626,0.15625,0.2857142857142857,0.0,0.6666666666666666,0.0241488738896124,0.0,0.04707986534776998,0.6595531843947983,0.679462773163864,0.0,0.9013333333333333,0.5,0.441042986221561,0.5854373679293827,0.7298317496372043,0
1632,0.6643098353735754,0.7,0.9971731448763251,0.679144385026738,0.5625,0.8571428571428571,0.0,0.6666666666666666,0.8149724808680135,0.0,0.4880245771900653,0.9996665555185061,0.9938916221924273,0.0003333333333333333,1.0,1.0,0.8403052035588663,0.8846397035273244,0.9289742034957825,0
1633,0.11064621106462114,0.0,0.0,0.0075987841945288626,0.15625,0.2857142857142857,0.0,0.6666666666666666,0.02415119512137609,0.0,0.05350462286968327,0.9063021007002334,0.9060766406774206,0.0,0.815,0.5,0.6111194653516211,0.770800074686885,0.9304806840221489,0
1634,0.36641005506375923,0.3,0.9964664310954063,0.19696969696969702,0.40625,0.42857142857142855,0.0,0.6666666666666666,0.12564227195004996,1.0,0.5786389001257072,1.0,0.9866854651543515,0.0,0.998,1.0,0.6775688113816338,0.815287145442359,0.9530054795030842,0
1635,0.35086360236896896,0.7,0.9964664310954063,0.5964912280701755,0.5,0.8571428571428571,0.0,0.6666666666666666,0.5440829280392728,0.5,0.2255599573178254,0.9996665555185061,0.9931181755272622,0.0,0.9996666666666667,1.0,0.8220073654151854,0.8761107238021393,0.9302140821890932,0
1636,0.0,0.0,0.0,0.0075987841945288626,0.15625,0.2857142857142857,0.0,0.6666666666666666,0.0241488738896124,0.0,0.022735562171714796,0.7032344114704902,0.724002300782236,0.0,0.9006666666666667,0.5,0.45902232728137654,0.5691159002538325,0.6792094732262886,0
1637,0.062382297551789145,0.0,0.0,0.0075987841945288626,0.15625,0.2857142857142857,0.0,0.6666666666666666,0.024148873898812595,0.0,0.011969867903894649,0.7955985328442814,0.8341402839256591,0.0,0.7556666666666667,0.5,0.5249953362661396,0.7574030451473237,0.9898107540285077,0
1638,0.062382297551789145,0.0,0.0,0.0075987841945288626,0.15625,0.2857142857142857,0.0,0.6666666666666666,0.024148873889835776,0.0,0.0467260815788374,0.7685895298432811,0.7377956971108148,0.0,0.9193333333333333,0.0,0.550703707321863,0.5974917448568361,0.6442797823918092,0
1639,0.27229217379754034,0.1,0.9943462897526502,0.39669421487603307,0.46875,0.5714285714285714,0.0,0.6666666666666666,0.23182175871678912,0.3333333333333333,0.4647987552112345,0.9996665555185061,0.9932288935078128,0.0,0.9983333333333333,1.0,0.7922399329479083,0.8901121801362079,0.9879844273245074,0
1640,0.7357651137072534,0.7,0.9992932862190813,0.7424749163879598,0.46875,1.0,0.0,0.6666666666666666,0.7097532282540399,0.5,0.5643831429689935,1.0,0.995108692293741,0.001,1.0,1.0,0.7800449067746485,0.7887448022087993,0.7974446976429499,0
1641,0.0,0.0,0.0,0.0075987841945288626,0.15625,0.2857142857142857,0.0,0.6666666666666666,0.0241488738896124,0.0,0.041820813621401554,0.6942314104701568,0.673798681402235,0.0,0.9323333333333333,0.0,0.4664888437028192,0.555254481949819,0.6440201201968188,0
1642,0.1373542855987826,0.0,0.0,0.0075987841945288626,0.15625,0.2857142857142857,0.0,0.6666666666666666,0.024250933767329896,0.0,0.03140414059663654,0.9709903301100367,0.9485458104411209,0.0,0.8736666666666667,0.5,0.6532955781830257,0.7943391127975331,0.9353826474120405,0
1643,0.11064621106462114,0.0,0.0,0.0075987841945288626,0.15625,0.2857142857142857,0.0,0.6666666666666666,0.024149616805742014,0.0,0.10838024690947345,0.9503167722574192,0.9277904417947218,0.0,0.746,0.5,0.6024912676220597,0.7841136785351273,0.9657360894481947,0
1644,0.0,0.0,0.0,0.0075987841945288626,0.15625,0.2857142857142857,0.0,0.6666666666666666,0.0241488738896124,0.0,0.039556148395017754,0.6785595198399467,0.6811955589849317,0.0,0.9166666666666666,0.5,0.40860839491857054,0.573042341288026,0.7374762876574815,0
1645,0.6690984470405867,0.7,0.9992932862190813,0.7424749163879598,0.5,1.0,0.0,0.6666666666666666,0.6418112703087903,0.5,0.5676252492837344,1.0,0.9925905600900956,0.0003333333333333333,1.0,1.0,0.7791753298167823,0.7812818007167934,0.7833882716168045,0
1646,0.8608127085209301,0.9,0.9992932862190813,0.8964851293935883,0.65625,1.0,0.0,0.6666666666666666,0.9189613999800322,1.0,0.7010598562903222,1.0,0.9978362151832454,0.0023333333333333335,1.0,1.0,0.8707932305235747,0.92585568476708,0.9809181390105854,0
1647,0.11064621106462114,0.0,0.8671378091872791,0.0075987841945288626,0.1875,0.2857142857142857,0.0,0.6666666666666666,0.02415627459975378,0.0,0.0607293797043289,0.9269756585528509,0.885548917485369,0.0,0.898,0.5,0.6664229023921363,0.6705972868164014,0.6747716712406666,0
1648,0.17518497342947048,0.1,0.8671378091872791,0.0075987841945288626,0.1875,0.2857142857142857,0.0,0.6666666666666666,0.02549148848851346,0.0,0.1488508354904341,0.9989996665555185,0.9869752380313779,0.0,0.9213333333333333,1.0,0.6931269681280954,0.7846177817285087,0.876108595328922,0
1649,0.11064621106462114,0.0,0.0,0.0075987841945288626,0.15625,0.2857142857142857,0.0,0.6666666666666666,0.024165830097872654,0.0,0.07280272181903347,0.9619873291097032,0.9369558745730892,0.0,0.8186666666666667,0.5,0.639937425129521,0.7214612280187785,0.8029850309080361,0
1650,0.48490967907808913,0.6,1.0,0.39669421487603307,0.375,0.5714285714285714,0.0,0.6666666666666666,0.14051051835450656,0.6666666666666666,0.6741148691471565,1.0,0.9959144554820365,0.0006666666666666666,1.0,1.0,0.7805347335777302,0.8290005321237065,0.8774663306696828,0
1651,0.0,0.0,0.0,0.0075987841945288626,0.15625,0.2857142857142857,0.0,0.6666666666666666,0.024148873889612732,0.0,0.01961019701615141,0.6938979659886628,0.7547923656999438,0.0,0.865,0.5,0.4898736090243156,0.6037980084083593,0.717722407792403,0
1652,0.24253026903563568,0.2,0.9978798586572438,0.5964912280701755,0.65625,0.8571428571428571,0.0,0.6666666666666666,0.6275943986591582,0.0,0.4957710751451029,0.9996665555185061,0.9961022915138742,0.0,0.9996666666666667,1.0,0.8325143023005219,0.8997982387756381,0.9670821752507544,0
1653,0.062382297551789145,0.0,0.9802120141342756,0.0075987841945288626,0.21875,0.2857142857142857,0.0,0.6666666666666666,0.024296007835788336,0.0,0.12963997825065332,0.9559853284428143,0.9160138750333485,0.0,0.875,1.0,0.7016084128959825,0.7375734205355744,0.7735384281751664,0
1654,0.34983806933418626,0.2,0.9802120141342756,0.0075987841945288626,0.28125,0.2857142857142857,0.0,0.6666666666666666,0.05278883172222937,0.0,0.33609742335686377,0.9979993331110371,0.9874007836204888,0.0,0.9973333333333333,1.0,0.7553521396363649,0.8537364865909325,0.9521208335455,0
1655,0.11064621106462114,0.0,0.8671378091872791,0.0075987841945288626,0.1875,0.2857142857142857,0.0,0.6666666666666666,0.024324858956957462,0.0,0.01869297251869506,0.966322107369123,0.9386565936241172,0.0,0.8583333333333334,1.0,0.6795252026834562,0.7217014778364832,0.7638777529895101,0
1656,0.18553057739209566,0.1,0.9936395759717315,0.0075987841945288626,0.4375,0.2857142857142857,0.0,0.6666666666666666,0.06774990379126433,0.0,0.2805267488019525,0.9989996665555185,0.9902046876098025,0.0,0.9983333333333333,1.0,0.7563716395962747,0.8489697321368834,0.9415678246774922,0
1657,0.062382297551789145,0.0,0.9816254416961131,0.14084507042253525,0.1875,0.2857142857142857,0.0,0.6666666666666666,0.02414997112417161,0.0,0.11838280507295207,0.9889963321107036,0.8678922589809397,0.0,0.986,0.5,0.5800855174794821,0.7421227495720214,0.9041599816645607,0
1658,0.062382297551789145,0.0,0.0,0.0075987841945288626,0.15625,0.2857142857142857,0.0,0.6666666666666666,0.024153280746874284,0.0,0.030893435622804333,0.9006335445148382,0.8823580460103004,0.0,0.861,0.5,0.6429077422355302,0.718405986333726,0.7939042304319219,0
1659,0.0,0.0,0.0,0.0075987841945288626,0.15625,0.2857142857142857,0.0,0.6666666666666666,0.0241488738896124,0.0,0.04063859670617742,0.6915638546182061,0.6671910221460349,0.0,0.9293333333333333,0.0,0.4567441825611757,0.551646887682783,0.6465495928043904,0
1660,0.7524317803739201,0.7,0.9978798586572438,0.4782608695652174,0.25,0.7142857142857143,0.0,0.6666666666666666,0.4971788250990897,1.0,0.5622221852576734,1.0,0.992412532373602,0.0,1.0,1.0,0.7488721692757274,0.775921175791578,0.8029701823074288,0
1661,0.8109334638756036,0.9,1.0,0.8964851293935883,1.0,1.0,0.0,0.6666666666666666,0.9017545060272059,1.0,0.7005818528355425,1.0,0.9965729362768996,0.0026666666666666666,1.0,1.0,0.8330873282615532,0.8480557911098916,0.86302425395823,0
1662,0.11064621106462114,0.0,0.9469964664310954,0.0075987841945288626,0.15625,0.2857142857142857,0.0,0.6666666666666666,0.02499953600965288,0.0,0.05186844657146972,0.9849949983327776,0.950557697399018,0.0,0.9213333333333333,1.0,0.6692924647863668,0.7191167445707465,0.768941024355126,0
1663,0.062382297551789145,0.0,0.0,0.0075987841945288626,0.15625,0.2857142857142857,0.0,0.6666666666666666,0.024148873889651368,0.0,0.02825569383239057,0.7075691897299099,0.7577608949530529,0.0,0.856,0.5,0.514067975140317,0.6334778999646591,0.7528878247890013,0
1664,0.4494621294845622,0.6,1.0,0.19354838709677424,0.3125,0.8571428571428571,0.0,0.6666666666666666,0.5338026310019687,0.0,0.3951702711038908,0.9996665555185061,0.9910800038800801,0.0,0.9996666666666667,1.0,0.8693410546679372,0.8708345261373791,0.8723279976068211,0
1665,0.062382297551789145,0.0,0.0,0.0075987841945288626,0.15625,0.2857142857142857,0.0,0.6666666666666666,0.0241488740493081,0.0,0.04455633568690287,0.8222740913637879,0.8456358392214438,0.0,0.793,0.5,0.5456678860137091,0.709659340700775,0.8736507953878407,0
1666,0.15217391304347827,0.0,0.9752650176678446,0.14084507042253525,0.15625,0.2857142857142857,0.0,0.6666666666666666,0.02416036100926,0.0,0.14769740170684265,0.9933311103701233,0.8951696307183994,0.0,0.9886666666666667,0.5,0.5956952946404295,0.736544404741281,0.8773935148421326,0
1667,0.0,0.0,0.0,0.0075987841945288626,0.15625,0.2857142857142857,0.0,0.6666666666666666,0.0241488738896124,0.0,0.024894770241254305,0.6858952984328109,0.7056757666144533,0.0,0.8823333333333333,0.5,0.42111366384130366,0.6272469031077041,0.8333801423741045,0
1668,0.29204730996572004,0.1,0.9816254416961131,0.10169491525423724,0.21875,0.5714285714285714,0.0,0.6666666666666666,0.028833269304233577,0.0,0.34961044877837266,0.9979993331110371,0.9853410057725676,0.0,0.919,1.0,0.6887557328955795,0.7432217725885727,0.7976878122815659,0
1669,0.11064621106462114,0.0,0.0,0.0075987841945288626,0.15625,0.2857142857142857,0.0,0.6666666666666666,0.024148928734952446,0.0,0.03002137408126715,0.8726242080693565,0.8838247279648469,0.0,0.7153333333333334,0.5,0.5788815599410636,0.7636404851824992,0.9483994104239347,0
1670,0.11064621106462114,0.0,0.0,0.0075987841945288626,0.15625,0.2857142857142857,0.0,0.6666666666666666,0.024149351953355103,0.0,0.044410116252830534,0.8646215405135045,0.8855475251906979,0.0,0.7726666666666666,0.5,0.5991311723011252,0.7234622453301405,0.8477933183591557,0
1671,0.5547854052038153,0.9,1.0,0.7424749163879598,0.375,1.0,0.0,0.6666666666666666,0.7639383712678087,0.0,0.4480960489288953,0.9996665555185061,0.9933923310639114,0.0,1.0,1.0,0.7456241455486755,0.8283305436109929,0.9110369416733103,0
1672,0.6438472692656794,0.7,0.9964664310954063,0.5964912280701755,0.59375,0.8571428571428571,0.0,0.6666666666666666,0.6867184135604043,0.6666666666666666,0.5477986680806826,1.0,0.9956579691136052,0.0003333333333333333,0.9996666666666667,1.0,0.8432468440149389,0.9172753110649833,0.9913037781150277,0
1673,0.1994621294845622,0.0,0.9484098939929329,0.0075987841945288626,0.25,0.2857142857142857,0.0,0.6666666666666666,0.028026133332408,0.0,0.12366436884918441,0.9906635545181727,0.9661546946467473,0.0,0.8803333333333333,1.0,0.7368153165547566,0.7922214208512104,0.8476275251476642,0
1674,0.062382297551789145,0.0,0.0,0.0075987841945288626,0.15625,0.2857142857142857,0.0,0.6666666666666666,0.024148876384675555,0.0,0.01962765431971203,0.8036012004001334,0.8362218494989409,0.0,0.8276666666666667,0.5,0.5697016268593985,0.692614533155134,0.8155274394508695,0
1675,0.062382297551789145,0.0,0.0,0.0075987841945288626,0.15625,0.2857142857142857,0.0,0.6666666666666666,0.024148886246370238,0.0,0.0529393424674689,0.8639546515505169,0.8067299147304595,0.0,0.913,0.0,0.6298839161822866,0.6477786773322631,0.6656734384822396,0
1676,0.0,0.0,0.0,0.0075987841945288626,0.15625,0.2857142857142857,0.0,0.6666666666666666,0.0241488738896124,0.0,0.024290074419439422,0.6852284094698233,0.7004127264195847,0.0,0.8873333333333333,0.5,0.41673436657528157,0.6248332502991365,0.8329321340229915,0
1677,0.5197746294845622,0.6,0.9964664310954063,0.679144385026738,0.5,0.8571428571428571,0.0,0.6666666666666666,0.8170150767546634,1.0,0.7344970601844991,1.0,0.9970873773565921,0.0003333333333333333,1.0,1.0,0.8502118971242059,0.9213062944663872,0.9924006918085685,0
1678,0.062382297551789145,0.0,0.0,0.0075987841945288626,0.15625,0.2857142857142857,0.0,0.6666666666666666,0.024148896968781752,0.0,0.038737117831123324,0.8539513171057019,0.863393407993729,0.0,0.8166666666666667,0.5,0.5829596451498265,0.7127702440075946,0.8425808428653627,0
1679,0.2703581207765309,0.1,0.9964664310954063,0.10169491525423724,0.28125,0.5714285714285714,0.0,0.6666666666666666,0.05434742762104061,0.0,0.03336105513992971,0.9969989996665555,0.9830588870894076,0.0,0.9973333333333333,1.0,0.7352212981282412,0.771349669467005,0.8074780408057687,0
1680,0.07131086898036054,0.0,0.9484098939929329,0.0075987841945288626,0.25,0.2857142857142857,0.0,0.6666666666666666,0.02416194449989395,0.0,0.07228925707705758,0.9263087695898633,0.8538830740402948,0.0,0.9216666666666666,1.0,0.6819028099654233,0.7010881228105943,0.7202734356557653,0
1681,0.1994621294845622,0.0,0.9484098939929329,0.0075987841945288626,0.25,0.2857142857142857,0.0,0.6666666666666666,0.027972012988726536,0.0,0.053663791700606533,0.9929976658886296,0.9748837641786264,0.0,0.9276666666666666,1.0,0.7308099535098926,0.7983205571263714,0.8658311607428503,0
1682,0.37035812077653085,0.5,1.0,0.5964912280701755,0.5,0.8571428571428571,0.0,0.6666666666666666,0.1375938265963903,1.0,0.5215118853315512,1.0,0.9932429239882905,0.0,1.0,1.0,0.7593855177860952,0.7929872280242825,0.8265889382624697,0
1683,0.0,0.0,0.9674911660777386,0.19696969696969702,0.125,0.42857142857142855,0.0,0.6666666666666666,0.02421021964172798,0.0,0.07785785222755459,0.9889963321107036,0.8983549579222561,0.0,0.976,0.5,0.5788408184759769,0.7417678996747419,0.904694980873507,0
1684,0.25779546281789556,0.1,0.992226148409894,0.19354838709677424,0.28125,0.8571428571428571,0.0,0.6666666666666666,0.1992474778123976,0.0,0.18915530395239866,0.9969989996665555,0.9809915875878662,0.0,0.9976666666666667,1.0,0.8257253842443165,0.8405426477746395,0.8553599113049625,0
1685,0.11064621106462114,0.0,0.8671378091872791,0.0075987841945288626,0.1875,0.2857142857142857,0.0,0.6666666666666666,0.02430592996736569,0.0,0.04504919966239651,0.9646548849616539,0.9381470282061635,0.0,0.858,1.0,0.677388197834269,0.7213219941504401,0.7652557904666113,0
1686,0.13630898943153524,0.0,0.8671378091872791,0.0075987841945288626,0.1875,0.2857142857142857,0.0,0.6666666666666666,0.025807382303048354,0.0,0.1533710422094029,0.9816605535178393,0.9557823933834899,0.0,0.9906666666666667,1.0,0.697514584632998,0.8368775486841933,0.9762405127353887,0
1687,0.11064621106462114,0.0,0.0,0.0075987841945288626,0.15625,0.2857142857142857,0.0,0.6666666666666666,0.02414887414928868,0.0,0.05428278010108123,0.8029343114371457,0.8436828390644783,0.0,0.808,0.5,0.5485252464063176,0.66721515116053,0.7859050559147424,0
1688,0.13756436963239604,0.0,0.8671378091872791,0.0075987841945288626,0.1875,0.2857142857142857,0.0,0.6666666666666666,0.024990784614027595,0.0,0.12446733418731248,0.9943314438146049,0.9751473061376172,0.0,0.991,1.0,0.6878137920991896,0.8218194487235637,0.9558251053479377,0
1689,0.0,0.0,0.0,0.0075987841945288626,0.15625,0.2857142857142857,0.0,0.6666666666666666,0.02414887388986464,0.0,0.03104830470636688,0.7579193064354786,0.7928280382493897,0.0,0.8623333333333334,0.5,0.52075894555775,0.6105406889840801,0.70032243241041,0
1690,0.11064621106462114,0.0,0.9469964664310954,0.0075987841945288626,0.15625,0.2857142857142857,0.0,0.6666666666666666,0.02421623646010107,0.0,0.15935699426019234,0.9643214404801601,0.9023273482812422,0.0,0.9443333333333334,0.5,0.628126242578448,0.6920504984924499,0.7559747544064519,0
1691,0.7250972692656793,0.8,0.9992932862190813,0.8964851293935883,0.375,1.0,0.0,0.6666666666666666,0.8667611421390156,1.0,0.6105705892526363,1.0,0.9986303513631865,0.0006666666666666666,1.0,1.0,0.9189934223149605,0.9368291117257435,0.9546648011365265,0
1692,0.0,0.0,0.0,0.0075987841945288626,0.15625,0.2857142857142857,0.0,0.6666666666666666,0.0241488738896124,0.0,0.046436756800888546,0.7085695231743915,0.7467782816685646,0.0,0.849,0.5,0.4527955087301443,0.6709344990924855,0.8890734894548267,0
1693,0.2703581207765309,0.1,0.9816254416961131,0.10169491525423724,0.21875,0.5714285714285714,0.0,0.6666666666666666,0.03758470806101255,0.3333333333333333,0.3615513818039653,0.9989996665555185,0.9900088090933611,0.0003333333333333333,0.9746666666666667,1.0,0.739263311303791,0.760044631599061,0.780825951894331,0
1694,0.7285034729090273,0.6,0.995053003533569,0.7424749163879598,0.34375,1.0,0.0,0.6666666666666666,0.8118679924400352,0.5,0.33257476919556694,0.9993331110370124,0.9939787101536479,0.002,0.9993333333333333,1.0,0.7625114024312476,0.8184874230333705,0.8744634436354936,0
1695,0.0,0.0,0.0,0.0075987841945288626,0.15625,0.2857142857142857,0.0,0.6666666666666666,0.024148873901501444,0.0,0.01943036609936244,0.7995998666222074,0.7590112526651468,0.0,0.9266666666666666,0.0,0.5780165009411299,0.5864557479591473,0.5948949949771648,0
1696,0.19518245185086192,0.0,0.9469964664310954,0.0075987841945288626,0.15625,0.2857142857142857,0.0,0.6666666666666666,0.029308100920441116,0.0,0.22803851558429766,0.9963321107035679,0.9812248822400311,0.0,0.994,1.0,0.7317197726472874,0.7633179485327568,0.7949161244182261,0
1697,0.8776611984633416,0.8,0.9992932862190813,0.8964851293935883,0.75,1.0,0.0,0.6666666666666666,0.9140041654278384,0.3333333333333333,0.5570658234798282,1.0,0.9985549708887643,0.0006666666666666666,1.0,1.0,0.9825385338740394,0.9901025771074636,0.9976666203408877,0
1698,0.36579730996572,0.3,0.9992932862190813,0.19696969696969702,0.40625,0.42857142857142855,0.0,0.6666666666666666,0.25741016304222764,0.5,0.4603994679281659,0.9996665555185061,0.9915948907434992,0.0,1.0,1.0,0.7251169621073986,0.8134254618140783,0.9017339615207579,0
1699,0.11064621106462114,0.0,0.9674911660777386,0.19696969696969702,0.125,0.42857142857142855,0.0,0.6666666666666666,0.027564483087724856,0.0,0.05212803410722133,0.9893297765921975,0.9496590987256132,0.0,0.9416666666666667,0.5,0.6596818947933146,0.7462630650312206,0.8328442352691267,0
1700,0.6690984470405867,0.5,0.9992932862190813,0.7424749163879598,0.5,1.0,0.0,0.6666666666666666,0.6547526670777026,1.0,0.5410207123850399,1.0,0.9928271750807361,0.0,1.0,1.0,0.7740067849563981,0.7820483513409221,0.7900899177254461,0
1701,0.6643098353735754,0.6,1.0,0.679144385026738,0.625,0.8571428571428571,0.0,0.6666666666666666,0.7531338031681404,1.0,0.7422705129642143,1.0,0.9964501194027543,0.0003333333333333333,1.0,1.0,0.8241607438065427,0.8900255698462918,0.9558903958860407,0
1702,0.11064621106462114,0.0,0.9802120141342756,0.0075987841945288626,0.21875,0.2857142857142857,0.0,0.6666666666666666,0.02437418163453453,0.0,0.11875224303242649,0.9649883294431477,0.9298883923306339,0.0,0.8823333333333333,1.0,0.7036248714535646,0.7084512497975386,0.7132776281415125,0
1703,0.1994621294845622,0.0,0.9519434628975265,0.0075987841945288626,0.1875,0.2857142857142857,0.0,0.6666666666666666,0.025400090169909517,0.0,0.025241336428265093,0.9856618872957652,0.9577443062635972,0.0,0.8683333333333334,1.0,0.7089123711760467,0.7868056972261369,0.8646990232762272,0
1704,0.062382297551789145,0.0,0.0,0.0075987841945288626,0.15625,0.2857142857142857,0.0,0.6666666666666666,0.024148874159892975,0.0,0.027120716355976016,0.776592197399133,0.7710572334780545,0.0,0.9006666666666667,0.5,0.5845986102746786,0.6347821410549197,0.6849656718351607,0
1705,0.12686642453591612,0.0,0.9830388692579506,0.14084507042253525,0.1875,0.2857142857142857,0.0,0.6666666666666666,0.06810149566697177,0.0,0.18836872770192703,0.9966655551850617,0.9726591149255355,0.0,0.9973333333333333,1.0,0.751503106975296,0.8284821324893191,0.9054611580033423,0
1706,0.27229217379754034,0.3,0.9957597173144876,0.39669421487603307,0.3125,0.5714285714285714,0.0,0.6666666666666666,0.11499857007172853,0.0,0.14785301270037599,0.9986662220740247,0.988970539425402,0.0,0.9976666666666667,1.0,0.7722146759544575,0.8712638315483863,0.9703129871423152,0
1707,0.4798961471750224,0.6,0.9971731448763251,0.7424749163879598,0.375,1.0,0.0,0.6666666666666666,0.4283932049352921,0.5,0.6315748829493442,1.0,0.9989556930654494,0.0003333333333333333,0.9993333333333333,1.0,0.7329833650893426,0.8295044407132011,0.9260255163370594,0
1708,0.0,0.0,0.0,0.0075987841945288626,0.15625,0.2857142857142857,0.0,0.6666666666666666,0.0241488738896124,0.0,0.033663999118576315,0.6898966322107369,0.6636161766968847,0.0,0.928,0.0,0.4433046237183084,0.552162630492003,0.6610206372656975,0
1709,0.062382297551789145,0.0,0.0,0.0075987841945288626,0.15625,0.2857142857142857,0.0,0.6666666666666666,0.024152120251941578,0.0,0.07559825573356038,0.9153051017005669,0.8995607755102188,0.0,0.8506666666666667,0.5,0.6300130750651132,0.7329410246146879,0.8358689741642626,0
1710,0.062382297551789145,0.0,0.0,0.0075987841945288626,0.15625,0.2857142857142857,0.0,0.6666666666666666,0.024149163406518626,0.0,0.024817027640544276,0.8572857619206402,0.8253868602654302,0.0,0.894,0.5,0.6444857702927822,0.67430515721319,0.7041245441335978,0
1711,0.1821739130434783,0.0,0.9752650176678446,0.14084507042253525,0.15625,0.2857142857142857,0.0,0.6666666666666666,0.026122709154517865,0.0,0.1720707956215921,0.9946648882960987,0.9208367823137383,0.0,0.9933333333333333,1.0,0.6970455774685059,0.7257297896177252,0.7544140017669444,0
1712,0.1821739130434783,0.0,0.9752650176678446,0.14084507042253525,0.15625,0.2857142857142857,0.0,0.6666666666666666,0.028392356869200053,0.0,0.09945075180801022,0.995998666222074,0.9370111483171248,0.0,0.993,1.0,0.7015995634466008,0.7410333924278262,0.7804672214090516,0
1713,0.0,0.0,0.0,0.0075987841945288626,0.15625,0.2857142857142857,0.0,0.6666666666666666,0.0241488738896124,0.0,0.0623925560231573,0.7049016338779593,0.6926983420022085,0.0,0.9186666666666666,0.5,0.4170450925207989,0.5585046169214922,0.6999641413221857,0
1714,0.6239067930752031,0.7,0.9978798586572438,0.5964912280701755,0.4375,0.8571428571428571,0.0,0.6666666666666666,0.8244045070250234,0.5,0.5056231403212001,1.0,0.9948387337837351,0.0003333333333333333,1.0,1.0,0.8728667554322335,0.9094088777733895,0.9459510001145456,0
1715,0.0,0.0,0.0,0.0075987841945288626,0.15625,0.2857142857142857,0.0,0.6666666666666666,0.024148873889696443,0.0,0.06574080985666486,0.7622540846948983,0.7326843946802262,0.0,0.9313333333333333,0.0,0.5482194431956157,0.5677232246983783,0.5872270062011411,0
1716,0.1994621294845622,0.0,0.9484098939929329,0.0075987841945288626,0.25,0.2857142857142857,0.0,0.6666666666666666,0.0266555947624183,0.0,0.1512415463172626,0.9909969989996665,0.9718383687630806,0.0,0.9196666666666666,1.0,0.720361695197378,0.7964749537251617,0.8725882122529455,0
1717,0.062382297551789145,0.0,0.0,0.0075987841945288626,0.15625,0.2857142857142857,0.0,0.6666666666666666,0.024148874595951275,0.0,0.012711000270588468,0.8379459819939981,0.8557727426382373,0.0,0.7886666666666666,0.5,0.5547695251190106,0.7155121844708555,0.8762548438227005,0
1718,0.39115967907808913,0.3,0.9978798586572438,0.39669421487603307,0.4375,0.5714285714285714,0.0,0.6666666666666666,0.19598122727808243,1.0,0.7158230898603392,1.0,0.9975766868243174,0.0003333333333333333,0.9996666666666667,1.0,0.7947176113894427,0.8223498166422734,0.8499820218951041,0
1719,0.062382297551789145,0.0,0.9816254416961131,0.14084507042253525,0.1875,0.2857142857142857,0.0,0.6666666666666666,0.024149454922938407,0.0,0.12280346987223734,0.9766588862954318,0.83796455338101,0.0,0.978,0.5,0.586928217262127,0.7069134847214174,0.8268987521807076,0
1720,0.8776611984633416,0.8,0.9992932862190813,0.8964851293935883,0.78125,1.0,0.0,0.6666666666666666,0.9126616672926632,0.5,0.5127344088310963,1.0,0.996914535056268,0.0013333333333333333,1.0,1.0,0.9811846494796036,0.9885209568149713,0.9958572641503391,0
1721,0.13553057739209573,0.2,0.9837455830388693,0.0075987841945288626,0.40625,0.2857142857142857,0.0,0.6666666666666666,0.0713442090592008,0.0,0.20077706563255104,0.9973324441480493,0.9818914552039089,0.0,0.997,1.0,0.7587980187810721,0.832923740554837,0.9070494623286018,0
1722,0.11064621106462114,0.0,0.0,0.0075987841945288626,0.15625,0.2857142857142857,0.0,0.6666666666666666,0.024154307568256317,0.0,0.017543530956983466,0.9273091030343448,0.9173013191169332,0.0,0.7906666666666666,0.5,0.6256471488185288,0.7201191075877901,0.8145910663570514,0
1723,0.18166893833734843,0.0,0.8671378091872791,0.0075987841945288626,0.1875,0.2857142857142857,0.0,0.6666666666666666,0.024589032790090837,0.0,0.04590917676730388,0.9813271090363455,0.9531588474508504,0.0,0.8933333333333333,1.0,0.678545519920409,0.7601871194953049,0.841828719070201,0
1724,0.0,0.0,0.0,0.0075987841945288626,0.15625,0.2857142857142857,0.0,0.6666666666666666,0.024148877975922467,0.0,0.03406672770984365,0.8046015338446149,0.8533015366701431,0.0,0.7866666666666666,0.5,0.5619436567990056,0.7070802633155964,0.852216869832187,0
1725,0.1373542855987826,0.0,0.8671378091872791,0.0075987841945288626,0.1875,0.2857142857142857,0.0,0.6666666666666666,0.02461801747884773,0.0,0.06136564723428939,0.9963321107035679,0.9774286231513869,0.0,0.921,1.0,0.6745205814669512,0.8125946618922892,0.9506687423176274,0
1726,0.0,0.0,0.0,0.0075987841945288626,0.15625,0.2857142857142857,0.0,0.6666666666666666,0.0241488738896124,0.0,0.033294531014474216,0.6892297432477492,0.6610625726228745,0.0,0.9283333333333333,0.0,0.4374918064576776,0.5517170631061301,0.6659423197545825,0
1727,0.7807382440252113,0.8,0.9985865724381625,0.7424749163879598,0.75,1.0,0.0,0.6666666666666666,0.8554777857904142,1.0,0.5957925069567598,1.0,0.9935855213356615,0.002,1.0,1.0,0.7736745717754818,0.8541357161956975,0.9345968606159132,0
1728,0.8750360279781677,1.0,1.0,0.8964851293935883,0.75,1.0,0.0,0.6666666666666666,0.9033359298806265,1.0,0.9493060112156385,1.0,0.9994211641221248,0.003,1.0,1.0,0.8438667387468849,0.8493153817475316,0.8547640247481783,0
1729,0.19518245185086192,0.0,0.9519434628975265,0.0075987841945288626,0.1875,0.2857142857142857,0.0,0.6666666666666666,0.02599357092495702,0.0,0.12390913236743906,0.9966655551850617,0.9828126833148517,0.0,0.9266666666666666,1.0,0.7137439383701831,0.749812944522873,0.7858819506755627,0
1730,0.11064621106462114,0.0,0.0,0.0075987841945288626,0.15625,0.2857142857142857,0.0,0.6666666666666666,0.024155596964953396,0.0,0.04368377921456157,0.9196398799599866,0.9135322959401374,0.0,0.789,0.5,0.6272337265913144,0.7240689032647051,0.8209040799380958,0
1731,0.11064621106462114,0.0,0.9519434628975265,0.0075987841945288626,0.1875,0.2857142857142857,0.0,0.6666666666666666,0.0241521203852868,0.0,0.08761278265006833,0.9293097699233077,0.8562584175586471,0.0,0.9390000000000001,0.5,0.6160903582806265,0.6608453055706757,0.7056002528607248,0
1732,0.11064621106462114,0.0,0.0,0.0075987841945288626,0.15625,0.2857142857142857,0.0,0.6666666666666666,0.024148885267565312,0.0,0.028691216207978987,0.812270756918973,0.8464766244339945,0.0,0.832,0.5,0.581070299347062,0.6592953841878415,0.7375204690286209,0
1733,0.4077954628178956,0.4,0.9985865724381625,0.39669421487603307,0.40625,0.5714285714285714,0.0,0.6666666666666666,0.15625759898835356,1.0,0.6580187075187648,1.0,0.9943477069366226,0.0,1.0,1.0,0.8049982259445113,0.849001075028318,0.8930039241121247,0
1734,0.6003313407499195,0.6,0.9957597173144876,0.679144385026738,0.4375,0.8571428571428571,0.0,0.6666666666666666,0.529936708919554,0.0,0.300466557717712,0.9989996665555185,0.9843135591619819,0.0,0.999,1.0,0.8044084644691092,0.8230138964651756,0.8416193284612421,0
1735,0.11064621106462114,0.0,0.0,0.0075987841945288626,0.15625,0.2857142857142857,0.0,0.6666666666666666,0.024182950726630903,0.0,0.09544888864196799,0.9789929976658887,0.9521910229915488,0.0,0.8116666666666666,0.5,0.6413152690542117,0.8143282501258775,0.9873412311975432,0
1736,0.6288377957421997,0.4,0.9978798586572438,0.19696969696969702,0.28125,0.42857142857142855,0.0,0.6666666666666666,0.1230354931295613,0.5,0.7309229865739275,1.0,0.9950163580161335,0.001,0.9996666666666667,1.0,0.6829836597290534,0.7667144548974618,0.8504452500658704,0
1737,0.13947068771518478,0.0,0.8671378091872791,0.0075987841945288626,0.1875,0.2857142857142857,0.0,0.6666666666666666,0.024686623069932634,0.0,0.27601736617942274,0.9906635545181727,0.968410103419933,0.0,0.911,1.0,0.6791770566285273,0.7729026296042242,0.866628202579921,0
1738,0.5765003304901691,0.6,0.9992932862190813,0.5964912280701755,0.625,0.8571428571428571,0.0,0.6666666666666666,0.6967088381685888,0.5,0.4977156544439434,0.9996665555185061,0.9983746834911136,0.0006666666666666666,1.0,1.0,0.8428618293789659,0.8755250736461373,0.9081883179133087,0
1739,0.7400011154195254,0.9,0.9992932862190813,0.8964851293935883,0.6875,1.0,0.0,0.6666666666666666,0.9065131847816118,0.5,0.8401298135898698,1.0,0.9998536846501678,0.0013333333333333333,0.9996666666666667,1.0,0.9022178813313947,0.9281446767526418,0.9540714721738888,0
1740,0.11064621106462114,0.0,0.0,0.0075987841945288626,0.15625,0.2857142857142857,0.0,0.6666666666666666,0.024148968040405228,0.0,0.05327497239079215,0.8409469823274425,0.863537872774748,0.0,0.8366666666666667,0.5,0.5959900943340088,0.6735979485109383,0.7512058026878679,0
1741,0.7367959872143972,0.9,0.9985865724381625,0.8964851293935883,0.65625,1.0,0.0,0.6666666666666666,0.8978531489058084,1.0,0.6279285836643604,1.0,0.9983752227515219,0.001,1.0,1.0,0.9083347676105902,0.9209669663585923,0.9335991651065945,0
1742,0.5515003304901691,0.4,0.9992932862190813,0.39669421487603307,0.59375,0.5714285714285714,0.0,0.6666666666666666,0.40414914907785904,0.3333333333333333,0.46201066736155727,0.9996665555185061,0.994134264043776,0.0,0.9993333333333333,1.0,0.8085376884510719,0.8633772611987394,0.9182168339464067,0
1743,0.11064621106462114,0.0,0.8671378091872791,0.0075987841945288626,0.1875,0.2857142857142857,0.0,0.6666666666666666,0.024150916962089486,0.0,0.057347621236280344,0.9179726575525176,0.8574941545713043,0.0,0.922,0.5,0.6318833826425061,0.6566189923898409,0.6813546021371756,0
1744,0.0,0.0,0.0,0.0075987841945288626,0.15625,0.2857142857142857,0.0,0.6666666666666666,0.0241488738896124,0.0,0.018410852483126905,0.7139046348782927,0.7655051477984796,0.0,0.8280000000000001,0.5,0.46843777983666046,0.6780704194435764,0.8877030590504923,0
1745,0.11064621106462114,0.0,0.8671378091872791,0.0075987841945288626,0.1875,0.2857142857142857,0.0,0.6666666666666666,0.024184600676562917,0.0,0.04117497592828867,0.9503167722574192,0.916065999151708,0.0,0.8823333333333333,1.0,0.6787236202699596,0.6901701983701962,0.701616776470433,0
1746,0.2325310073028657,0.0,0.9901060070671378,0.0075987841945288626,0.46875,0.2857142857142857,0.0,0.6666666666666666,0.05572749388424869,0.0,0.14067750917500887,0.9966655551850617,0.9825263234595695,0.0,0.998,1.0,0.754680550816031,0.809367604716936,0.8640546586178409,0
1747,0.7824290000349101,1.0,1.0,0.8964851293935883,0.8125,1.0,0.0,0.6666666666666666,0.9178303653852152,1.0,0.897731871782888,1.0,0.9992502742470395,0.004,1.0,1.0,0.8801804289955105,0.9303571855229489,0.9805339420503871,0
1748,0.15217391304347827,0.0,0.9752650176678446,0.14084507042253525,0.15625,0.2857142857142857,0.0,0.6666666666666666,0.024196760443763843,0.0,0.20737711739628972,0.9909969989996665,0.8911529514230652,0.0,0.9946666666666667,0.5,0.620203173314464,0.711745350384668,0.803287527454872,0
1749,0.13756436963239604,0.1,0.0,0.0075987841945288626,0.15625,0.2857142857142857,0.0,0.6666666666666666,0.02421480827245337,0.0,0.2417064084481948,0.9973324441480493,0.9771838215684308,0.0,0.806,0.5,0.6533280917725992,0.7910946624218649,0.9288612330711307,0
1750,0.11064621106462114,0.0,0.0,0.0075987841945288626,0.15625,0.2857142857142857,0.0,0.6666666666666666,0.024159619864918325,0.0,0.06963803340642216,0.9243081027009004,0.9090737103870636,0.0,0.8313333333333334,0.5,0.6416033791215933,0.7026794427216891,0.7637555063217851,0
1751,0.0,0.0,0.8671378091872791,0.0075987841945288626,0.1875,0.2857142857142857,0.0,0.6666666666666666,0.024148874488873706,0.0,0.09832315481240439,0.906968989663221,0.7622691564093166,0.0,0.9716666666666667,0.5,0.5362038132142224,0.6090109166593147,0.6818180201044071,0
1752,0.5447746294845621,0.6,0.9985865724381625,0.8964851293935883,0.59375,1.0,0.0,0.6666666666666666,0.8903052842937508,1.0,0.6689487271977751,1.0,0.9972356670428036,0.0003333333333333333,1.0,1.0,0.9050639291868151,0.9467507447486746,0.9884375603105341,0
1753,0.0,0.0,0.9469964664310954,0.0075987841945288626,0.15625,0.2857142857142857,0.0,0.6666666666666666,0.02415148522131294,0.0,0.11050544584677868,0.9539846615538513,0.8555864661596699,0.0,0.9643333333333334,0.5,0.5816821125163008,0.6694259037334023,0.7571696949505037,0
1754,0.7086646740832527,0.9,0.9992932862190813,0.679144385026738,0.5625,0.8571428571428571,0.0,0.6666666666666666,0.7394840795694521,1.0,0.7345307874307316,1.0,0.9964580551430047,0.0016666666666666668,1.0,1.0,0.8328361125198782,0.8378502218836261,0.8428643312473739,0
1755,0.7266345220766618,0.9,0.9978798586572438,0.4782608695652174,0.25,0.7142857142857143,0.0,0.6666666666666666,0.7391253041679087,1.0,0.8601291189591908,1.0,0.9972258621189493,0.002,1.0,1.0,0.7484921316499639,0.8519445817928095,0.9553970319356553,0
1756,0.5393098353735755,0.2,0.9957597173144876,0.4782608695652174,0.25,0.7142857142857143,0.0,0.6666666666666666,0.11907090430778311,0.3333333333333333,0.3367903153836095,0.9996665555185061,0.9928579034350831,0.0003333333333333333,0.9973333333333333,1.0,0.7327702727813493,0.7818328395033489,0.8308954062253485,0
1757,0.062382297551789145,0.0,0.0,0.0075987841945288626,0.15625,0.2857142857142857,0.0,0.6666666666666666,0.024148981299538352,0.0,0.05280314184534329,0.855618539513171,0.8661669206835219,0.0,0.847,0.5,0.5983222456833264,0.7114888437426108,0.8246554418018953,0
1758,0.4284094979056148,0.5,0.9992932862190813,0.39669421487603307,0.34375,0.5714285714285714,0.0,0.6666666666666666,0.09347117078321521,0.75,0.6790370611034913,1.0,0.997391565165277,0.001,0.9996666666666667,1.0,0.7741817692964895,0.86344478094055,0.9527077925846105,0
1759,0.11064621106462114,0.0,0.0,0.0075987841945288626,0.15625,0.2857142857142857,0.0,0.6666666666666666,0.0241519490436356,0.0,0.014567235091540787,0.9176392130710237,0.8884114829493777,0.0,0.885,0.5,0.6507865416818641,0.6694848874580241,0.6881832332341842,0
1760,0.11064621106462114,0.0,0.8671378091872791,0.0075987841945288626,0.1875,0.2857142857142857,0.0,0.6666666666666666,0.02433136787657475,0.0,0.16808643816589186,0.9796598866288763,0.9547427276386125,0.0,0.8240000000000001,1.0,0.673705554080221,0.7317116747319776,0.7897177953837341,0
1761,0.37621397663238676,0.4,0.992226148409894,0.19696969696969702,0.375,0.42857142857142855,0.0,0.6666666666666666,0.4822298678966621,0.5,0.28528482157670065,0.9993331110370124,0.9838885571332933,0.0003333333333333333,0.9993333333333333,1.0,0.7125345825098495,0.8138262518226429,0.9151179211354362,0
1762,0.062382297551789145,0.0,0.0,0.0075987841945288626,0.15625,0.2857142857142857,0.0,0.6666666666666666,0.02414887389002318,0.0,0.03116313691339112,0.7462487495831944,0.8002597876358335,0.0,0.8196666666666667,0.5,0.5158871753542685,0.6784234881800791,0.8409598010058897,0
1763,0.0,0.0,0.9816254416961131,0.10169491525423724,0.21875,0.5714285714285714,0.0,0.6666666666666666,0.024167140629456907,0.0,0.07308859668274592,0.9653217739246416,0.8835464552712462,0.0,0.962,0.5,0.5973440901674576,0.6871459060163609,0.7769477218652644,0
1764,0.062382297551789145,0.0,0.0,0.0075987841945288626,0.15625,0.2857142857142857,0.0,0.6666666666666666,0.024148882194822585,0.0,0.03679990237627928,0.812270756918973,0.8310383758812115,0.0,0.863,0.5,0.5857582652515754,0.6805010599025438,0.7752438545535122,0
1765,0.11064621106462114,0.0,0.0,0.0075987841945288626,0.15625,0.2857142857142857,0.0,0.6666666666666666,0.02414891859829238,0.0,0.07915809841252885,0.8632877625875292,0.8839499363736764,0.0,0.7716666666666667,0.5,0.5780643935985227,0.730527646092141,0.8829908985857595,0
1766,0.8685050162132378,1.0,1.0,0.8964851293935883,0.90625,1.0,0.0,0.6666666666666666,0.9166440499730518,1.0,0.8729091831561504,1.0,0.9989399479202521,0.0026666666666666666,1.0,1.0,0.8530153490862672,0.8880068873611775,0.9229984256360879,0
1767,0.8225749597404004,0.9,1.0,0.7424749163879598,0.46875,1.0,0.0,0.6666666666666666,0.7708407601844887,1.0,0.8987748571441134,1.0,0.9992385250257849,0.001,1.0,1.0,0.7725691307968208,0.8596074873058435,0.946645843814866,0
1768,0.2951824518508619,0.1,0.9519434628975265,0.0075987841945288626,0.1875,0.2857142857142857,0.0,0.6666666666666666,0.025642871735225392,0.0,0.4049824013276503,0.9983327775925308,0.9892426868882632,0.0,0.9056666666666666,1.0,0.7058315038365797,0.7534820334122461,0.8011325629879126,0
1769,0.062382297551789145,0.0,0.8671378091872791,0.0075987841945288626,0.1875,0.2857142857142857,0.0,0.6666666666666666,0.02422694041152995,0.0,0.04479963806475418,0.9363121040346782,0.9109667589079377,0.0,0.8586666666666667,1.0,0.6744016156209837,0.7469604745759174,0.8195193335308512,0
1770,0.8096077731054684,0.8,1.0,0.8964851293935883,0.84375,1.0,0.0,0.6666666666666666,0.8987726286985971,1.0,0.6174713511898487,1.0,0.9959936046992952,0.001,1.0,1.0,0.826658154608121,0.9024762030109882,0.9782942514138554,0
1771,0.11064621106462114,0.0,0.0,0.0075987841945288626,0.15625,0.2857142857142857,0.0,0.6666666666666666,0.024151258950894094,0.0,0.05158673075176645,0.9166388796265422,0.9141335551197232,0.0,0.763,0.5,0.6127077070665685,0.7432885682703945,0.8738694294742203,0
1772,0.32595318035758425,0.2,0.9957597173144876,0.07936507936507942,0.28125,0.7142857142857143,0.0,0.6666666666666666,0.04217243743713239,0.0,0.2914765469848344,0.9979993331110371,0.9592971344177721,0.0,0.9973333333333333,1.0,0.6913977982247482,0.7244296381161499,0.7574614780075516,0
1773,0.0,0.0,0.0,0.0075987841945288626,0.15625,0.2857142857142857,0.0,0.6666666666666666,0.0241488738896124,0.0,0.04218208230246556,0.7102367455818606,0.6938717440873416,0.0,0.9083333333333333,0.5,0.4075995864802899,0.6352476283202139,0.8628956701601379,0
1774,0.8815175094596492,1.0,0.9992932862190813,0.8964851293935883,0.5625,1.0,0.0,0.6666666666666666,0.9160790625893186,1.0,0.8469137494717871,1.0,0.9986160109698052,0.004,1.0,1.0,0.8526300227275954,0.891184457056424,0.9297388913852526,0
1775,0.27229217379754034,0.4,0.9943462897526502,0.39669421487603307,0.46875,0.5714285714285714,0.0,0.6666666666666666,0.2581017290359523,0.5,0.4966302691608473,0.9996665555185061,0.9941079632148144,0.0,0.9996666666666667,1.0,0.7942309896475895,0.8831223288703002,0.9720136680930108,0
1776,0.062382297551789145,0.0,0.0,0.0075987841945288626,0.15625,0.2857142857142857,0.0,0.6666666666666666,0.024153179262241142,0.0,0.05016939937608966,0.9229743247749249,0.9071051387414526,0.0,0.8483333333333334,0.5,0.6313596607566051,0.7387145191519264,0.8460693775472476,0
1777,0.11064621106462114,0.0,0.0,0.0075987841945288626,0.15625,0.2857142857142857,0.0,0.6666666666666666,0.024201643603314005,0.0,0.09186167809865509,0.946648882960987,0.921400197898407,0.0,0.842,0.5,0.6636412065139472,0.710548905558305,0.7574566046026626,0
1778,0.11064621106462114,0.0,0.0,0.0075987841945288626,0.15625,0.2857142857142857,0.0,0.6666666666666666,0.02414887396276877,0.0,0.0494198148606092,0.7849283094364788,0.8310709477908744,0.0,0.8116666666666666,0.5,0.5418558404954448,0.6587309206653504,0.7756060008352561,0
1779,0.062382297551789145,0.0,0.0,0.0075987841945288626,0.15625,0.2857142857142857,0.0,0.6666666666666666,0.024148874205017656,0.0,0.035528402836627615,0.7935978659553184,0.7744908315902905,0.0,0.9066666666666666,0.5,0.5908997307288342,0.631931754509047,0.67296377828926,0
1780,0.11064621106462114,0.0,0.0,0.0075987841945288626,0.15625,0.2857142857142857,0.0,0.6666666666666666,0.024149814004628678,0.0,0.05983876439202207,0.9056352117372457,0.8548763303890192,0.0,0.908,0.0,0.6421554377439793,0.6519384000271884,0.6617213623103976,0
1781,0.11064621106462114,0.0,0.0,0.0075987841945288626,0.15625,0.2857142857142857,0.0,0.6666666666666666,0.0241489193698472,0.0,0.061283130277804965,0.9373124374791597,0.915055349822834,0.0,0.755,0.5,0.5800969571284819,0.7613739256424925,0.9426508941565033,0
1782,0.5993200840300168,0.9,0.9985865724381625,0.8964851293935883,0.59375,1.0,0.0,0.6666666666666666,0.8748883589127698,0.5,0.10955507890222593,0.9996665555185061,0.9956845680246688,0.001,0.9996666666666667,1.0,0.8847828799570068,0.9353542371038398,0.9859255942506728,0
1783,0.11064621106462114,0.0,0.8671378091872791,0.0075987841945288626,0.1875,0.2857142857142857,0.0,0.6666666666666666,0.024212129084363654,0.0,0.06091193688819441,0.9376458819606536,0.9108490418371641,0.0,0.8723333333333333,1.0,0.6772057391300225,0.700897983067386,0.7245902270047496,0
1784,0.11064621106462114,0.0,0.0,0.0075987841945288626,0.15625,0.2857142857142857,0.0,0.6666666666666666,0.024257083211746022,0.0,0.03422510649317245,0.9616538846282094,0.9414118926267996,0.0,0.8696666666666667,0.5,0.6545798328403675,0.7785756062647461,0.9025713796891247,0
1785,0.7679411064388018,0.6,0.9992932862190813,0.4782608695652174,0.40625,0.7142857142857143,0.0,0.6666666666666666,0.6100253085381266,1.0,0.5473863538168608,1.0,0.9945023877235785,0.0003333333333333333,1.0,1.0,0.7371569288257651,0.8639290794626144,0.9907012300994639,0
1786,0.8007724317400066,0.8,0.9992932862190813,0.8964851293935883,0.3125,1.0,0.0,0.6666666666666666,0.8403149071054268,0.5,0.5900612574217932,1.0,0.9947444404557108,0.0006666666666666666,1.0,1.0,0.8006230723042759,0.8617926526642008,0.9229622330241258,0
1787,0.8382724317400065,0.9,0.9992932862190813,0.8964851293935883,0.3125,1.0,0.0,0.6666666666666666,0.8905968922569871,1.0,0.6939595922819178,1.0,0.9947490607187895,0.002,1.0,1.0,0.8478411219782348,0.8854722146357865,0.9231033072933381,0
1788,0.11064621106462114,0.0,0.0,0.0075987841945288626,0.15625,0.2857142857142857,0.0,0.6666666666666666,0.02415256345001815,0.0,0.022271076048003047,0.9163054351450484,0.8775968830419583,0.0,0.8976666666666666,0.0,0.663897311812406,0.665059005571841,0.6662206993312763,0
1789,0.062382297551789145,0.0,0.0,0.0075987841945288626,0.15625,0.2857142857142857,0.0,0.6666666666666666,0.02414900640158968,0.0,0.02775014706021084,0.839946648882961,0.8548931310125651,0.0,0.8553333333333333,0.5,0.6051901788402492,0.70114822879915,0.7971062787580507,0
1790,0.6464660008704047,0.7,1.0,0.7424749163879598,0.5,1.0,0.0,0.6666666666666666,0.5364264420845408,1.0,0.7071316608322011,1.0,0.9944817993329553,0.0013333333333333333,1.0,1.0,0.7450087684853754,0.7756695769012933,0.8063303853172111,0
1791,0.8174149453570851,0.8,1.0,0.8964851293935883,0.59375,1.0,0.0,0.6666666666666666,0.9153134739137617,0.6666666666666666,0.3536817339170467,0.9996665555185061,0.9973334528099802,0.0026666666666666666,0.9996666666666667,1.0,0.8520457350790365,0.9002898652140974,0.9485339953491584,0
1792,0.0,0.0,0.0,0.0075987841945288626,0.15625,0.2857142857142857,0.0,0.6666666666666666,0.02414887388961451,0.0,0.004647269066874404,0.7042347449149717,0.7751893806896984,0.0,0.8006666666666666,0.5,0.48703085374095406,0.7055190358065131,0.9240072178720721,0
1793,0.0,0.0,0.0,0.0075987841945288626,0.15625,0.2857142857142857,0.0,0.6666666666666666,0.024148873889621836,0.0,0.01440284569559902,0.7329109703234411,0.7952309672873769,0.0,0.793,0.5,0.49345019449451977,0.6844534631297536,0.8754567317649874,0
1794,0.0,0.0,0.0,0.0075987841945288626,0.15625,0.2857142857142857,0.0,0.6666666666666666,0.024148873889725198,0.0,0.0493382206026588,0.754918306102034,0.8054823609643265,0.0,0.7933333333333333,0.5,0.5074235643189584,0.6480813870523203,0.7887392097856823,0
1795,0.11064621106462114,0.0,0.9985865724381625,0.10169491525423724,0.3125,0.5714285714285714,0.0,0.6666666666666666,0.024638305606826894,0.0,0.11804648171673482,0.9879959986662221,0.9351149011618652,0.0,0.9476666666666667,0.5,0.6335384749968036,0.7210274317255625,0.8085163884543214,0
1796,0.11064621106462114,0.0,0.0,0.0075987841945288626,0.15625,0.2857142857142857,0.0,0.6666666666666666,0.024148883193656934,0.0,0.007370364524119211,0.8466155385128376,0.8736221963005164,0.0,0.726,0.5,0.5665851237510502,0.7240919872782585,0.8815988508054667,0
1797,0.29204730996572004,0.2,0.9943462897526502,0.19696969696969702,0.25,0.42857142857142855,0.0,0.6666666666666666,0.058505441268240865,0.0,0.15814805254229947,0.9993331110370124,0.9864576485507227,0.0,0.9996666666666667,1.0,0.716885934672064,0.774197534513797,0.8315091343555302,0
1798,0.11064621106462114,0.0,0.0,0.0075987841945288626,0.15625,0.2857142857142857,0.0,0.6666666666666666,0.024149269853333433,0.0,0.02625321418462434,0.9206402134044681,0.9095592309197766,0.0,0.739,0.5,0.5961466861865435,0.7910999585620717,0.9860532309376,0
1799,0.4218855929493329,0.2,0.9830388692579506,0.14084507042253525,0.1875,0.2857142857142857,0.0,0.6666666666666666,0.16234227290985703,0.3333333333333333,0.12395602376474402,0.9989996665555185,0.9850503910324997,0.0,0.9993333333333333,1.0,0.7519894526801295,0.8654740228853316,0.9789585930905337,0
1800,0.17518497342947048,0.1,0.9519434628975265,0.0075987841945288626,0.1875,0.2857142857142857,0.0,0.6666666666666666,0.02725476853928932,0.3333333333333333,0.6624845808739652,1.0,0.9971019302786479,0.0003333333333333333,0.9966666666666667,1.0,0.7073232453130898,0.7944478794920267,0.8815725136709635,0
1801,0.0,0.0,0.0,0.0075987841945288626,0.15625,0.2857142857142857,0.0,0.6666666666666666,0.0241488738896124,0.0,0.007770193084610688,0.6858952984328109,0.7338121758275038,0.0,0.8503333333333334,0.5,0.4495866903276572,0.6762555241351851,0.9029243579427129,0
1802,0.27003100730286567,0.2,0.9957597173144876,0.0075987841945288626,0.5,0.2857142857142857,0.0,0.6666666666666666,0.033328720153510405,0.0,0.3207609543079212,0.9983327775925308,0.9866721187002027,0.0,0.9983333333333333,1.0,0.7308545917425717,0.7924177808979217,0.8539809700532717,0
1803,0.0,0.0,0.0,0.0075987841945288626,0.15625,0.2857142857142857,0.0,0.6666666666666666,0.0241488738896124,0.0,0.03861489632564241,0.6812270756918972,0.6240257671708495,0.0,0.9523333333333334,0.0,0.4165500001765766,0.5234933428066768,0.6304366854367769,0
1804,0.0,0.0,0.0,0.0075987841945288626,0.15625,0.2857142857142857,0.0,0.6666666666666666,0.024148873917146818,0.0,0.028844737703598744,0.7552517505835279,0.8234458006377958,0.0,0.7446666666666666,0.5,0.5303797877410722,0.7155281224114013,0.9006764570817304,0
1805,0.5157664773106492,0.7,0.9992932862190813,0.5964912280701755,0.5625,0.8571428571428571,0.0,0.6666666666666666,0.6685638472152706,1.0,0.8254322619250332,1.0,0.998368806312016,0.001,1.0,1.0,0.8577354203779928,0.895942579418563,0.9341497384591333,0
1806,0.11064621106462114,0.0,0.8671378091872791,0.0075987841945288626,0.1875,0.2857142857142857,0.0,0.6666666666666666,0.024154511045641147,0.0,0.08457876322152014,0.9243081027009004,0.8766688188736724,0.0,0.9036666666666666,0.5,0.6533365862681565,0.666515499008268,0.6796944117483795,0
1807,0.0,0.0,0.0,0.0075987841945288626,0.15625,0.2857142857142857,0.0,0.6666666666666666,0.024148873889942468,0.0,0.006191892370871033,0.7279093031010337,0.8003200752918672,0.0,0.776,0.5,0.5102085760123783,0.6696942132240699,0.8291798504357614,0
1808,0.11064621106462114,0.0,0.0,0.0075987841945288626,0.15625,0.2857142857142857,0.0,0.6666666666666666,0.024148902054938137,0.0,0.029331030205949626,0.8216072024008003,0.8633041894600391,0.0,0.6926666666666667,0.5,0.5739224120917417,0.7461104535381601,0.9182984949845785,0
1809,0.11064621106462114,0.0,0.9802120141342756,0.0075987841945288626,0.21875,0.2857142857142857,0.0,0.6666666666666666,0.02423446366723403,0.0,0.14153994444791052,0.9576525508502834,0.9222462916093727,0.0,0.8923333333333333,1.0,0.6869622294144669,0.6943070498022057,0.7016518701899446,0
1810,0.7947971819626227,0.8,0.9985865724381625,0.7424749163879598,0.28125,1.0,0.0,0.6666666666666666,0.8271942190597656,0.5,0.33568977104372977,0.9996665555185061,0.9956486013368984,0.0003333333333333333,1.0,1.0,0.8005359269284407,0.8673869771934422,0.9342380274584438,0
1811,0.13756436963239604,0.0,0.8671378091872791,0.0075987841945288626,0.1875,0.2857142857142857,0.0,0.6666666666666666,0.025152445104672072,0.0,0.11736036793350468,0.9943314438146049,0.9733825994643365,0.0,0.9923333333333333,1.0,0.6908267132036755,0.8225867824471154,0.9543468516905553,0
1812,0.19518245185086192,0.0,0.9469964664310954,0.0075987841945288626,0.15625,0.2857142857142857,0.0,0.6666666666666666,0.03435097364379813,0.0,0.132391050127024,0.9926642214071357,0.9719923420468729,0.0,0.9943333333333333,1.0,0.7517135789654832,0.7659861247288999,0.7802586704923166,0
1813,0.0,0.0,0.0,0.0075987841945288626,0.15625,0.2857142857142857,0.0,0.6666666666666666,0.02414887389418141,0.0,0.013879938105020972,0.7725908636212071,0.821983871497525,0.0,0.7573333333333333,0.5,0.520795876410726,0.7337921119203257,0.9467883474299255,0
1814,0.11064621106462114,0.0,0.0,0.0075987841945288626,0.15625,0.2857142857142857,0.0,0.6666666666666666,0.024149383912230205,0.0,0.06873965420049577,0.9629876625541848,0.9360513100052952,0.0,0.77,0.5,0.600118264747016,0.7724216796337646,0.9447250945205133,0
1815,0.7947971819626227,0.8,0.9985865724381625,0.7424749163879598,0.28125,1.0,0.0,0.6666666666666666,0.8320892977234405,0.6666666666666666,0.5050456041867191,1.0,0.9978403337909848,0.0013333333333333333,0.9996666666666667,1.0,0.8033886601400961,0.8686634047737584,0.9339381494074206,0
1816,0.062382297551789145,0.0,0.0,0.0075987841945288626,0.15625,0.2857142857142857,0.0,0.6666666666666666,0.024148873889774936,0.0,0.037731669447014005,0.7642547515838612,0.7398497521794722,0.0,0.9166666666666666,0.0,0.5454669340480223,0.5990800022929318,0.6526930705378413,0
1817,0.11064621106462114,0.0,0.0,0.0075987841945288626,0.15625,0.2857142857142857,0.0,0.6666666666666666,0.024149209119191495,0.0,0.03588034693827358,0.8969656552184061,0.8980389697651789,0.0,0.802,0.5,0.6005093341655746,0.6984781015570416,0.7964468689485086,0
1818,0.0,0.0,0.0,0.0075987841945288626,0.15625,0.2857142857142857,0.0,0.6666666666666666,0.024148873889612732,0.0,0.04374597889553966,0.7225741913971324,0.7410370722159854,0.0,0.8976666666666666,0.0,0.5006987881118694,0.5739563455582504,0.6472139030046313,0
1819,0.12686642453591612,0.0,0.9830388692579506,0.14084507042253525,0.1875,0.2857142857142857,0.0,0.6666666666666666,0.08289164032534391,0.0,0.04558057071064736,0.9956652217405801,0.9686045697553979,0.0,0.9973333333333333,1.0,0.7535180222157303,0.8363824118160736,0.919246801416417,0
1820,0.07131086898036054,0.0,0.9696113074204947,0.020408163265306145,0.125,0.42857142857142855,0.0,0.6666666666666666,0.024923059091646826,0.0,0.09140413835988725,0.9799933311103701,0.9196668893994834,0.0,0.922,1.0,0.7143895520811278,0.7509475159073217,0.7875054797335156,0
1821,0.7357651137072534,0.6,0.9992932862190813,0.7424749163879598,0.46875,1.0,0.0,0.6666666666666666,0.6655346740864526,1.0,0.7265877633960316,1.0,0.997622848531502,0.001,1.0,1.0,0.7707962139068252,0.7853381411611933,0.7998800684155613,0
1822,0.11064621106462114,0.0,0.0,0.0075987841945288626,0.15625,0.2857142857142857,0.0,0.6666666666666666,0.024155964459254498,0.0,0.05674276173002846,0.9509836612204068,0.9304214005389153,0.0,0.768,0.5,0.6234249629480241,0.8095464235742116,0.995667884200399,0
1823,0.11064621106462114,0.0,0.0,0.0075987841945288626,0.15625,0.2857142857142857,0.0,0.6666666666666666,0.024168079139465948,0.0,0.06509025769634424,0.9506502167389129,0.9328058427688678,0.0,0.8546666666666667,0.5,0.6331328624476303,0.7868536427972747,0.940574423146919,0
1824,0.38279546281789556,0.3,1.0,0.19354838709677424,0.3125,0.8571428571428571,0.0,0.6666666666666666,0.10014447661464132,0.5,0.5024277803649297,1.0,0.9901289685392808,0.0003333333333333333,0.9996666666666667,1.0,0.8037180932566484,0.8249503114353215,0.8461825296139945,0
1825,0.40746397663238665,0.4,0.9985865724381625,0.19696969696969702,0.3125,0.42857142857142855,0.0,0.6666666666666666,0.0585954401779748,0.0,0.41293530611808305,0.9993331110370124,0.9862863145602131,0.0,0.9966666666666667,1.0,0.6995380234571872,0.7788000192644194,0.8580620150716517,0
1826,0.0,0.0,0.9519434628975265,0.0075987841945288626,0.1875,0.2857142857142857,0.0,0.6666666666666666,0.02414888644381652,0.0,0.08827362072601286,0.9236412137379126,0.7889969479210401,0.0,0.97,0.5,0.5484247689040762,0.6291792185185047,0.7099336681329331,0
1827,0.062382297551789145,0.0,0.0,0.0075987841945288626,0.15625,0.2857142857142857,0.0,0.6666666666666666,0.02414887428562451,0.0,0.03643532755615986,0.8642880960320107,0.8691284733779091,0.0,0.7793333333333333,0.5,0.5487021345071839,0.7315588661574588,0.9144155978077337,0
1828,0.19518245185086192,0.0,0.9802120141342756,0.0075987841945288626,0.21875,0.2857142857142857,0.0,0.6666666666666666,0.025230421532477787,0.0,0.13670960018194722,0.9956652217405801,0.9800565898593798,0.0,0.9026666666666667,1.0,0.70176712132394,0.7477695681290871,0.7937720149342342,0
1829,0.0,0.1,0.9674911660777386,0.19696969696969702,0.125,0.42857142857142855,0.0,0.6666666666666666,0.025629046394999522,0.0,0.3238068853908347,0.9979993331110371,0.9487270381670526,0.0,0.996,0.5,0.6370403203319402,0.6923163267692318,0.7475923332065234,0
1830,0.11064621106462114,0.0,0.0,0.0075987841945288626,0.15625,0.2857142857142857,0.0,0.6666666666666666,0.024148888872500995,0.0,0.04555288639683053,0.8246082027342447,0.8620956801694661,0.0,0.7203333333333333,0.5,0.5694859344849502,0.7730297750941288,0.9765736157033076,0
1831,0.11064621106462114,0.0,0.0,0.0075987841945288626,0.15625,0.2857142857142857,0.0,0.6666666666666666,0.02415259232497935,0.0,0.01863097922888457,0.895298432810937,0.9002697784846332,0.0,0.7993333333333333,0.5,0.6159427001214097,0.764065047010398,0.9121873938993862,0
1832,0.0,0.0,0.0,0.0075987841945288626,0.15625,0.2857142857142857,0.0,0.6666666666666666,0.02414898293895229,0.0,0.04344021500117179,0.8732910970323441,0.8427379359540134,0.0,0.9,0.0,0.6286327950335008,0.6409056668017838,0.653178538570067,0
1833,0.11064621106462114,0.0,0.0,0.0075987841945288626,0.15625,0.2857142857142857,0.0,0.6666666666666666,0.02414889693276545,0.0,0.05649256183976237,0.9286428809603201,0.910513829198912,0.0,0.7583333333333333,0.5,0.574666543763991,0.7614479913160206,0.9482294388680502,0
1834,0.11064621106462114,0.0,0.0,0.0075987841945288626,0.15625,0.2857142857142857,0.0,0.6666666666666666,0.024148874066945658,0.0,0.023806600797803612,0.7812604201400467,0.833819540453743,0.0,0.7326666666666667,0.5,0.540832893513119,0.7607145777369465,0.980596261960774,0
1835,0.6123409173633501,0.9,1.0,0.8964851293935883,0.71875,1.0,0.0,0.6666666666666666,0.8915799628611076,1.0,0.7776082809929069,1.0,0.997666142595752,0.0023333333333333335,1.0,1.0,0.9186468177895771,0.9538277145529028,0.9890086113162286,0
1836,0.6762145972783373,1.0,1.0,0.679144385026738,0.46875,0.8571428571428571,0.0,0.6666666666666666,0.6477592998814592,1.0,0.8716947928564855,1.0,0.997183334057761,0.002,1.0,1.0,0.8045391015910925,0.8733554207427258,0.942171739894359,0
1837,0.11064621106462114,0.0,0.0,0.0075987841945288626,0.15625,0.2857142857142857,0.0,0.6666666666666666,0.024153667840330684,0.0,0.043768111944744836,0.9369789929976658,0.9225024376119405,0.0,0.802,0.5,0.626241472389218,0.7127341527444191,0.7992268330996201,0
1838,0.062382297551789145,0.0,0.0,0.0075987841945288626,0.15625,0.2857142857142857,0.0,0.6666666666666666,0.024148896426819055,0.0,0.006940095748978692,0.8189396465488497,0.8057676317440575,0.0,0.8936666666666666,0.5,0.6169873683825261,0.6597644203963596,0.7025414724101932,0
1839,0.07131086898036054,0.1,0.9816254416961131,0.14084507042253525,0.1875,0.2857142857142857,0.0,0.6666666666666666,0.02919749129806759,0.0,0.21596232299759266,0.9976658886295432,0.9640189813370176,0.0,0.9826666666666667,1.0,0.6875405639015018,0.8319178115444741,0.9762950591874463,0
1840,0.062382297551789145,0.0,0.0,0.0075987841945288626,0.15625,0.2857142857142857,0.0,0.6666666666666666,0.02416960078861452,0.0,0.04772451564005109,0.9143047682560854,0.8922295949084508,0.0,0.869,0.5,0.6665697544667736,0.7246765495274836,0.7827833445881937,0
1841,0.13756436963239604,0.0,0.0,0.0075987841945288626,0.15625,0.2857142857142857,0.0,0.6666666666666666,0.02415792489366353,0.0,0.14055857700636532,0.9779926642214072,0.9494365603316947,0.0,0.7953333333333333,0.5,0.6306592592161091,0.7737764452361305,0.916893631256152,0
1842,0.0,0.0,0.0,0.0075987841945288626,0.15625,0.2857142857142857,0.0,0.6666666666666666,0.0241488738896124,0.0,0.019894666155654273,0.721240413471157,0.7395347293796005,0.0,0.855,0.5,0.4449184792706609,0.7211225440749968,0.9973266088793327,0
1843,0.13630898943153524,0.0,0.9802120141342756,0.0075987841945288626,0.28125,0.2857142857142857,0.0,0.6666666666666666,0.029852858544130667,0.0,0.11203140999251104,0.9899966655551851,0.963589880780204,0.0,0.9923333333333333,1.0,0.7184963894442985,0.8577707254230478,0.9970450614017972,0
1844,0.0,0.0,0.0,0.0075987841945288626,0.15625,0.2857142857142857,0.0,0.6666666666666666,0.02414887389116871,0.0,0.01927716962612669,0.7465821940646882,0.8122269438459182,0.0,0.7636666666666667,0.5,0.5157753924622795,0.7053013379712446,0.8948272834802097,0
1845,0.773311554979965,0.9,1.0,0.8964851293935883,0.75,1.0,0.0,0.6666666666666666,0.9039055149114253,1.0,0.584141476331127,1.0,0.9972189147777852,0.0023333333333333335,1.0,1.0,0.892128358001074,0.9215265112829069,0.9509246645647397,0
1846,0.11064621106462114,0.0,0.0,0.0075987841945288626,0.15625,0.2857142857142857,0.0,0.6666666666666666,0.024148992062977825,0.0,0.03571068997295601,0.8782927642547516,0.8884717246092364,0.0,0.7103333333333333,0.5,0.5849058568154849,0.7652495420777894,0.945593227340094,0
1847,0.11064621106462114,0.0,0.0,0.0075987841945288626,0.15625,0.2857142857142857,0.0,0.6666666666666666,0.024149634258539332,0.0,0.030977857544988607,0.8976325441813938,0.8962943481935548,0.0,0.8093333333333333,0.5,0.6100186603026491,0.6959947165550657,0.7819707728074824,0
1848,0.0,0.0,0.0,0.0075987841945288626,0.15625,0.2857142857142857,0.0,0.6666666666666666,0.02414887388961373,0.0,0.07805274187766331,0.8026008669556519,0.8146778534925688,0.0,0.8069999999999999,0.5,0.4865770079551791,0.7139958803734363,0.9414147527916936,0
1849,0.11064621106462114,0.0,0.0,0.0075987841945288626,0.15625,0.2857142857142857,0.0,0.6666666666666666,0.02415205013677535,0.0,0.05249067560322673,0.9269756585528509,0.9168928972073386,0.0,0.8466666666666667,0.5,0.6142545580557309,0.7859106098644002,0.9575666616730695,0
1850,0.11064621106462114,0.0,0.0,0.0075987841945288626,0.15625,0.2857142857142857,0.0,0.6666666666666666,0.024148929843203826,0.0,0.059327321479032746,0.8416138712904302,0.8732170496323953,0.0,0.6853333333333333,0.5,0.5790461750581812,0.7533108727952602,0.9275755705323392,0
1851,0.1994621294845622,0.0,0.9484098939929329,0.0075987841945288626,0.25,0.2857142857142857,0.0,0.6666666666666666,0.02561349113841116,0.0,0.05730059249444874,0.9813271090363455,0.950153141080201,0.0,0.875,1.0,0.7174503068326425,0.7810969869182858,0.8447436670039289,0
1852,0.18553057739209566,0.1,0.9837455830388693,0.0075987841945288626,0.40625,0.2857142857142857,0.0,0.6666666666666666,0.0650354647105047,0.0,0.07687827771175348,0.9993331110370124,0.9943622386685446,0.0,0.998,1.0,0.7550859241364104,0.8446924899574025,0.9342990557783947,0
1853,0.8766742046163444,1.0,1.0,0.8964851293935883,0.8125,1.0,0.0,0.6666666666666666,0.9173616614258058,1.0,0.8853809001310231,1.0,0.998530890839195,0.005,1.0,1.0,0.8680340264407665,0.8786347880792693,0.8892355497177721,0
1854,0.5547854052038153,0.9,1.0,0.7424749163879598,0.59375,1.0,0.0,0.6666666666666666,0.7828638083359325,0.6666666666666666,0.6587661545876855,1.0,0.9972060868829415,0.0033333333333333335,0.9996666666666667,1.0,0.7493575309289436,0.833542808578017,0.9177280862270902,0
1855,0.07131086898036054,0.0,0.9816254416961131,0.14084507042253525,0.1875,0.2857142857142857,0.0,0.6666666666666666,0.024437015970614318,0.0,0.10627113009256184,0.9909969989996665,0.9290748234108863,0.0,0.951,0.5,0.6592268997690223,0.75958231108631,0.8599377224035979,0
1856,0.062382297551789145,0.0,0.0,0.0075987841945288626,0.15625,0.2857142857142857,0.0,0.6666666666666666,0.024148873890506573,0.0,0.011853457552936875,0.8216072024008003,0.8405608575105528,0.0,0.7736666666666667,0.5,0.5140602677505156,0.73615450049507,0.9582487332396245,0
1857,0.062382297551789145,0.0,0.0,0.0075987841945288626,0.15625,0.2857142857142857,0.0,0.6666666666666666,0.024149531018379577,0.0,0.04329633144313749,0.8672890963654551,0.8596874909578486,0.0,0.868,0.5,0.6284198603145196,0.6983043216023576,0.7681887828901955,0
1858,0.3759531803575843,0.0,0.9943462897526502,0.19696969696969702,0.1875,0.42857142857142855,0.0,0.6666666666666666,0.027330711582364442,0.0,0.30721048929580075,0.9966655551850617,0.9478225242267508,0.0,0.9956666666666667,1.0,0.6872165130154017,0.694603329788196,0.7019901465609902,0
1859,0.19518245185086192,0.0,0.8671378091872791,0.0075987841945288626,0.1875,0.2857142857142857,0.0,0.6666666666666666,0.024866515074954187,0.0,0.10945419268903722,0.9879959986662221,0.9648015060579901,0.0,0.9176666666666666,1.0,0.6986421472357713,0.7383843593721187,0.778126571508466,0
1860,0.8516742046163444,0.9,1.0,0.8964851293935883,0.75,1.0,0.0,0.6666666666666666,0.9136071123282093,1.0,0.6331497984443667,1.0,0.9977441262520014,0.003,1.0,1.0,0.8476618273774276,0.872904905131642,0.8981479828858563,0
1861,0.062382297551789145,0.0,0.0,0.0075987841945288626,0.15625,0.2857142857142857,0.0,0.6666666666666666,0.024148880729891076,0.0,0.0055171619660506765,0.8172724241413805,0.8410740111236605,0.0,0.852,0.5,0.5776842668421854,0.6948460668751456,0.8120078669081058,0
1862,0.13630898943153524,0.0,0.9802120141342756,0.0075987841945288626,0.21875,0.2857142857142857,0.0,0.6666666666666666,0.026101135792645502,0.0,0.14555794801590372,0.9859953317772591,0.9609137310978646,0.0,0.9913333333333333,1.0,0.7010079681518815,0.8343509803250925,0.9676939924983035,0
1863,0.0,0.0,0.0,0.0075987841945288626,0.15625,0.2857142857142857,0.0,0.6666666666666666,0.02414887388976883,0.0,0.05452943025834833,0.800266755585195,0.7181262703805522,0.0,0.9563333333333334,0.0,0.547048761340573,0.562985936536639,0.5789231117327049,0
1864,0.0,0.0,0.0,0.0075987841945288626,0.15625,0.2857142857142857,0.0,0.6666666666666666,0.024148873899088596,0.0,0.019409254375811424,0.7949316438812938,0.7588084072029275,0.0,0.927,0.0,0.5751310352413483,0.5860324114016833,0.5969337875620183,0
1865,0.062382297551789145,0.0,0.0,0.0075987841945288626,0.15625,0.2857142857142857,0.0,0.6666666666666666,0.024153925998319448,0.0,0.11500360598952297,0.9619873291097032,0.9361379557124266,0.0,0.798,0.5,0.6257396048470105,0.7638033762223497,0.9018671475976888,0
1866,0.0,0.0,0.0,0.0075987841945288626,0.15625,0.2857142857142857,0.0,0.6666666666666666,0.024148916059018255,0.0,0.029337536774254103,0.8592864288096032,0.8781937519392187,0.0,0.7873333333333333,0.5,0.581380139706766,0.6976885265871824,0.8139969134675988,0
1867,0.062382297551789145,0.0,0.0,0.0075987841945288626,0.15625,0.2857142857142857,0.0,0.6666666666666666,0.024148912648981224,0.0,0.042579560357555946,0.8962987662554185,0.8898903033943926,0.0,0.7866666666666666,0.5,0.5821168985461266,0.7367515065846469,0.8913861146231673,0
1868,0.0,0.0,0.0,0.0075987841945288626,0.15625,0.2857142857142857,0.0,0.6666666666666666,0.024148873889990985,0.0,0.013858188712330799,0.7545848616205402,0.773584979490061,0.0,0.8903333333333333,0.0,0.5316848642490095,0.5944793028083759,0.6572737413677422,0
1869,0.7250972692656793,0.8,0.9985865724381625,0.8964851293935883,0.34375,1.0,0.0,0.6666666666666666,0.8638219104494903,1.0,0.5984269675321441,1.0,0.9985577035498581,0.0016666666666666668,1.0,1.0,0.9158482669364316,0.9357811898872972,0.9557141128381629,0
1870,0.1994621294845622,0.0,0.9484098939929329,0.0075987841945288626,0.25,0.2857142857142857,0.0,0.6666666666666666,0.028752219256869882,0.0,0.15341833221091605,0.9963321107035679,0.978654805945376,0.0,0.9823333333333333,1.0,0.7342594984714755,0.8009102592201323,0.867561019968789,0
1871,0.11064621106462114,0.0,0.0,0.0075987841945288626,0.15625,0.2857142857142857,0.0,0.6666666666666666,0.024149557843084035,0.0,0.05519648228792984,0.9213071023674558,0.9109993254544162,0.0,0.7356666666666667,0.5,0.6008162990953653,0.7961382323312347,0.9914601655671043,0
1872,0.11064621106462114,0.0,0.0,0.0075987841945288626,0.15625,0.2857142857142857,0.0,0.6666666666666666,0.024149979829039103,0.0,0.0828336750495614,0.9176392130710237,0.9099449312285136,0.0,0.7416666666666667,0.5,0.6049546136580523,0.8023466718757426,0.9997387300934331,0
1873,0.5327954628178955,0.9,1.0,0.8964851293935883,0.875,1.0,0.0,0.6666666666666666,0.840998847899529,1.0,0.6669271018667756,1.0,0.9949614921847384,0.001,1.0,1.0,0.9047691868314257,0.9187768512346882,0.9327845156379507,0
1874,0.07131086898036054,0.0,0.9816254416961131,0.14084507042253525,0.1875,0.2857142857142857,0.0,0.6666666666666666,0.02706256420555453,0.0,0.21392582634766166,0.9956652217405801,0.9486371392745094,0.0,0.929,1.0,0.7088314430126963,0.7793983878388447,0.8499653326649932,0
1875,0.0,0.0,0.0,0.0075987841945288626,0.15625,0.2857142857142857,0.0,0.6666666666666666,0.02414887389107323,0.0,0.011888783654047441,0.7725908636212071,0.8201164690985179,0.0,0.8180000000000001,0.5,0.5192534250631526,0.656512259401315,0.7937710937394773,0
1876,0.11064621106462114,0.0,0.0,0.0075987841945288626,0.15625,0.2857142857142857,0.0,0.6666666666666666,0.024151526927416178,0.0,0.029408695153873565,0.9133044348116038,0.880301294099176,0.0,0.8903333333333333,0.5,0.6551963702110498,0.6652529604145367,0.6753095506180237,0
1877,0.062382297551789145,0.0,0.8671378091872791,0.0075987841945288626,0.1875,0.2857142857142857,0.0,0.6666666666666666,0.024150832970943892,0.0,0.06039628524769536,0.8836278759586529,0.8433661084695704,0.0,0.899,1.0,0.667433540806899,0.6878058575013323,0.7081781741957656,0
1878,0.062382297551789145,0.0,0.0,0.0075987841945288626,0.15625,0.2857142857142857,0.0,0.6666666666666666,0.024160407750879798,0.0,0.034654205013129435,0.920973657885962,0.9008858462928544,0.0,0.8576666666666667,0.5,0.6496319861332979,0.7317059621677118,0.8137799382021256,0
1879,0.062382297551789145,0.0,0.0,0.0075987841945288626,0.15625,0.2857142857142857,0.0,0.6666666666666666,0.024148873889676015,0.0,0.049564932614127644,0.7345781927309103,0.7954156106404058,0.0,0.7846666666666666,0.5,0.5011468711199141,0.7444376125780179,0.9877283540361217,0
1880,0.0,0.0,0.0,0.0075987841945288626,0.15625,0.2857142857142857,0.0,0.6666666666666666,0.02414887389053655,0.0,0.01891258845049737,0.7409136378792931,0.8090834702994915,0.0,0.7676666666666667,0.5,0.5132667972243359,0.7043998425609597,0.8955328878975833,0
1881,0.11064621106462114,0.0,0.0,0.0075987841945288626,0.15625,0.2857142857142857,0.0,0.6666666666666666,0.02414946275876595,0.0,0.04074458274109172,0.8936312104034678,0.8609986732664306,0.0,0.8956666666666666,0.0,0.6427601064892473,0.6529034158829545,0.6630467252766616,0
1882,0.6509179763363864,0.7,0.9978798586572438,0.8964851293935883,0.4375,1.0,0.0,0.6666666666666666,0.8150513328041696,0.5,0.5469153150223008,1.0,0.9978369769855033,0.0016666666666666668,1.0,1.0,0.8616513364898458,0.8718780899670036,0.8821048434441613,0
1883,0.11064621106462114,0.0,0.0,0.0075987841945288626,0.15625,0.2857142857142857,0.0,0.6666666666666666,0.02414889355948313,0.0,0.029474468196960535,0.8056018672890963,0.8409306665804855,0.0,0.8483333333333334,0.5,0.5888724215319269,0.6548288603647965,0.720785299197666,0
1884,0.11064621106462114,0.0,0.0,0.0075987841945288626,0.15625,0.2857142857142857,0.0,0.6666666666666666,0.02414986274631592,0.0,0.08045905443109935,0.9016338779593198,0.8602086422947146,0.0,0.9023333333333333,0.0,0.6525732558347007,0.6539700950602331,0.6553669342857654,0
1885,0.2943063009747111,0.2,0.992226148409894,0.10169491525423724,0.28125,0.5714285714285714,0.0,0.6666666666666666,0.06589175806327807,0.0,0.22685543086703408,0.9993331110370124,0.990046559104418,0.0,0.998,1.0,0.7800826082342763,0.7859178990868363,0.7917531899393961,0
1886,0.0,0.0,0.0,0.0075987841945288626,0.15625,0.2857142857142857,0.0,0.6666666666666666,0.0241488738896124,0.0,0.03510934098412277,0.7119039679893298,0.7557095948554178,0.0,0.8443333333333334,0.5,0.46371959430913334,0.6216618700277382,0.7796041457463431,0
1887,0.1994621294845622,0.0,0.9484098939929329,0.0075987841945288626,0.25,0.2857142857142857,0.0,0.6666666666666666,0.02536759983309933,0.0,0.0773401108127616,0.9713237745915305,0.9377411395207297,0.0,0.8626666666666667,1.0,0.7207433697548568,0.7724427393262518,0.8241421088976469,0
1888,0.44790933445350634,0.8,0.9992932862190813,0.8964851293935883,0.53125,1.0,0.0,0.6666666666666666,0.7530308836623056,1.0,0.7906188787601959,1.0,0.9966606158783794,0.001,1.0,1.0,0.8769446069110689,0.9038347842623788,0.9307249616136888,0
1889,0.19059750976591983,0.0,0.9519434628975265,0.0075987841945288626,0.1875,0.2857142857142857,0.0,0.6666666666666666,0.02506976577943587,0.0,0.05180618213047783,0.9809936645548516,0.9529236025053296,0.0,0.8676666666666667,1.0,0.7119695342597693,0.732045321975459,0.7521211096911486,0
1890,0.5400418396294897,0.7,1.0,0.679144385026738,0.4375,0.8571428571428571,0.0,0.6666666666666666,0.5821670362002248,1.0,0.7548669548936877,1.0,0.9979685683529117,0.001,1.0,1.0,0.8537818894198027,0.8743798437906671,0.8949777981615317,0
1891,0.4077954628178956,0.3,0.9978798586572438,0.19354838709677424,0.375,0.8571428571428571,0.0,0.6666666666666666,0.22941478534096937,0.0,0.3850560712981953,0.9993331110370124,0.9924496063300622,0.0,1.0,1.0,0.838980443913524,0.846048595175307,0.8531167464370898,0
1892,0.11064621106462114,0.0,0.8671378091872791,0.0075987841945288626,0.1875,0.2857142857142857,0.0,0.6666666666666666,0.02433862694901867,0.0,0.01893979522302036,0.966322107369123,0.9394218967472124,0.0,0.858,1.0,0.6807552380718881,0.722214098399327,0.763672958726766,0
1893,0.062382297551789145,0.0,0.9802120141342756,0.0075987841945288626,0.21875,0.2857142857142857,0.0,0.6666666666666666,0.024149148847296575,0.0,0.033201021048210766,0.9213071023674558,0.821973797510205,0.0,0.9376666666666666,0.5,0.6330498315506347,0.6675812060915807,0.7021125806325268,0
1894,0.11064621106462114,0.0,0.8671378091872791,0.0075987841945288626,0.1875,0.2857142857142857,0.0,0.6666666666666666,0.024292804490994357,0.0,0.08801524610279177,0.9693231077025675,0.9433701137978834,0.0,0.837,1.0,0.6733733259956971,0.7245093457737528,0.7756453655518086,0
1895,0.11064621106462114,0.0,0.0,0.0075987841945288626,0.15625,0.2857142857142857,0.0,0.6666666666666666,0.024155724861056105,0.0,0.08018553613676382,0.916972324108036,0.9129249020335869,0.0,0.7626666666666666,0.5,0.6244952930532878,0.7397094114922516,0.8549235299312153,0
1896,0.8507724317400065,0.9,0.9985865724381625,0.8964851293935883,0.46875,1.0,0.0,0.6666666666666666,0.9062281679006938,0.5,0.39550171330250194,0.9996665555185061,0.997437789637106,0.004666666666666667,0.9996666666666667,1.0,0.8650407364104784,0.9054030459742028,0.9457653555379272,0
1897,0.4218855929493329,0.1,0.9830388692579506,0.14084507042253525,0.1875,0.2857142857142857,0.0,0.6666666666666666,0.17255678826810716,0.5,0.3881559998797586,0.9993331110370124,0.9880923616434892,0.0,0.9986666666666667,1.0,0.7593968487771869,0.8704757472290532,0.9815546456809195,0
1898,0.062382297551789145,0.0,0.0,0.0075987841945288626,0.15625,0.2857142857142857,0.0,0.6666666666666666,0.024148873889980882,0.0,0.019760678146586885,0.7662554184728243,0.8121092966283157,0.0,0.7973333333333333,0.5,0.5133764542925667,0.6919555491743901,0.8705346440562134,0
1899,0.11064621106462114,0.0,0.8671378091872791,0.0075987841945288626,0.1875,0.2857142857142857,0.0,0.6666666666666666,0.024339282566963383,0.0,0.047585128282429445,0.9656552184061353,0.937812940781673,0.0,0.8596666666666667,1.0,0.6816234894620155,0.721257810821609,0.7608921321812024,0
1900,0.11064621106462114,0.0,0.0,0.0075987841945288626,0.15625,0.2857142857142857,0.0,0.6666666666666666,0.024154790634626555,0.0,0.06451772338459782,0.9286428809603201,0.9131716760261748,0.0,0.8263333333333334,0.5,0.6314890278393906,0.7058649436176403,0.78024085939589,0
1901,0.0,0.0,0.0,0.0075987841945288626,0.15625,0.2857142857142857,0.0,0.6666666666666666,0.024148873889701328,0.0,0.05483774890191684,0.7465821940646882,0.7801397007265689,0.0,0.8713333333333333,0.5,0.5187108399407797,0.6005054024395557,0.6822999649383318,0
1902,0.0,0.0,0.0,0.0075987841945288626,0.15625,0.2857142857142857,0.0,0.6666666666666666,0.02414887388961251,0.0,0.03165789322124868,0.6952317439146383,0.7630945425211151,0.0,0.813,0.5,0.47725335679735476,0.6991204188069184,0.9209874808164821,0
1903,0.46996397663238665,0.6,1.0,0.19696969696969702,0.375,0.42857142857142855,0.0,0.6666666666666666,0.10724344192616286,1.0,0.7947723803530177,1.0,0.9955126647593886,0.0013333333333333333,1.0,1.0,0.715950494205301,0.7916379082367945,0.867325322268288,0
1904,0.062382297551789145,0.0,0.0,0.0075987841945288626,0.15625,0.2857142857142857,0.0,0.6666666666666666,0.024148961542625913,0.0,0.06510302167781568,0.9369789929976658,0.9150357359560116,0.0,0.7613333333333333,0.5,0.5858739385907293,0.7587214822867141,0.9315690259826989,0
1905,0.11064621106462114,0.0,0.0,0.0075987841945288626,0.15625,0.2857142857142857,0.0,0.6666666666666666,0.024148878542634256,0.0,0.03682094789539059,0.8019339779926642,0.8519452212098839,0.0,0.7056666666666667,0.5,0.5611368523482112,0.7410643550227995,0.9209918576973879,0
1906,0.5063472692656793,0.3,0.9978798586572438,0.5964912280701755,0.65625,0.8571428571428571,0.0,0.6666666666666666,0.6252557198410771,0.3333333333333333,0.5819147127953148,1.0,0.9957528186530656,0.0003333333333333333,0.9996666666666667,1.0,0.8330594981766801,0.90549669731344,0.9779338964501997,0
1907,0.9135293417329193,1.0,1.0,0.8964851293935883,0.59375,1.0,0.0,0.6666666666666666,0.9232514403338707,1.0,0.9420717881619594,1.0,0.9989792283658843,0.014,1.0,1.0,0.9057782730035742,0.9168655161196502,0.9279527592357263,0
1908,0.12686642453591612,0.0,0.9830388692579506,0.14084507042253525,0.1875,0.2857142857142857,0.0,0.6666666666666666,0.0790495082229491,0.0,0.043930581674999636,0.9953317772590864,0.9674051982400389,0.0,0.9973333333333333,1.0,0.7520235703615742,0.8354094387586232,0.9187953071556721,0
1909,0.11064621106462114,0.0,0.0,0.0075987841945288626,0.15625,0.2857142857142857,0.0,0.6666666666666666,0.024149543198924595,0.0,0.04647403348252743,0.8729576525508502,0.8902830011434019,0.0,0.77,0.5,0.6019344341682227,0.7266285811415165,0.8513227281148102,0
1910,0.32029546281789556,0.2,0.9978798586572438,0.020408163265306145,0.15625,0.42857142857142855,0.0,0.6666666666666666,0.04558102874499337,0.0,0.4986834961687181,0.9996665555185061,0.9871159453681158,0.0,0.9833333333333333,1.0,0.7923568141112977,0.8029041337393259,0.8134514533673542,0
1911,0.5765003304901691,0.6,0.9978798586572438,0.5964912280701755,0.34375,0.8571428571428571,0.0,0.6666666666666666,0.7327417252657913,0.3333333333333333,0.42338126176655544,0.9993331110370124,0.9954316324603312,0.0003333333333333333,0.9996666666666667,1.0,0.8488688226130949,0.8809874986970836,0.9131061747810723,0
1912,0.11064621106462114,0.0,0.0,0.0075987841945288626,0.15625,0.2857142857142857,0.0,0.6666666666666666,0.02414892411641656,0.0,0.011811111243908545,0.8569523174391463,0.8738729355253936,0.0,0.8093333333333333,0.5,0.5864415828338734,0.6828202344680703,0.7791988861022672,0
1913,0.062382297551789145,0.0,0.0,0.0075987841945288626,0.15625,0.2857142857142857,0.0,0.6666666666666666,0.02414887388963327,0.0,0.018947055711926564,0.7799266422140714,0.8109049999266237,0.0,0.7936666666666666,0.5,0.49688729868348325,0.7367559732444041,0.976624647805325,0
1914,0.0,0.0,0.0,0.0075987841945288626,0.15625,0.2857142857142857,0.0,0.6666666666666666,0.0241488738896124,0.0,0.029602898200354,0.7202400800266755,0.7605770857293634,0.0,0.8286666666666667,0.5,0.46474519580440266,0.7079194874113182,0.9510937790182336,0
1915,0.0,0.0,0.0,0.0075987841945288626,0.15625,0.2857142857142857,0.0,0.6666666666666666,0.0241488738896124,0.0,0.059805550648516004,0.766588862954318,0.6737745542246008,0.0,0.9363333333333334,0.5,0.3727994870860429,0.6545002585905282,0.9362010300950134,0
1916,0.11064621106462114,0.0,0.0,0.0075987841945288626,0.15625,0.2857142857142857,0.0,0.6666666666666666,0.024151732478010723,0.0,0.014524141741092289,0.916972324108036,0.8881130954914835,0.0,0.8846666666666667,0.5,0.649552243080164,0.6692065233857943,0.6888608036914247,0
1917,0.11064621106462114,0.0,0.0,0.0075987841945288626,0.15625,0.2857142857142857,0.0,0.6666666666666666,0.024149584099463772,0.0,0.06438632883006479,0.8956318772924308,0.8719087124225776,0.0,0.8863333333333333,0.5,0.6362378720269137,0.6586506510185637,0.6810634300102135,0
1918,0.2325310073028657,0.1,0.9901060070671378,0.0075987841945288626,0.46875,0.2857142857142857,0.0,0.6666666666666666,0.05211027352008868,0.0,0.13675049915687554,0.9986662220740247,0.9864795847265538,0.0,0.998,1.0,0.7516305182943294,0.8098186199307911,0.8680067215672528,0
1919,0.0,0.0,0.0,0.0075987841945288626,0.15625,0.2857142857142857,0.0,0.6666666666666666,0.02414887404202104,0.0,0.0253390302412142,0.7902634211403801,0.8432526445258315,0.0,0.7396666666666667,0.5,0.5405300679237068,0.7065687423002301,0.8726074166767535,0
1920,0.19518245185086192,0.0,0.9469964664310954,0.0075987841945288626,0.15625,0.2857142857142857,0.0,0.6666666666666666,0.03273029095176805,0.0,0.13506576807895143,0.9896632210736912,0.9668864811453106,0.0,0.994,1.0,0.7495688574342689,0.7626711254389622,0.7757733934436555,0
1921,0.3585920152604254,0.4,1.0,0.39669421487603307,0.34375,0.5714285714285714,0.0,0.6666666666666666,0.06868158718064199,0.6666666666666666,0.5438588561455033,1.0,0.9947215209551782,0.0,0.9996666666666667,1.0,0.7716474600549761,0.7954071452743608,0.8191668304937456,0
1922,0.0,0.0,0.0,0.0075987841945288626,0.15625,0.2857142857142857,0.0,0.6666666666666666,0.0241488738896124,0.0,0.02136661665971684,0.6905635211737245,0.726247953751364,0.0,0.8716666666666667,0.5,0.4435469081468562,0.6034213466176517,0.7632957850884472,0
1923,0.8407367046163443,1.0,0.9992932862190813,0.7424749163879598,0.3125,1.0,0.0,0.6666666666666666,0.894132750907642,1.0,0.7486231759917683,1.0,0.9965079915168945,0.003,1.0,1.0,0.8063503207609382,0.8800684021516728,0.9537864835424075,0
1924,0.0,0.0,0.0,0.0075987841945288626,0.15625,0.2857142857142857,0.0,0.6666666666666666,0.024148873889613953,0.0,0.05110631711949909,0.7289096365455152,0.7288877362380999,0.0,0.917,0.0,0.5166629058113372,0.5642858158730308,0.6119087259347243,0
1925,0.0,0.0,0.0,0.0075987841945288626,0.15625,0.2857142857142857,0.0,0.6666666666666666,0.02414887388961251,0.0,0.009860829270811444,0.7009003001000333,0.7618135597105458,0.0,0.8316666666666667,0.5,0.4832705524224229,0.6170122269607183,0.7507539014990139,0
1926,0.36641005506375923,0.2,0.9992932862190813,0.19696969696969702,0.5,0.42857142857142855,0.0,0.6666666666666666,0.15490541502027666,0.5,0.7024883534991639,1.0,0.9973983367659709,0.0003333333333333333,0.9993333333333333,1.0,0.6889065198194627,0.8345002193436566,0.9800939188678504,0
1927,0.11064621106462114,0.0,0.0,0.0075987841945288626,0.15625,0.2857142857142857,0.0,0.6666666666666666,0.024149376149837032,0.0,0.007801004411171042,0.8982994331443814,0.8989894397374281,0.0,0.804,0.5,0.6046776986060138,0.6985737914428005,0.7924698842795871,0
1928,0.1373542855987826,0.0,0.0,0.0075987841945288626,0.15625,0.2857142857142857,0.0,0.6666666666666666,0.02426432649015975,0.0,0.14497117723939068,0.9809936645548516,0.9590471666257417,0.0,0.9043333333333333,0.5,0.6549619590067696,0.8038310075081461,0.9527000560095226,0
1929,0.3766345220766618,0.2,0.9915194346289753,0.07936507936507942,0.25,0.7142857142857143,0.0,0.6666666666666666,0.025539046544837185,0.0,0.3868308413081665,0.9996665555185061,0.9668671670650454,0.0,0.9963333333333333,0.5,0.6231727258607188,0.774237269670902,0.9253018134810852,0
1930,0.11064621106462114,0.0,0.0,0.0075987841945288626,0.15625,0.2857142857142857,0.0,0.6666666666666666,0.024149046039038446,0.0,0.013665379121790666,0.8779593197732578,0.8682030997445277,0.0,0.878,0.5,0.615694190197513,0.6553219849546872,0.6949497797118613,0
1931,0.8851716828799046,1.0,1.0,0.8964851293935883,0.625,1.0,0.0,0.6666666666666666,0.9217971624928287,1.0,0.8060627429689906,1.0,0.9980287995429078,0.011,1.0,1.0,0.8825133258545895,0.903618066714128,0.9247228075736665,0
1932,0.0,0.0,0.0,0.0075987841945288626,0.15625,0.2857142857142857,0.0,0.6666666666666666,0.0241488738896124,0.0,0.02482889837365343,0.6675558519506501,0.7021348715101117,0.0,0.8883333333333333,0.5,0.46671607668086945,0.5970271799143101,0.7273382831477506,0
1933,0.0,0.0,0.0,0.0075987841945288626,0.15625,0.2857142857142857,0.0,0.6666666666666666,0.0241488738896124,0.0,0.0323654623502293,0.6902300766922307,0.7345894183311492,0.0,0.8603333333333334,0.5,0.4526763983417882,0.6066728641182776,0.760669329894767,0
1934,0.11064621106462114,0.0,0.0,0.0075987841945288626,0.15625,0.2857142857142857,0.0,0.6666666666666666,0.024148979377159985,0.0,0.052401297424574556,0.8506168722907635,0.8768704641287918,0.0,0.782,0.5,0.587980985182378,0.7055497057053185,0.823118426228259,0
1935,0.11064621106462114,0.0,0.0,0.0075987841945288626,0.15625,0.2857142857142857,0.0,0.6666666666666666,0.024148886073352638,0.0,0.043390754403530685,0.8146048682894298,0.8606485366793043,0.0,0.7010000000000001,0.5,0.5677860492091596,0.7463855266103725,0.9249850040115852,0
1936,0.4335185800476764,0.4,0.9964664310954063,0.4782608695652174,0.34375,0.7142857142857143,0.0,0.6666666666666666,0.3635369087398682,0.0,0.3489788611593211,0.9996665555185061,0.9911262459690685,0.0,0.998,1.0,0.7365185050511767,0.8159547682356152,0.8953910314200537,0
1937,0.15217391304347827,0.0,0.9752650176678446,0.14084507042253525,0.15625,0.2857142857142857,0.0,0.6666666666666666,0.024149575452634076,0.0,0.21918300129922275,0.9853284428142715,0.8284401750001832,0.0,0.996,0.5,0.606266389436529,0.6465136611693908,0.6867609329022526,0
1938,0.0,0.0,0.0,0.0075987841945288626,0.15625,0.2857142857142857,0.0,0.6666666666666666,0.0241488738896124,0.0,0.05482736530191268,0.7205735245081695,0.6668261778724895,0.0,0.9396666666666667,0.5,0.37782907375625635,0.5894033679492574,0.8009776621422584,0
1939,0.13630898943153524,0.1,0.8671378091872791,0.0075987841945288626,0.1875,0.2857142857142857,0.0,0.6666666666666666,0.02598615400524429,0.0,0.18222428547992453,0.9973324441480493,0.9854279153798646,0.0,0.9736666666666667,1.0,0.6966859793287585,0.8339860782718134,0.9712861772148682,0
1940,0.062382297551789145,0.0,0.0,0.0075987841945288626,0.15625,0.2857142857142857,0.0,0.6666666666666666,0.024150944363714122,0.0,0.06877858993026131,0.9449816605535178,0.9218485715210144,0.0,0.8,0.5,0.6176889013693423,0.7537963252573001,0.889903749145258,0
1941,0.6672993342037381,0.6,0.9992932862190813,0.7424749163879598,0.4375,1.0,0.0,0.6666666666666666,0.32741142151087943,0.5,0.6920350021387824,1.0,0.9932353163579452,0.0016666666666666668,1.0,1.0,0.7342280157411729,0.7609211090025136,0.7876142022638545,0
1942,0.062382297551789145,0.0,0.0,0.0075987841945288626,0.15625,0.2857142857142857,0.0,0.6666666666666666,0.024148874237571283,0.0,0.031799521684187315,0.8749583194398133,0.872897987786048,0.0,0.7773333333333333,0.5,0.5473996183367845,0.7361110482682369,0.9248224781996892,0
1943,0.28246397663238665,0.3,0.9985865724381625,0.19696969696969702,0.3125,0.42857142857142855,0.0,0.6666666666666666,0.046272127822473585,0.0,0.19229341732072114,0.9983327775925308,0.9768366928307426,0.0,0.9953333333333333,1.0,0.6897295583386259,0.7732465962469914,0.8567636341553568,0
1944,0.11064621106462114,0.0,0.0,0.0075987841945288626,0.15625,0.2857142857142857,0.0,0.6666666666666666,0.024152509279269152,0.0,0.08315348961976465,0.8992997665888629,0.9031683143151491,0.0,0.765,0.5,0.6183731886314722,0.7333002993121471,0.8482274099928222,0
1945,0.062382297551789145,0.0,0.0,0.0075987841945288626,0.15625,0.2857142857142857,0.0,0.6666666666666666,0.02414887389169118,0.0,0.003784630590342175,0.7282427475825275,0.7863145216730513,0.0,0.836,0.5,0.5291311661445666,0.659637342019996,0.7901435178954255,0
1946,0.11064621106462114,0.0,0.0,0.0075987841945288626,0.15625,0.2857142857142857,0.0,0.6666666666666666,0.024148881679940004,0.0,0.033403011451800024,0.9043014338112705,0.8953781877739919,0.0,0.7606666666666666,0.5,0.5663699479209444,0.762852690824291,0.9593354337276374,0
1947,0.062382297551789145,0.0,0.0,0.0075987841945288626,0.15625,0.2857142857142857,0.0,0.6666666666666666,0.024151931903318213,0.0,0.008386230648121606,0.9096365455151717,0.8942146697885996,0.0,0.852,0.5,0.6312358725234848,0.728566836894105,0.825897801264725,0
1948,0.11064621106462114,0.0,0.9674911660777386,0.19696969696969702,0.125,0.42857142857142855,0.0,0.6666666666666666,0.030460917477913685,0.0,0.32704423001890226,0.9963321107035679,0.9627751878771279,0.0,0.952,0.5,0.6536489465823113,0.7668262264090893,0.8800035062358671,0
1949,0.11064621106462114,0.0,0.0,0.0075987841945288626,0.15625,0.2857142857142857,0.0,0.6666666666666666,0.024148939917082668,0.0,0.039336579170119346,0.9139713237745916,0.9032849576981249,0.0,0.7506666666666667,0.5,0.5817899427908547,0.7770938315837396,0.9723977203766244,0
1950,0.11064621106462114,0.0,0.0,0.0075987841945288626,0.15625,0.2857142857142857,0.0,0.6666666666666666,0.024162642796169975,0.0,0.03773508196959818,0.9213071023674558,0.9144461368394704,0.0,0.8523333333333334,0.5,0.6296227535024909,0.7721990838375127,0.9147754141725345,0
1951,0.15217391304347827,0.0,0.9752650176678446,0.14084507042253525,0.15625,0.2857142857142857,0.0,0.6666666666666666,0.024148874312137525,0.0,0.2330795290461768,0.9823274424808269,0.7670741342151812,0.0,0.9976666666666667,0.0,0.5515996488219258,0.6021176622556118,0.6526356756892978,0
1952,0.0,0.0,0.0,0.0075987841945288626,0.15625,0.2857142857142857,0.0,0.6666666666666666,0.0241488738896124,0.0,0.052828384987415156,0.679893297765922,0.649656711999979,0.0,0.9376666666666666,0.5,0.3755816870435284,0.6023106692214587,0.8290396513993891,0
1953,0.11064621106462114,0.0,0.0,0.0075987841945288626,0.15625,0.2857142857142857,0.0,0.6666666666666666,0.02414887452257486,0.0,0.039838338353299196,0.7919306435478493,0.8416438051711614,0.0,0.722,0.5,0.5483905394646591,0.7611315899264928,0.9738726403883263,0
1954,0.13756436963239604,0.0,0.0,0.0075987841945288626,0.15625,0.2857142857142857,0.0,0.6666666666666666,0.024170025678437956,0.0,0.04446918916474896,0.9939979993331111,0.9691043655277161,0.0,0.7726666666666666,0.5,0.6375134891422711,0.7952504175580166,0.952987345973762,0
1955,0.0,0.0,0.0,0.0075987841945288626,0.15625,0.2857142857142857,0.0,0.6666666666666666,0.02414887389090159,0.0,0.01730794676506875,0.7755918639546515,0.8214350201028305,0.0,0.7863333333333333,0.5,0.5183825930531946,0.6579884737685391,0.7975943544838835,0
1956,0.062382297551789145,0.0,0.0,0.0075987841945288626,0.15625,0.2857142857142857,0.0,0.6666666666666666,0.024148876438040312,0.0,0.04724466361795998,0.8386128709569857,0.858040889590717,0.0,0.7983333333333333,0.5,0.5644449597063745,0.7138424372472338,0.8632399147880931,0
1957,0.15217391304347827,0.0,0.9752650176678446,0.14084507042253525,0.15625,0.2857142857142857,0.0,0.6666666666666666,0.024151625509271413,0.0,0.2170455424050195,0.9896632210736912,0.8600853750350954,0.0,0.9963333333333333,0.5,0.601295147740279,0.6613513743772661,0.7214076010142532,0
1958,0.0,0.0,0.0,0.0075987841945288626,0.15625,0.2857142857142857,0.0,0.6666666666666666,0.024148887358213078,0.0,0.01377861257891333,0.843947982660887,0.8697367644988786,0.0,0.7893333333333333,0.5,0.5726764128427038,0.6935799406210239,0.814483468399344,0
1959,0.062382297551789145,0.0,0.8671378091872791,0.0075987841945288626,0.1875,0.2857142857142857,0.0,0.6666666666666666,0.02444322492827611,0.0,0.16866195892937907,0.9893297765921975,0.9679437091616735,0.0,0.8546666666666667,1.0,0.6764698043727353,0.7927869086616012,0.909104012950467,0
1960,0.20946212948456222,0.0,0.9484098939929329,0.0075987841945288626,0.25,0.2857142857142857,0.0,0.6666666666666666,0.03954419596215786,0.0,0.13201597289535028,0.9943314438146049,0.974421859233588,0.0,0.9973333333333333,1.0,0.7506134176118349,0.8282630312928898,0.9059126449739446,0
1961,0.4159202363623762,0.2,0.976678445229682,0.07936507936507942,0.1875,0.7142857142857143,0.0,0.6666666666666666,0.12760506515958736,0.0,0.23667723644283345,0.9986662220740247,0.9752766541318152,0.0,0.9946666666666667,1.0,0.6924009255661452,0.8412525823187939,0.9901042390714425,0
1962,0.062382297551789145,0.0,0.0,0.0075987841945288626,0.15625,0.2857142857142857,0.0,0.6666666666666666,0.024148873889951128,0.0,0.017765981492363747,0.7535845281760587,0.8046482367295363,0.0,0.8146666666666667,0.5,0.5140482285776105,0.6838243016911125,0.8536003748046146,0
1963,0.11064621106462114,0.0,0.0,0.0075987841945288626,0.15625,0.2857142857142857,0.0,0.6666666666666666,0.024165222413121135,0.0,0.06373184713017288,0.9416472157385796,0.9209093314926244,0.0,0.8276666666666667,0.5,0.6439229934490135,0.7104183304662447,0.7769136674834759,0
1964,0.11064621106462114,0.0,0.8671378091872791,0.0075987841945288626,0.1875,0.2857142857142857,0.0,0.6666666666666666,0.024178411772287856,0.0,0.02409896092573749,0.9389796598866289,0.9067521208779427,0.0,0.8786666666666667,1.0,0.6719785472999945,0.6909417371230984,0.7099049269462022,0
1965,0.11064621106462114,0.0,0.0,0.0075987841945288626,0.15625,0.2857142857142857,0.0,0.6666666666666666,0.02434012627942206,0.0,0.11614955019993833,0.9666555518506169,0.9468073021992434,0.0,0.874,0.5,0.6621508530165062,0.7832886447605144,0.9044264365045226,0
1966,0.062382297551789145,0.0,0.0,0.0075987841945288626,0.15625,0.2857142857142857,0.0,0.6666666666666666,0.024148882398339233,0.0,0.015107931556017307,0.8039346448816272,0.8127377475942599,0.0,0.8796666666666667,0.5,0.5963927319871517,0.6652020622277497,0.7340113924683476,0
1967,0.11064621106462114,0.0,0.0,0.0075987841945288626,0.15625,0.2857142857142857,0.0,0.6666666666666666,0.02414887402057042,0.0,0.02508369841778102,0.7822607535845282,0.8301726676996593,0.0,0.8136666666666666,0.5,0.5461275034196477,0.6569645812700995,0.7678016591205513,0
1968,0.5111461471750224,0.7,0.9978798586572438,0.7424749163879598,0.46875,1.0,0.0,0.6666666666666666,0.7643803531814274,0.3333333333333333,0.7961459021787449,1.0,0.9990565687582771,0.0003333333333333333,0.9996666666666667,1.0,0.7618135228914092,0.8654258509228134,0.9690381789542177,0
1969,0.4798961471750224,0.6,0.9971731448763251,0.7424749163879598,0.375,1.0,0.0,0.6666666666666666,0.4459133241745672,0.3333333333333333,0.3870952473892385,0.9996665555185061,0.997170549185434,0.0006666666666666666,0.9996666666666667,1.0,0.7329248370332092,0.8317479604651132,0.9305710838970171,0
1970,0.0,0.0,0.0,0.0075987841945288626,0.15625,0.2857142857142857,0.0,0.6666666666666666,0.0241488738896124,0.0,0.03367970634727724,0.6645548516172057,0.6760340832061666,0.0,0.9066666666666666,0.5,0.42870775923117954,0.5886990745372004,0.7486903898432212,0
1971,0.24253026903563568,0.3,0.9964664310954063,0.5964912280701755,0.59375,0.8571428571428571,0.0,0.6666666666666666,0.6516130627686727,1.0,0.5672120415347147,1.0,0.9975472879900565,0.0003333333333333333,1.0,1.0,0.8354427724171015,0.8991461654445924,0.9628495584720832,0
1972,0.0,0.0,0.0,0.0075987841945288626,0.15625,0.2857142857142857,0.0,0.6666666666666666,0.0241488738896124,0.0,0.06710745970760079,0.6845615205068356,0.6325840319858398,0.0,0.955,0.0,0.392706795659274,0.511610820276222,0.63051484489317,0
1973,0.062382297551789145,0.0,0.0,0.0075987841945288626,0.15625,0.2857142857142857,0.0,0.6666666666666666,0.02414887467135285,0.0,0.08595241314245039,0.839946648882961,0.7812571095608949,0.0,0.921,0.0,0.6130565590286797,0.6298722319538684,0.6466879048790571,0
1974,0.18166893833734843,0.0,0.0,0.0075987841945288626,0.15625,0.2857142857142857,0.0,0.6666666666666666,0.02422806891659346,0.0,0.06153398440102753,0.9639879959986662,0.9388178261821577,0.0,0.8633333333333333,0.5,0.6567573640553954,0.7387099567664219,0.8206625494774485,0
1975,0.062382297551789145,0.0,0.0,0.0075987841945288626,0.15625,0.2857142857142857,0.0,0.6666666666666666,0.0241488738896124,0.0,0.06880036969099146,0.7099033011003668,0.6796736764887436,0.0,0.9396666666666667,0.0,0.4961819319727244,0.5560806499471468,0.6159793679215692,0
1976,0.07131086898036054,0.0,0.9484098939929329,0.0075987841945288626,0.25,0.2857142857142857,0.0,0.6666666666666666,0.024583932601625946,0.0,0.08174601705975426,0.9699899966655552,0.9274247623466005,0.0,0.881,1.0,0.7263135779653195,0.746628693300486,0.7669438086356524,0
1977,0.7619562436246536,0.9,1.0,0.8964851293935883,0.5625,1.0,0.0,0.6666666666666666,0.9036845466702533,1.0,0.9099159076135002,1.0,0.9993027161927117,0.003,1.0,1.0,0.9656791695472761,0.9703680314086345,0.9750568932699929,0
1978,0.11064621106462114,0.0,0.0,0.0075987841945288626,0.15625,0.2857142857142857,0.0,0.6666666666666666,0.02414889853467861,0.0,0.014764392266344295,0.8196065355118373,0.8630909397296277,0.0,0.7813333333333333,0.5,0.575339143137432,0.7083043482827394,0.8412695534280469,0
1979,0.4077954628178956,0.3,0.9978798586572438,0.020408163265306145,0.15625,0.42857142857142855,0.0,0.6666666666666666,0.19010100929466545,0.0,0.2263603394516034,0.9996665555185061,0.9973602039682303,0.0,0.9993333333333333,1.0,0.8167448125784419,0.8484948129128578,0.8802448132472735,0
1980,0.11064621106462114,0.0,0.0,0.0075987841945288626,0.15625,0.2857142857142857,0.0,0.6666666666666666,0.024148873925145864,0.0,0.0445099220683286,0.7532510836945648,0.8095080998239458,0.0,0.8403333333333334,0.5,0.542940317792299,0.6370633246528292,0.7311863315133594,0
1981,0.5157664773106492,0.8,1.0,0.5964912280701755,0.5,0.8571428571428571,0.0,0.6666666666666666,0.5415773164962195,1.0,0.7666694863445923,1.0,0.997802226505055,0.0013333333333333333,1.0,1.0,0.8401567536552849,0.8866089626319413,0.9330611716085977,0
1982,0.5631326675370715,0.7,0.9992932862190813,0.7424749163879598,0.4375,1.0,0.0,0.6666666666666666,0.5092715951023098,0.3333333333333333,0.23853018704221152,0.9996665555185061,0.9897427372113455,0.0,0.9996666666666667,1.0,0.7350766487616138,0.77721468668389,0.8193527246061664,0
1983,0.062382297551789145,0.0,0.0,0.0075987841945288626,0.15625,0.2857142857142857,0.0,0.6666666666666666,0.024151088852011338,0.0,0.06951743605147676,0.9136378792930977,0.8990998959920932,0.0,0.8486666666666667,0.5,0.6248048642060281,0.7334148371903878,0.8420248101747475,0
1984,0.11064621106462114,0.0,0.0,0.0075987841945288626,0.15625,0.2857142857142857,0.0,0.6666666666666666,0.024169370128866663,0.0,0.022645631793160925,0.9399799933311104,0.9268928303092199,0.0,0.856,0.5,0.6338986365984569,0.7815516516158414,0.9292046666332259,0
1985,0.0,0.0,0.0,0.0075987841945288626,0.15625,0.2857142857142857,0.0,0.6666666666666666,0.0241488738896124,0.0,0.009254710490812612,0.7285761920640214,0.7540636258336828,0.0,0.8376666666666667,0.5,0.455217224808937,0.7240915221129172,0.9929658194168972,0
1986,0.0,0.0,0.9985865724381625,0.10169491525423724,0.3125,0.5714285714285714,0.0,0.6666666666666666,0.02420570550338541,0.0,0.15337830687259113,0.9779926642214072,0.8953759885719681,0.0,0.963,0.5,0.5975133361498455,0.7068699408485477,0.8162265455472499,0
1987,0.11064621106462114,0.0,0.0,0.0075987841945288626,0.15625,0.2857142857142857,0.0,0.6666666666666666,0.02414908026740603,0.0,0.033405557028346244,0.8509503167722574,0.878516167292222,0.0,0.7766666666666666,0.5,0.592243813231517,0.716901686356211,0.8415595594809051,0
1988,0.13553057739209573,0.0,0.9837455830388693,0.0075987841945288626,0.40625,0.2857142857142857,0.0,0.6666666666666666,0.09636606412368298,0.0,0.1896497641448831,0.9956652217405801,0.9778795698577737,0.0,0.999,1.0,0.7669173557592436,0.8442562498058014,0.9215951438523592,0
1989,0.6300176850401178,1.0,1.0,0.8964851293935883,0.6875,1.0,0.0,0.6666666666666666,0.8497450143164643,1.0,0.8977078964876514,1.0,0.998614939089974,0.0033333333333333335,1.0,1.0,0.9189421095934683,0.9231039113606274,0.9272657131277866,0
1990,0.062382297551789145,0.0,0.9484098939929329,0.0075987841945288626,0.25,0.2857142857142857,0.0,0.6666666666666666,0.024148877340176456,0.0,0.14786008630021508,0.9293097699233077,0.7747208194386147,0.0,0.9653333333333334,0.5,0.5745091126509022,0.645376826420405,0.7162445401899077,0
1991,0.5938472692656793,0.7,0.9978798586572438,0.5964912280701755,0.5,0.8571428571428571,0.0,0.6666666666666666,0.7185545381048133,0.5,0.5652439702710341,1.0,0.996551992562649,0.0013333333333333333,0.9996666666666667,1.0,0.8556061202989302,0.9131218992553274,0.9706376782117245,0
1992,0.4077954628178956,0.3,0.9978798586572438,0.19354838709677424,0.375,0.8571428571428571,0.0,0.6666666666666666,0.2582027741351902,0.5,0.5734447258436828,1.0,0.9964718982082172,0.0006666666666666666,0.9993333333333333,1.0,0.8402694867482334,0.8492975766750843,0.8583256666019351,0
1993,0.7842067463898623,1.0,1.0,0.8964851293935883,0.71875,1.0,0.0,0.6666666666666666,0.8998053285066044,1.0,0.8142072750889331,1.0,0.9983509013663623,0.0036666666666666666,1.0,1.0,0.9369860830857354,0.9537886344545913,0.9705911858234472,0
1994,0.13756436963239604,0.1,0.8671378091872791,0.0075987841945288626,0.1875,0.2857142857142857,0.0,0.6666666666666666,0.024401914627517174,0.0,0.28554098949685347,0.9986662220740247,0.9878156723315317,0.0,0.893,1.0,0.6713720542411896,0.8024919885990274,0.933611922956865,0
1995,0.4335185800476764,0.3,0.9957597173144876,0.4782608695652174,0.25,0.7142857142857143,0.0,0.6666666666666666,0.29661433169790574,0.0,0.34743986691701223,0.9993331110370124,0.9911081655712831,0.0,0.9966666666666667,1.0,0.7305725905011886,0.8121760868590271,0.8937795832168657,0
1996,0.062382297551789145,0.0,0.0,0.0075987841945288626,0.15625,0.2857142857142857,0.0,0.6666666666666666,0.024162412378818,0.0,0.043099084305920576,0.9153051017005669,0.8872668623694483,0.0,0.8723333333333333,0.5,0.6657441561308284,0.7171515510192936,0.768558945907759,0
1997,0.701539576957987,0.8,1.0,0.8964851293935883,0.59375,1.0,0.0,0.6666666666666666,0.8738389297687257,0.5,0.6076060513382591,1.0,0.998248917188295,0.0016666666666666668,1.0,1.0,0.9026558567105626,0.9095607282761973,0.9164655998418321,0
1998,0.5111461471750224,0.8,1.0,0.7424749163879598,0.59375,1.0,0.0,0.6666666666666666,0.7757670227262764,0.5,0.6060335360884916,1.0,0.997401578803201,0.0006666666666666666,1.0,1.0,0.7656231742350962,0.8658592280002118,0.9660952817653273,0
1999,0.062382297551789145,0.0,0.0,0.0075987841945288626,0.15625,0.2857142857142857,0.0,0.6666666666666666,0.024148895999623554,0.0,0.05083618729223427,0.8949649883294432,0.8911717368444854,0.0,0.7823333333333333,0.5,0.5768990074215447,0.7399602051683452,0.9030214029151457,0
2000,0.13630898943153524,0.0,0.9802120141342756,0.0075987841945288626,0.28125,0.2857142857142857,0.0,0.6666666666666666,0.029512507553443146,0.0,0.24653943773413278,0.9913304434811604,0.9700214784305096,0.0,0.9926666666666667,1.0,0.7165805986936182,0.8528287539263165,0.9890769091590148,0
2001,0.062382297551789145,0.0,0.0,0.0075987841945288626,0.15625,0.2857142857142857,0.0,0.6666666666666666,0.024151992071748674,0.0,0.0618019521126264,0.9203067689229744,0.9059291197129491,0.0,0.8466666666666667,0.5,0.6272175208086831,0.7384836109654722,0.8497497011222614,0
2002,0.062382297551789145,0.0,0.0,0.0075987841945288626,0.15625,0.2857142857142857,0.0,0.6666666666666666,0.024148874028103173,0.0,0.03430944312034756,0.7799266422140714,0.7673611584718083,0.0,0.9043333333333333,0.5,0.583416693897819,0.6290755610109291,0.6747344281240392,0
2003,0.062382297551789145,0.0,0.8671378091872791,0.0075987841945288626,0.1875,0.2857142857142857,0.0,0.6666666666666666,0.024162530360910428,0.0,0.051219136044451496,0.9143047682560854,0.8662439310948727,0.0,0.8973333333333333,1.0,0.6913763847217925,0.7046899903769437,0.7180035960320947,0
2004,0.20946212948456222,0.0,0.9879858657243816,0.0075987841945288626,0.28125,0.2857142857142857,0.0,0.6666666666666666,0.045341451469266825,0.0,0.3231031425287839,0.9966655551850617,0.9810853139473927,0.0,0.9976666666666667,1.0,0.7598283735496353,0.8285631976847669,0.8972980218198987,0
2005,0.062382297551789145,0.0,0.0,0.0075987841945288626,0.15625,0.2857142857142857,0.0,0.6666666666666666,0.024154890162930043,0.0,0.03218574099441296,0.9326442147382461,0.9123014550574535,0.0,0.8473333333333333,0.5,0.6344206802134454,0.7423465645000987,0.850272448786752,0
2006,0.062382297551789145,0.0,0.8671378091872791,0.0075987841945288626,0.1875,0.2857142857142857,0.0,0.6666666666666666,0.024149983951477383,0.0,0.059300042785770946,0.8862954318106036,0.8274378690218891,0.0,0.9123333333333333,1.0,0.6785756204036189,0.6789905363845867,0.6794054523655545,0
2007,0.15217391304347827,0.1,0.976678445229682,0.07936507936507942,0.1875,0.7142857142857143,0.0,0.6666666666666666,0.04285393812311755,0.0,0.17880682510228196,0.9979993331110371,0.9694947767742632,0.0,0.993,1.0,0.6960638024819371,0.7632769278732328,0.8304900532645284,0
2008,0.062382297551789145,0.0,0.0,0.0075987841945288626,0.15625,0.2857142857142857,0.0,0.6666666666666666,0.02414887688203793,0.0,0.047388013759040004,0.8302767589196398,0.8530278145006912,0.0,0.8013333333333333,0.5,0.5668618909723017,0.7084000706672862,0.8499382503622707,0
2009,0.0,0.0,0.0,0.0075987841945288626,0.15625,0.2857142857142857,0.0,0.6666666666666666,0.0241488738896124,0.0,0.044549248470074576,0.6682227409136379,0.6938620471424152,0.0,0.8896666666666666,0.5,0.44898977864108514,0.5966343864978108,0.7442789943545363,0
2010,0.380976502040242,0.5,0.9964664310954063,0.14084507042253525,0.1875,0.2857142857142857,0.0,0.6666666666666666,0.35475959368180876,0.5,0.06180344468524701,0.9989996665555185,0.9784166686036136,0.0,0.999,1.0,0.7791673900141909,0.8205030746812302,0.8618387593482695,0
2011,0.4438472692656793,0.2,0.9943462897526502,0.39669421487603307,0.46875,0.5714285714285714,0.0,0.6666666666666666,0.2079333851361893,0.0,0.16580374084101857,0.9983327775925308,0.9880384616754593,0.0,0.998,1.0,0.7915501051278303,0.889609815380333,0.9876695256328357,0
2012,0.11064621106462114,0.0,0.0,0.0075987841945288626,0.15625,0.2857142857142857,0.0,0.6666666666666666,0.024149195629145637,0.0,0.07303482228708469,0.8666222074024674,0.8799162917600948,0.0,0.8156666666666667,0.5,0.6045273332844443,0.6849719709479098,0.7654166086113754,0
2013,0.9073777261571117,0.9,1.0,0.8964851293935883,0.375,1.0,0.0,0.6666666666666666,0.9183956678695807,1.0,0.8514620011927556,1.0,0.9987286168515931,0.0033333333333333335,1.0,1.0,0.8732416152317892,0.9331972439653997,0.9931528726990102,0
2014,0.18166893833734843,0.0,0.0,0.0075987841945288626,0.15625,0.2857142857142857,0.0,0.6666666666666666,0.02422891722388687,0.0,0.04260249681084094,0.9696565521840613,0.9435354966071716,0.0,0.8166666666666667,0.5,0.6575761578957151,0.736652080629717,0.815728003363719,0
2015,0.7730956352787512,0.9,0.9985865724381625,0.8964851293935883,0.625,1.0,0.0,0.6666666666666666,0.9056145910903137,0.5,0.12042501173721076,0.9996665555185061,0.998752697858853,0.0023333333333333335,0.9996666666666667,1.0,0.9469754593068207,0.9489267002201522,0.9508779411334838,0
2016,0.18553057739209566,0.1,0.9837455830388693,0.0075987841945288626,0.40625,0.2857142857142857,0.0,0.6666666666666666,0.06406358696040892,0.5,0.08005138253157662,0.9996665555185061,0.9946030145985812,0.0003333333333333333,0.998,1.0,0.7546020031656235,0.844362887194569,0.9341237712235145,0
2017,0.0,0.0,0.0,0.0075987841945288626,0.15625,0.2857142857142857,0.0,0.6666666666666666,0.0241488738896124,0.0,0.015551899294907856,0.7399133044348116,0.7427696039229744,0.0,0.8666666666666667,0.5,0.440621206516729,0.6662555257789062,0.8918898450410834,0
2018,0.0,0.0,0.0,0.0075987841945288626,0.15625,0.2857142857142857,0.0,0.6666666666666666,0.024148873889614175,0.0,0.03103738172839443,0.7465821940646882,0.7931172910931432,0.0,0.813,0.5,0.4888974116139508,0.6478128637322118,0.8067283158504728,0
2019,0.0,0.0,0.0,0.0075987841945288626,0.15625,0.2857142857142857,0.0,0.6666666666666666,0.0241488738896124,0.0,0.029066146078145394,0.7109036345448483,0.7549986882694377,0.0,0.8306666666666667,0.5,0.4624175324137664,0.70295993043895,0.9435023284641336,0
2020,0.1373542855987826,0.0,0.0,0.0075987841945288626,0.15625,0.2857142857142857,0.0,0.6666666666666666,0.024312498008534078,0.0,0.1653260784274474,0.9773257752584195,0.9550860274047007,0.0,0.9096666666666666,0.5,0.6597940291263451,0.8129745067071728,0.9661549842880005,0
2021,0.0,0.0,0.0,0.0075987841945288626,0.15625,0.2857142857142857,0.0,0.6666666666666666,0.02414892560769122,0.0,0.005632776459223443,0.863621207069023,0.8403549010578948,0.0,0.8966666666666667,0.0,0.6177905345724863,0.6385313802468382,0.65927222592119,0
2022,0.062382297551789145,0.0,0.8671378091872791,0.0075987841945288626,0.1875,0.2857142857142857,0.0,0.6666666666666666,0.024502566592293107,0.0,0.06120228015856055,0.972324108036012,0.943118729581118,0.0,0.8443333333333334,1.0,0.6859528546772432,0.777586454340101,0.8692200540029589,0
2023,0.0,0.0,0.0,0.0075987841945288626,0.15625,0.2857142857142857,0.0,0.6666666666666666,0.02414887388961251,0.0,0.08370492899631188,0.7835945315105035,0.7997768364509359,0.0,0.8163333333333334,0.5,0.47959936918646945,0.7019147448926686,0.9242301205988677,0
2024,0.28246397663238665,0.3,0.9985865724381625,0.19696969696969702,0.3125,0.42857142857142855,0.0,0.6666666666666666,0.040614707644998194,0.0,0.21338100884753786,0.9983327775925308,0.9706601978480186,0.0,0.995,1.0,0.6820497090347708,0.770312258931048,0.8585748088273254,0
2025,0.0,0.0,0.0,0.0075987841945288626,0.15625,0.2857142857142857,0.0,0.6666666666666666,0.024148891208490286,0.0,0.05420847308933263,0.8612870956985662,0.8168286628713818,0.0,0.912,0.0,0.6238080016595846,0.6254546194790691,0.6271012372985535,0
2026,0.20946212948456222,0.1,0.9519434628975265,0.0075987841945288626,0.1875,0.2857142857142857,0.0,0.6666666666666666,0.026929327686406213,0.0,0.16866481880746442,0.9969989996665555,0.9812808184510159,0.0,0.9856666666666667,1.0,0.715702268655413,0.8096743251855977,0.9036463817157824,0
2027,0.13947068771518478,0.0,0.0,0.0075987841945288626,0.15625,0.2857142857142857,0.0,0.6666666666666666,0.024373872063121582,0.0,0.15344316178289497,0.9883294431477159,0.9643741104291813,0.0,0.895,0.5,0.6652539747504753,0.7745150453502329,0.8837761159499904,0
2028,0.6933011887433285,0.7,0.9978798586572438,0.4782608695652174,0.34375,0.7142857142857143,0.0,0.6666666666666666,0.5412696990582713,1.0,0.8380793390659385,1.0,0.9979702942478296,0.0006666666666666666,1.0,1.0,0.7267838209773081,0.8318588631230186,0.9369339052687292,0
2029,0.0,0.0,0.0,0.0075987841945288626,0.15625,0.2857142857142857,0.0,0.6666666666666666,0.024148873893293787,0.0,0.03570997589676472,0.7645881960653551,0.8220602293364379,0.0,0.7563333333333333,0.5,0.5201283876767933,0.7037179854886866,0.8873075833005798,0
2030,0.40340949790561487,0.7,0.9971731448763251,0.39669421487603307,0.1875,0.5714285714285714,0.0,0.6666666666666666,0.11942825160422543,0.5,0.6006573188968245,1.0,0.994325540484149,0.0003333333333333333,0.9996666666666667,1.0,0.784339636202528,0.8604980674138776,0.936656498625227,0
2031,0.062382297551789145,0.0,0.0,0.0075987841945288626,0.15625,0.2857142857142857,0.0,0.6666666666666666,0.02414887567468671,0.0,0.03405949824232002,0.8079359786595532,0.8382571905801101,0.0,0.8253333333333334,0.5,0.5661200221504048,0.6953742738468257,0.8246285255432466,0
2032,0.6995290874474975,0.8,1.0,0.8964851293935883,0.5625,1.0,0.0,0.6666666666666666,0.866990728136122,1.0,0.742720995876877,1.0,0.9983816494934413,0.0016666666666666668,1.0,1.0,0.8340836409986624,0.8824073613648804,0.9307310817310984,0
2033,0.062382297551789145,0.0,0.0,0.0075987841945288626,0.15625,0.2857142857142857,0.0,0.6666666666666666,0.024150438987984635,0.0,0.051001969517302626,0.8846282094031344,0.8772810959235557,0.0,0.8566666666666667,0.5,0.6288169924469449,0.7157513314939483,0.8026856705409517,0
2034,0.0,0.0,0.0,0.0075987841945288626,0.15625,0.2857142857142857,0.0,0.6666666666666666,0.02414887388961262,0.0,0.017189111771383714,0.733244414804935,0.7830518302045554,0.0,0.8213333333333334,0.5,0.48180202066234634,0.645900698983273,0.8099993773041996,0
2035,0.062382297551789145,0.0,0.0,0.0075987841945288626,0.15625,0.2857142857142857,0.0,0.6666666666666666,0.024148873894070055,0.0,0.021048221490915897,0.7355785261753918,0.7751955220229781,0.0,0.8793333333333333,0.5,0.540466761045402,0.6423069165697846,0.7441470720941672,0
2036,0.11064621106462114,0.0,0.0,0.0075987841945288626,0.15625,0.2857142857142857,0.0,0.6666666666666666,0.0241646499817173,0.0,0.08170528164244284,0.9436478826275425,0.9268252850100381,0.0,0.8063333333333333,0.5,0.6316363887680667,0.7628025663588287,0.8939687439495907,0
2037,0.6365320575957976,0.6,0.9929328621908127,0.14084507042253525,0.1875,0.2857142857142857,0.0,0.6666666666666666,0.37773289060128745,0.0,0.41907459942154246,0.9993331110370124,0.9888953101802471,0.0,1.0,1.0,0.7874939155145526,0.8794318859138437,0.9713698563131349,0
2038,0.062382297551789145,0.0,0.8671378091872791,0.0075987841945288626,0.1875,0.2857142857142857,0.0,0.6666666666666666,0.024162130312161523,0.0,0.04796257342194499,0.9119706568856285,0.8678399260864751,0.0,0.8953333333333333,1.0,0.6876975612127596,0.7053521203026547,0.7230066793925497,0
2039,0.0,0.0,0.0,0.0075987841945288626,0.15625,0.2857142857142857,0.0,0.6666666666666666,0.0241488738896124,0.0,0.019241566371638763,0.703567855951984,0.7164169232331628,0.0,0.894,0.5,0.44571045127638764,0.5671056572867306,0.6885008632970735,0
2040,0.30086360236896903,0.3,0.9957597173144876,0.39669421487603307,0.5,0.5714285714285714,0.0,0.6666666666666666,0.3090476347715869,0.0,0.44049194480530374,0.9989996665555185,0.9891242546397525,0.0,0.9993333333333333,1.0,0.7990024332516011,0.8606344973680229,0.9222665614844447,0
2041,0.84941956270653,0.9,1.0,0.7424749163879598,0.65625,1.0,0.0,0.6666666666666666,0.8271907630279722,1.0,0.7961131248147786,1.0,0.9981537456546905,0.003,1.0,1.0,0.770423861101324,0.8838486050023212,0.9972733489033184,0
2042,0.0,0.0,0.0,0.0075987841945288626,0.15625,0.2857142857142857,0.0,0.6666666666666666,0.0241488738896124,0.0,0.028883396063696498,0.7315771923974659,0.7731849876207133,0.0,0.8353333333333334,0.5,0.47070985489061384,0.6390937333291457,0.8074776117676775,0
2043,0.0,0.0,0.0,0.0075987841945288626,0.15625,0.2857142857142857,0.0,0.6666666666666666,0.024148900460796763,0.0,0.05415651141908051,0.8712904301433811,0.814971139399021,0.0,0.918,0.0,0.6163506683067793,0.6260884800718168,0.6358262918368544,0
2044,0.3328581207765309,0.4,0.9964664310954063,0.5964912280701755,0.40625,0.8571428571428571,0.0,0.6666666666666666,0.3977742998535061,0.0,0.42222381382534113,0.9993331110370124,0.9943208840190216,0.0,0.9993333333333333,1.0,0.7745323932651971,0.8166493882110153,0.8587663831568335,0
2045,0.701539576957987,0.7,1.0,0.8964851293935883,0.40625,1.0,0.0,0.6666666666666666,0.8793237533607421,0.3333333333333333,0.532584082689876,1.0,0.9976267373627273,0.001,0.9996666666666667,1.0,0.9078527634429732,0.9119125994243482,0.9159724354057234,0
2046,0.11064621106462114,0.0,0.9519434628975265,0.0075987841945288626,0.1875,0.2857142857142857,0.0,0.6666666666666666,0.024234316644610288,0.0,0.11235713586778795,0.9556518839613204,0.9143194294412672,0.0,0.9006666666666667,1.0,0.6683486214329604,0.691910610591923,0.7154725997508857,0
2047,0.1994621294845622,0.1,0.9696113074204947,0.020408163265306145,0.125,0.42857142857142855,0.0,0.6666666666666666,0.08273356226031403,0.5,0.6598196421493487,1.0,0.9933191172684731,0.0003333333333333333,0.999,1.0,0.8060878416180836,0.8251414331059068,0.8441950245937301,0
2048,0.1821739130434783,0.1,0.9752650176678446,0.14084507042253525,0.15625,0.2857142857142857,0.0,0.6666666666666666,0.024450663081128643,0.0,0.17235926629352272,0.9983327775925308,0.969075585427579,0.0,0.9766666666666667,0.5,0.636430105060699,0.807036744041224,0.977643383021749,0
2049,0.0,0.0,0.0,0.0075987841945288626,0.15625,0.2857142857142857,0.0,0.6666666666666666,0.024148873889616618,0.0,0.006180411552663245,0.7085695231743915,0.7820710172553893,0.0,0.8013333333333333,0.5,0.4911701696807722,0.6646615519832949,0.8381529342858176,0
2050,0.0,0.0,0.9674911660777386,0.19696969696969702,0.125,0.42857142857142855,0.0,0.6666666666666666,0.024153268273818362,0.0,0.14474775111564797,0.9929976658886296,0.8739108951355665,0.0,0.9966666666666667,0.5,0.588703231272367,0.6316782012060553,0.6746531711397435,0
2051,0.721880515295956,0.5,0.9971731448763251,0.7424749163879598,0.46875,1.0,0.0,0.6666666666666666,0.6471632945405347,0.0,0.4608495823795503,0.9996665555185061,0.9937091477823855,0.0,1.0,1.0,0.7865151843860572,0.836759959950792,0.8870047355155269,0
2052,0.07131086898036054,0.1,0.9816254416961131,0.14084507042253525,0.1875,0.2857142857142857,0.0,0.6666666666666666,0.027155930985707122,0.0,0.27027878815797945,0.9983327775925308,0.9665949383102531,0.0,0.9566666666666667,1.0,0.6795104542429465,0.8204741611039391,0.9614378679649317,0
2053,0.062382297551789145,0.0,0.0,0.0075987841945288626,0.15625,0.2857142857142857,0.0,0.6666666666666666,0.02414887389434983,0.0,0.028591372858848718,0.7439146382127375,0.8030133111593888,0.0,0.8253333333333334,0.5,0.5302594520612572,0.6749168721977045,0.8195742923341517,0
2054,0.47337517296282305,0.3,0.992226148409894,0.19354838709677424,0.28125,0.8571428571428571,0.0,0.6666666666666666,0.3261419536475272,0.3333333333333333,0.2847786423815586,0.9996665555185061,0.9915656996919262,0.0003333333333333333,0.9986666666666667,1.0,0.8335663995476773,0.8527945525373781,0.8720227055270788,0
2055,0.13630898943153524,0.0,0.8671378091872791,0.0075987841945288626,0.1875,0.2857142857142857,0.0,0.6666666666666666,0.025126549040442203,0.0,0.049391898893216046,0.9906635545181727,0.9707103136517409,0.0,0.9653333333333334,1.0,0.6865362479202244,0.8336888129178838,0.9808413779155432,0
2056,0.062382297551789145,0.0,0.0,0.0075987841945288626,0.15625,0.2857142857142857,0.0,0.6666666666666666,0.024148873889675015,0.0,0.04790925130765278,0.8199399799933311,0.7011143814525225,0.0,0.959,0.0,0.5558047094195767,0.5785689804194353,0.6013332514192938,0
2057,0.8789469318890716,0.9,0.9992932862190813,0.8964851293935883,0.78125,1.0,0.0,0.6666666666666666,0.914990828284547,1.0,0.6302639660794456,1.0,0.9966686259335042,0.0033333333333333335,1.0,1.0,0.8504631883520577,0.8780165494016126,0.9055699104511673,0
2058,0.4335185800476764,0.3,0.9964664310954063,0.4782608695652174,0.34375,0.7142857142857143,0.0,0.6666666666666666,0.4479479006832835,1.0,0.5445416104879013,1.0,0.989196957310634,0.0003333333333333333,0.9996666666666667,1.0,0.7483266952268992,0.8171925700110012,0.8860584447951031,0
2059,0.062382297551789145,0.0,0.0,0.0075987841945288626,0.15625,0.2857142857142857,0.0,0.6666666666666666,0.024148877021845094,0.0,0.05665878540975189,0.8702900966988997,0.7832610189774616,0.0,0.933,0.0,0.6258220104100558,0.6348418493458663,0.6438616882816767,0
2060,0.0,0.0,0.0,0.0075987841945288626,0.15625,0.2857142857142857,0.0,0.6666666666666666,0.024148875850971807,0.0,0.019201777144840837,0.824274758252751,0.82391020779332,0.0,0.89,0.5,0.5845013441464013,0.6268034582109265,0.6691055722754516,0
2061,0.217888198757764,0.1,0.9752650176678446,0.14084507042253525,0.15625,0.2857142857142857,0.0,0.6666666666666666,0.027674049252416344,0.5,0.1792877402309806,0.9993331110370124,0.9695444426239657,0.0,0.9936666666666667,1.0,0.6750794370216887,0.7959197478966173,0.9167600587715459,0
2062,0.15217391304347827,0.0,0.976678445229682,0.07936507936507942,0.1875,0.7142857142857143,0.0,0.6666666666666666,0.02477802059566836,0.0,0.24979707847100097,0.9963321107035679,0.9334658951332282,0.0,0.994,0.5,0.6424067312390751,0.7232620560114991,0.804117380783923,0
2063,0.773311554979965,0.9,1.0,0.8964851293935883,0.4375,1.0,0.0,0.6666666666666666,0.9019347694726513,1.0,0.8489996820863684,1.0,0.9993063171807234,0.007333333333333333,1.0,1.0,0.8877236411867407,0.9179084687329082,0.9480932962790756,0
2064,0.11064621106462114,0.0,0.8671378091872791,0.0075987841945288626,0.1875,0.2857142857142857,0.0,0.6666666666666666,0.024192036776891745,0.0,0.056461648765126715,0.9419806602200733,0.9108764698152665,0.0,0.881,1.0,0.679108615914906,0.6929738712547884,0.7068391265946706,0
2065,0.7070340824524926,1.0,1.0,0.8964851293935883,0.46875,1.0,0.0,0.6666666666666666,0.8695483602716039,1.0,0.8917717292379395,1.0,0.9989781905267191,0.0026666666666666666,1.0,1.0,0.8981783306405202,0.9128375895588938,0.9274968484772675,0
2066,0.0,0.0,0.0,0.0075987841945288626,0.15625,0.2857142857142857,0.0,0.6666666666666666,0.0241488738896124,0.0,0.05668758953797115,0.7295765255085028,0.7476761647262375,0.0,0.8583333333333334,0.5,0.4509886319992898,0.6626947767422254,0.874400921485161,0
2067,0.7070340824524926,0.8,0.9992932862190813,0.8964851293935883,0.6875,1.0,0.0,0.6666666666666666,0.8744327819008098,0.5,0.4764960605290648,0.9996665555185061,0.996134945526164,0.001,0.9996666666666667,1.0,0.902033271119449,0.9232908917967005,0.9445485124739521,0
2068,0.7564737874843028,1.0,1.0,0.8964851293935883,0.84375,1.0,0.0,0.6666666666666666,0.8702837439682165,1.0,0.9631422086578475,1.0,0.9997411334086684,0.004,1.0,1.0,0.9047082191787174,0.9497496615389593,0.9947911038992013,0
2069,0.773311554979965,0.9,0.9992932862190813,0.8964851293935883,0.65625,1.0,0.0,0.6666666666666666,0.9120791873185867,0.5,0.2535660416079266,0.9996665555185061,0.9988263315300374,0.0033333333333333335,0.9996666666666667,1.0,0.8655141255209211,0.931844713871714,0.9981753022225068,0
2070,0.0,0.0,0.0,0.0075987841945288626,0.15625,0.2857142857142857,0.0,0.6666666666666666,0.0241488738896124,0.0,0.03490957669138883,0.7089029676558853,0.7236387091902252,0.0,0.8873333333333333,0.5,0.44689334283980287,0.5733248097915749,0.699756276743347,0
2071,0.11064621106462114,0.0,0.0,0.0075987841945288626,0.15625,0.2857142857142857,0.0,0.6666666666666666,0.024148875471914577,0.0,0.03546881000022373,0.8216072024008003,0.8612863417707237,0.0,0.7213333333333334,0.5,0.5546928397598225,0.7171191916515509,0.8795455435432793,0
2072,0.11064621106462114,0.0,0.0,0.0075987841945288626,0.15625,0.2857142857142857,0.0,0.6666666666666666,0.024148885504330586,0.0,0.02045473841164036,0.8039346448816272,0.8552426923836078,0.0,0.704,0.5,0.567528261582077,0.7412370127218921,0.9149457638617073,0
2073,0.1998542855987826,0.1,0.8671378091872791,0.0075987841945288626,0.1875,0.2857142857142857,0.0,0.6666666666666666,0.025810358681205625,0.5,0.23543403954412212,0.9996665555185061,0.9917454626460868,0.0,0.972,1.0,0.6946818675787287,0.826557895791008,0.9584339240032872,0
2074,0.0,0.0,0.0,0.0075987841945288626,0.15625,0.2857142857142857,0.0,0.6666666666666666,0.0241488738896124,0.0,0.02616568999676261,0.6882294098032677,0.7434238674073748,0.0,0.8576666666666667,0.5,0.48178645163267275,0.6369257667497186,0.7920650818667644,0
2075,0.062382297551789145,0.0,0.0,0.0075987841945288626,0.15625,0.2857142857142857,0.0,0.6666666666666666,0.02414957404671536,0.0,0.017485285837393838,0.8666222074024674,0.8411308577715532,0.0,0.8866666666666667,0.5,0.6451594991140296,0.6850015586025681,0.7248436180911065,0
2076,0.062382297551789145,0.0,0.0,0.0075987841945288626,0.15625,0.2857142857142857,0.0,0.6666666666666666,0.02414887388962328,0.0,0.009647711748973609,0.6978992997665889,0.7596298992675595,0.0,0.8503333333333334,0.5,0.5047211637122689,0.6424525148132701,0.7801838659142714,0
2077,0.0,0.0,0.0,0.0075987841945288626,0.15625,0.2857142857142857,0.0,0.6666666666666666,0.02414887388961462,0.0,0.030127169432479173,0.735245081693898,0.7689222610359571,0.0,0.871,0.5,0.5004104829782394,0.595123498721339,0.6898365144644385,0
2078,0.0,0.0,0.0,0.0075987841945288626,0.15625,0.2857142857142857,0.0,0.6666666666666666,0.0241488738896124,0.0,0.056951610900936256,0.6918972990996999,0.7234227043579533,0.0,0.876,0.5,0.452257275862778,0.582044102107796,0.7118309283528139,0
2079,0.1994621294845622,0.0,0.9519434628975265,0.0075987841945288626,0.1875,0.2857142857142857,0.0,0.6666666666666666,0.025501876392389766,0.0,0.04280679452277614,0.9856618872957652,0.9584708577340094,0.0,0.868,1.0,0.7105716323877084,0.7872529957262697,0.8639343590648312,0
2080,0.4159202363623762,0.3,0.976678445229682,0.07936507936507942,0.1875,0.7142857142857143,0.0,0.6666666666666666,0.10011331112206279,0.0,0.4180551608900006,0.9986662220740247,0.9770766119136445,0.0,0.9966666666666667,1.0,0.6848723124980439,0.8276357577192868,0.9703992029405295,0
2081,0.062382297551789145,0.0,0.0,0.0075987841945288626,0.15625,0.2857142857142857,0.0,0.6666666666666666,0.02414887389270559,0.0,0.05334816504663853,0.7929309769923307,0.8311827647327589,0.0,0.764,0.5,0.519546171413731,0.7521259137374897,0.9847056560612484,0
2082,0.0,0.0,0.0,0.0075987841945288626,0.15625,0.2857142857142857,0.0,0.6666666666666666,0.02414887471855265,0.0,0.037597544007007766,0.7812604201400467,0.8411961617352672,0.0,0.7963333333333333,0.5,0.5527205850171192,0.6900654962181896,0.8274104074192601,0
2083,0.8773252706616756,0.9,0.9992932862190813,0.8964851293935883,0.65625,1.0,0.0,0.6666666666666666,0.9008342508440697,1.0,0.8166215504120762,1.0,0.9986826452128489,0.006,1.0,1.0,0.818607108423821,0.8992233759954682,0.9798396435671153,0
2084,0.8562196591617989,0.9,1.0,0.8964851293935883,0.78125,1.0,0.0,0.6666666666666666,0.9204696386237001,1.0,0.7641520576895835,1.0,0.9992845404545629,0.0033333333333333335,1.0,1.0,0.8771819214797392,0.9066980350314437,0.9362141485831484,0
2085,0.7600623042307143,1.0,1.0,0.8964851293935883,0.6875,1.0,0.0,0.6666666666666666,0.8871224671607768,1.0,0.9700501157304247,1.0,0.9995401364940507,0.004666666666666667,1.0,1.0,0.9283152560866116,0.9570015990924768,0.9856879420983421,0
2086,0.6851060105244206,0.7,0.9985865724381625,0.8964851293935883,0.5,1.0,0.0,0.6666666666666666,0.8572417465275532,1.0,0.9811786075276416,1.0,0.999909796175047,0.0013333333333333333,1.0,1.0,0.8457870934439048,0.8795039875003967,0.9132208815568887,0
2087,0.0,0.0,0.0,0.0075987841945288626,0.15625,0.2857142857142857,0.0,0.6666666666666666,0.0241488738896124,0.0,0.039680068639539545,0.7059019673224408,0.6887269710052389,0.0,0.8973333333333333,0.5,0.40650134949026095,0.676776306968767,0.9470512644472731,0
2088,0.07131086898036054,0.0,0.9484098939929329,0.0075987841945288626,0.25,0.2857142857142857,0.0,0.6666666666666666,0.024489774700468647,0.0,0.12380835038464122,0.9676558852950984,0.919407342713036,0.0,0.8873333333333333,1.0,0.7282791278393483,0.7417959747448801,0.7553128216504118,0
2089,0.062382297551789145,0.0,0.0,0.0075987841945288626,0.15625,0.2857142857142857,0.0,0.6666666666666666,0.02414888151315231,0.0,0.01489519564647801,0.8019339779926642,0.8105367028024446,0.0,0.8813333333333333,0.5,0.5964783187170662,0.6635459637655365,0.7306136088140069,0
2090,0.11064621106462114,0.0,0.0,0.0075987841945288626,0.15625,0.2857142857142857,0.0,0.6666666666666666,0.024150289552427706,0.0,0.1264873496607951,0.9693231077025675,0.9429298556499447,0.0,0.7706666666666666,0.5,0.6098441529576357,0.7748899070108213,0.9399356610640068,0
2091,0.07131086898036054,0.0,0.9484098939929329,0.0075987841945288626,0.25,0.2857142857142857,0.0,0.6666666666666666,0.02433085782597455,0.0,0.04860111884850693,0.9579859953317773,0.9004192036050661,0.0,0.901,1.0,0.7265765791995481,0.7310808553635796,0.7355851315276111,0
2092,0.11064621106462114,0.0,0.0,0.0075987841945288626,0.15625,0.2857142857142857,0.0,0.6666666666666666,0.024156614510332353,0.0,0.0849058581597738,0.942647549183061,0.9277956472464227,0.0,0.852,0.5,0.6233074993816529,0.7888284623297952,0.9543494252779375,0
2093,0.0,0.0,0.0,0.0075987841945288626,0.15625,0.2857142857142857,0.0,0.6666666666666666,0.0241488738896124,0.0,0.03149589870045,0.6805601867289096,0.6397101435809459,0.0,0.9506666666666667,0.0,0.4200624820778758,0.5085996033577107,0.5971367246375457,0
2094,0.2994621294845621,0.1,0.992226148409894,0.19354838709677424,0.28125,0.8571428571428571,0.0,0.6666666666666666,0.18223313325689117,0.0,0.317870121494801,0.9976658886295432,0.9867000072542006,0.0,0.9976666666666667,1.0,0.8315557079376686,0.8388415883902773,0.8461274688428861,0
2095,0.721880515295956,0.5,0.9971731448763251,0.7424749163879598,0.46875,1.0,0.0,0.6666666666666666,0.758952783030967,0.6666666666666666,0.5657611575957573,1.0,0.9959433234668134,0.0006666666666666666,1.0,1.0,0.7930778216612009,0.8513852665451146,0.9096927114290283,0
2096,0.11064621106462114,0.0,0.0,0.0075987841945288626,0.15625,0.2857142857142857,0.0,0.6666666666666666,0.024148927129731268,0.0,0.07774773341410612,0.8506168722907635,0.8754067747624622,0.0,0.7096666666666667,0.5,0.5788111886088553,0.773642088892381,0.9684729891759067,0
2097,0.0,0.0,0.0,0.0075987841945288626,0.15625,0.2857142857142857,0.0,0.6666666666666666,0.02414887788572606,0.0,0.051110101339771896,0.8446148716238746,0.8683699767979383,0.0,0.794,0.5,0.5646071983981409,0.6857253309436757,0.8068434634892104,0
2098,0.18166893833734843,0.0,0.8671378091872791,0.0075987841945288626,0.1875,0.2857142857142857,0.0,0.6666666666666666,0.02475200245646325,0.0,0.05414392667289625,0.9853284428142715,0.9597652079375588,0.0,0.9006666666666667,1.0,0.6848698997313528,0.7579470182985967,0.8310241368658405,0
2099,0.4798961471750224,0.7,0.9978798586572438,0.7424749163879598,0.46875,1.0,0.0,0.6666666666666666,0.6637124128356611,0.5,0.6070699162401352,1.0,0.9964902888466263,0.0003333333333333333,0.9993333333333333,1.0,0.7413376257862164,0.8604617587464666,0.9795858917067167,0
2100,0.0,0.0,0.0,0.0075987841945288626,0.15625,0.2857142857142857,0.0,0.6666666666666666,0.024148873889731415,0.0,0.028004028619904586,0.7772590863621207,0.7276213122815184,0.0,0.9386666666666666,0.0,0.5583893734402761,0.5655863403448238,0.5727833072493715,0
2101,0.19059750976591983,0.0,0.9469964664310954,0.0075987841945288626,0.15625,0.2857142857142857,0.0,0.6666666666666666,0.028674974717382673,0.0,0.26515580707997877,0.9936645548516172,0.9716238482207633,0.0,0.8866666666666667,1.0,0.7272787147056848,0.7438197300961815,0.7603607454866781,0
2102,0.11064621106462114,0.0,0.0,0.0075987841945288626,0.15625,0.2857142857142857,0.0,0.6666666666666666,0.02415892099094885,0.0,0.04492081554143945,0.9393131043681227,0.926833838784745,0.0,0.8033333333333333,0.5,0.6275812598115484,0.7499391473258297,0.8722970348401109,0
2103,0.062382297551789145,0.0,0.0,0.0075987841945288626,0.15625,0.2857142857142857,0.0,0.6666666666666666,0.024148897820806425,0.0,0.06325512072229234,0.9193064354784928,0.9045690594648707,0.0,0.758,0.5,0.5757979034840225,0.7532268168303557,0.9306557301766889,0
2104,0.4335185800476764,0.5,0.9964664310954063,0.4782608695652174,0.34375,0.7142857142857143,0.0,0.6666666666666666,0.5136382081765447,0.0,0.38362081738901177,0.9986662220740247,0.981854244790954,0.0,0.9983333333333333,1.0,0.7464601987420814,0.8268043886900882,0.9071485786380951,0
2105,0.23657788808325475,0.4,0.9957597173144876,0.39669421487603307,0.3125,0.5714285714285714,0.0,0.6666666666666666,0.1471271278923606,0.5,0.4610891058707194,0.9996665555185061,0.9943100465794144,0.0003333333333333333,1.0,1.0,0.7781156807611145,0.8653604337550058,0.952605186748897,0
2106,0.34983806933418626,0.0,0.9484098939929329,0.0075987841945288626,0.25,0.2857142857142857,0.0,0.6666666666666666,0.04138835025972909,0.0,0.2341449704729207,0.995998666222074,0.9785017316845207,0.0,0.9973333333333333,1.0,0.7511111220722885,0.8329879252807182,0.9148647284891478,0
2107,0.0,0.0,0.0,0.0075987841945288626,0.15625,0.2857142857142857,0.0,0.6666666666666666,0.0241488738896124,0.0,0.03927997482308121,0.6782260753584528,0.6807727828157868,0.0,0.896,0.5,0.40691979341871065,0.6636323329871912,0.9203448725556715,0
2108,0.0,0.0,0.0,0.0075987841945288626,0.15625,0.2857142857142857,0.0,0.6666666666666666,0.0241488738896124,0.0,0.03312674482910838,0.7152384128042681,0.7020413504662957,0.0,0.8993333333333333,0.5,0.40844524379443353,0.6085314292527529,0.8086176147110723,0
2109,0.07131086898036054,0.0,0.9879858657243816,0.0075987841945288626,0.28125,0.2857142857142857,0.0,0.6666666666666666,0.02568818997800637,0.0,0.1509538480280408,0.9856618872957652,0.9433919106612008,0.0,0.8926666666666667,1.0,0.7584950718186317,0.7604238553829832,0.7623526389473345,0
2110,0.062382297551789145,0.0,0.0,0.0075987841945288626,0.15625,0.2857142857142857,0.0,0.6666666666666666,0.024185303471227826,0.0,0.11289329276292592,0.9639879959986662,0.9366352239811955,0.0,0.845,0.5,0.654247949128995,0.7584201295258702,0.8625923099227455,0
2111,0.062382297551789145,0.0,0.0,0.0075987841945288626,0.15625,0.2857142857142857,0.0,0.6666666666666666,0.02414888897841816,0.0,0.04347626722246334,0.8172724241413805,0.7986050878888294,0.0,0.8976666666666666,0.5,0.617842972689328,0.6548038691791271,0.6917647656689264,0
2112,0.5262139766323867,0.6,0.9985865724381625,0.7424749163879598,0.375,1.0,0.0,0.6666666666666666,0.7194483869684368,0.5,0.5790353633934293,1.0,0.9945078046160067,0.001,1.0,1.0,0.7421098482649413,0.8088798075895718,0.8756497669142022,0
2113,0.062382297551789145,0.0,0.0,0.0075987841945288626,0.15625,0.2857142857142857,0.0,0.6666666666666666,0.02414887389000009,0.0,0.026252592130757035,0.8326108702900967,0.7118201120900066,0.0,0.9576666666666667,0.0,0.5624245328588522,0.5866814301409469,0.6109383274230414,0
2114,0.4244621294845622,0.6,0.9978798586572438,0.5964912280701755,0.375,0.8571428571428571,0.0,0.6666666666666666,0.4463538258714801,0.5,0.368732388484482,0.9996665555185061,0.995097534472514,0.0,0.9996666666666667,1.0,0.8424015904502972,0.8706655561895712,0.8989295219288452,0
2115,0.0,0.0,0.0,0.0075987841945288626,0.15625,0.2857142857142857,0.0,0.6666666666666666,0.0241488738896124,0.0,0.03439203028467175,0.6765588529509836,0.7059273960072544,0.0,0.885,0.5,0.4388372771226338,0.6216584480001232,0.8044796188776124,0
2116,0.0,0.0,0.0,0.0075987841945288626,0.15625,0.2857142857142857,0.0,0.6666666666666666,0.0241488738896124,0.0,0.07560666022562224,0.687895965321774,0.6568571174483264,0.0,0.9396666666666667,0.0,0.405043174900374,0.5292225885735591,0.6534020022467442,0
2117,0.0,0.0,0.9674911660777386,0.19696969696969702,0.125,0.42857142857142855,0.0,0.6666666666666666,0.025343917296939855,0.0,0.07530315246073105,0.9939979993331111,0.9234287811257861,0.0,0.977,0.5,0.6057360967627501,0.7887518473184991,0.9717675978742483,0
2118,0.5375972692656793,0.6,0.9992932862190813,0.39669421487603307,0.53125,0.5714285714285714,0.0,0.6666666666666666,0.3896615709382717,0.5,0.5114757519485497,1.0,0.9941371900749947,0.0003333333333333333,1.0,1.0,0.814036122639949,0.8933150308069635,0.972593938973978,0
2119,0.7250972692656793,0.8,1.0,0.8964851293935883,0.40625,1.0,0.0,0.6666666666666666,0.8724341397384465,1.0,0.6932129011403165,1.0,0.9972268506427684,0.002,1.0,1.0,0.919660401322777,0.9421874786457427,0.9647145559687084,0
2120,0.11064621106462114,0.0,0.0,0.0075987841945288626,0.15625,0.2857142857142857,0.0,0.6666666666666666,0.024154866065810854,0.0,0.07623255994163702,0.9359786595531844,0.9192840109362368,0.0,0.8220000000000001,0.5,0.6299669396582398,0.7101578456863695,0.7903487517144991,0
2121,0.11064621106462114,0.0,0.0,0.0075987841945288626,0.15625,0.2857142857142857,0.0,0.6666666666666666,0.024149103717717946,0.0,0.05173189584837712,0.8949649883294432,0.898917713105247,0.0,0.7953333333333333,0.5,0.5962035444704751,0.7006914689675273,0.8051793934645796,0
2122,0.1463108689803605,0.4,0.9929328621908127,0.14084507042253525,0.1875,0.2857142857142857,0.0,0.6666666666666666,0.1947707847921467,0.5,0.49370331544474666,0.9993331110370124,0.9895320812442601,0.0,0.999,1.0,0.7848697978638739,0.8484329641550952,0.9119961304463164,0
2123,0.0,0.0,0.0,0.0075987841945288626,0.15625,0.2857142857142857,0.0,0.6666666666666666,0.0241488738896124,0.0,0.02995520936065721,0.6812270756918972,0.7069435068750392,0.0,0.885,0.5,0.43535617957449996,0.6255649957082263,0.8157738118419527,0
2124,0.4077954628178956,0.5,0.9978798586572438,0.39669421487603307,0.21875,0.5714285714285714,0.0,0.6666666666666666,0.24383092377452964,1.0,0.6085828006082226,1.0,0.9920779238089802,0.0003333333333333333,1.0,1.0,0.8172661919333164,0.8580398795307982,0.8988135671282799,0
2125,0.062382297551789145,0.0,0.0,0.0075987841945288626,0.15625,0.2857142857142857,0.0,0.6666666666666666,0.024148873905444845,0.0,0.08170503611168178,0.8236078692897633,0.8458698055485149,0.0,0.7846666666666666,0.5,0.5305880494778114,0.7175838932601422,0.9045797370424729,0
2126,0.0,0.0,0.9469964664310954,0.0075987841945288626,0.15625,0.2857142857142857,0.0,0.6666666666666666,0.02414888875948984,0.0,0.08899828855084668,0.9349783261087029,0.7950680176218011,0.0,0.973,0.5,0.5416573026842437,0.6353837823885303,0.7291102620928169,0
2127,0.11064621106462114,0.0,0.0,0.0075987841945288626,0.15625,0.2857142857142857,0.0,0.6666666666666666,0.024148881126226818,0.0,0.013915668839391215,0.8402800933644547,0.8676432849447527,0.0,0.698,0.5,0.5641454386269142,0.7598628614225011,0.9555802842180882,0
2128,0.18166893833734843,0.0,0.0,0.0075987841945288626,0.15625,0.2857142857142857,0.0,0.6666666666666666,0.024290608497957833,0.0,0.18358000455110457,0.9826608869623208,0.9570602213462958,0.0,0.8706666666666667,0.5,0.6665573427813626,0.7374471031957599,0.8083368636101572,0
2129,0.5016345220766618,0.4,0.9992932862190813,0.07936507936507942,0.375,0.7142857142857143,0.0,0.6666666666666666,0.058737980909788545,1.0,0.7238766826915581,1.0,0.9918465888835432,0.0003333333333333333,0.9986666666666667,1.0,0.6719565320569733,0.7923172808152419,0.9126780295735104,0
2130,0.062382297551789145,0.0,0.0,0.0075987841945288626,0.15625,0.2857142857142857,0.0,0.6666666666666666,0.024148873889814904,0.0,0.035755956679938916,0.7555851950650216,0.8054366398725381,0.0,0.8076666666666666,0.5,0.51111564687163,0.6862126801214148,0.8613097133711995,0
2131,0.24253026903563568,0.4,0.9978798586572438,0.5964912280701755,0.65625,0.8571428571428571,0.0,0.6666666666666666,0.6102121298368325,0.5,0.5251563769674479,1.0,0.997084069983283,0.0,0.9993333333333333,1.0,0.8300877677116206,0.8965451196224239,0.9630024715332272,0
2132,0.0,0.0,0.9816254416961131,0.10169491525423724,0.21875,0.5714285714285714,0.0,0.6666666666666666,0.024174694896444415,0.0,0.07644822012608687,0.9639879959986662,0.8880396254286306,0.0,0.9573333333333334,0.5,0.6037003293471109,0.6885418713500171,0.7733834133529234,0
2133,0.062382297551789145,0.0,0.0,0.0075987841945288626,0.15625,0.2857142857142857,0.0,0.6666666666666666,0.024149930234324657,0.0,0.03230692740441976,0.8726242080693565,0.8422221198201136,0.0,0.89,0.5,0.6530967226406788,0.6860777703132208,0.719058817985763,0
2134,0.0,0.0,0.0,0.0075987841945288626,0.15625,0.2857142857142857,0.0,0.6666666666666666,0.0241488738896124,0.0,0.02606972356267323,0.6945648549516505,0.7236236181762796,0.0,0.8646666666666667,0.5,0.4357193398832904,0.6648735801894371,0.8940278204955837,0
2135,0.0,0.0,0.0,0.0075987841945288626,0.15625,0.2857142857142857,0.0,0.6666666666666666,0.024148874057615788,0.0,0.02635176183973964,0.8112704234744915,0.7865148557435819,0.0,0.9113333333333333,0.0,0.5834029420998249,0.6034773708175413,0.6235517995352576,0
2136,0.9083515806072376,1.0,1.0,0.8964851293935883,0.59375,1.0,0.0,0.6666666666666666,0.9109127852043232,1.0,0.8813129374526757,1.0,0.9984095488249155,0.007,1.0,1.0,0.9350159465702317,0.9360652070122939,0.937114467454356,0
2137,0.0,0.0,0.0,0.0075987841945288626,0.15625,0.2857142857142857,0.0,0.6666666666666666,0.02414888144104288,0.0,0.036509725470801335,0.8382794264754918,0.8281681896037919,0.0,0.8916666666666666,0.0,0.5988000261474644,0.6299358306966892,0.6610716352459141,0
2138,0.8225749597404004,0.8,0.9971731448763251,0.7424749163879598,0.375,1.0,0.0,0.6666666666666666,0.7461957282820914,1.0,0.5877950663255804,1.0,0.9952263377808352,0.0006666666666666666,1.0,1.0,0.774067522611191,0.8530286708715844,0.9319898191319776,0
2139,0.11064621106462114,0.0,0.0,0.0075987841945288626,0.15625,0.2857142857142857,0.0,0.6666666666666666,0.024148877820550085,0.0,0.03907774512740081,0.8302767589196398,0.8658028900239136,0.0,0.7156666666666667,0.5,0.5605803679378197,0.7223724715898463,0.8841645752418729,0
2140,0.062382297551789145,0.0,0.8671378091872791,0.0075987841945288626,0.1875,0.2857142857142857,0.0,0.6666666666666666,0.02419418098129278,0.0,0.08782778596836072,0.9219739913304434,0.8975224444753438,0.0,0.87,1.0,0.6776973359185835,0.7308001149365859,0.7839028939545882,0
2141,0.11064621106462114,0.0,0.0,0.0075987841945288626,0.15625,0.2857142857142857,0.0,0.6666666666666666,0.02414891243030115,0.0,0.06259058306098775,0.8262754251417139,0.8546894357249493,0.0,0.8446666666666667,0.5,0.590942706564183,0.6642356664270034,0.7375286262898237,0
2142,0.11064621106462114,0.0,0.8671378091872791,0.0075987841945288626,0.1875,0.2857142857142857,0.0,0.6666666666666666,0.02419834822800271,0.0,0.04676580743279368,0.9333111037012337,0.9094980778976482,0.0,0.8706666666666667,1.0,0.6725999782063556,0.6997600767276533,0.726920175248951,0
2143,0.062382297551789145,0.0,0.0,0.0075987841945288626,0.15625,0.2857142857142857,0.0,0.6666666666666666,0.024159002626057302,0.0,0.01757862296513324,0.9116372124041348,0.8851112238898354,0.0,0.8713333333333333,0.5,0.6611026981271622,0.715642954769983,0.7701832114128038,0
2144,0.062382297551789145,0.0,0.0,0.0075987841945288626,0.15625,0.2857142857142857,0.0,0.6666666666666666,0.024148873996994613,0.0,0.03400495038607865,0.8102700900300099,0.8395919136763028,0.0,0.7989999999999999,0.5,0.5439199913862617,0.7045416078006559,0.8651632242150501,0
2145,0.062382297551789145,0.0,0.0,0.0075987841945288626,0.15625,0.2857142857142857,0.0,0.6666666666666666,0.02414897686253492,0.0,0.023195713140916285,0.8446148716238746,0.8592707122423462,0.0,0.8516666666666667,0.5,0.6003166752905823,0.705442806451638,0.8105689376126939,0
2146,0.062382297551789145,0.0,0.0,0.0075987841945288626,0.15625,0.2857142857142857,0.0,0.6666666666666666,0.024154019305940078,0.0,0.03190626926983198,0.9323107702567522,0.9115779259283986,0.0,0.847,0.5,0.6324017938644126,0.7421085517119695,0.8518153095595264,0
2147,0.062382297551789145,0.0,0.0,0.0075987841945288626,0.15625,0.2857142857142857,0.0,0.6666666666666666,0.024213272843733757,0.0,0.12385935586140318,0.9876625541847283,0.9641785485116358,0.0,0.833,0.5,0.6556403571033529,0.7799591188326531,0.9042778805619534,0
2148,0.062382297551789145,0.0,0.0,0.0075987841945288626,0.15625,0.2857142857142857,0.0,0.6666666666666666,0.024152271168930928,0.0,0.06864680087504049,0.8989663221073692,0.8847343280862227,0.0,0.8573333333333333,0.5,0.6372311172519484,0.7206184495804373,0.8040057819089261,0
2149,0.0,0.0,0.0,0.0075987841945288626,0.15625,0.2857142857142857,0.0,0.6666666666666666,0.024148873891516986,0.0,0.01609590657789106,0.7395798599533178,0.809544273030268,0.0,0.7706666666666666,0.5,0.5188065173077034,0.6717672581508591,0.8247279989940147,0
2150,0.7659454835513936,1.0,1.0,0.8964851293935883,0.65625,1.0,0.0,0.6666666666666666,0.917129199268062,1.0,0.9423694841844166,1.0,0.9993625330155587,0.005666666666666667,1.0,1.0,0.9013315659238714,0.9491586138448175,0.9969856617657635,0
2151,0.0,0.0,0.0,0.0075987841945288626,0.15625,0.2857142857142857,0.0,0.6666666666666666,0.0241488738896124,0.0,0.047391732241488294,0.7199066355451818,0.7295209042821651,0.0,0.874,0.5,0.4365641107745392,0.652922221878666,0.8692803329827928,0
2152,0.15217391304347827,0.0,0.976678445229682,0.07936507936507942,0.1875,0.7142857142857143,0.0,0.6666666666666666,0.02558113835389153,0.0,0.3167861878831978,0.9936645548516172,0.9259821703161986,0.0,0.9933333333333333,0.5,0.6407485584077711,0.7491120436805038,0.8574755289532364,0
2153,0.7816426438257598,0.9,1.0,0.8964851293935883,0.625,1.0,0.0,0.6666666666666666,0.9089198461144302,1.0,0.7727318663227543,1.0,0.9980067355628577,0.0036666666666666666,1.0,1.0,0.9603591213943096,0.9684327445394338,0.9765063676845582,0
2154,0.0,0.0,0.9674911660777386,0.19696969696969702,0.125,0.42857142857142855,0.0,0.6666666666666666,0.024190274025659875,0.0,0.41496295610333245,0.9953317772590864,0.9048734911583824,0.0,0.9956666666666667,0.5,0.5696057160425395,0.696960970430518,0.8243162248184964,0
2155,0.0,0.0,0.0,0.0075987841945288626,0.15625,0.2857142857142857,0.0,0.6666666666666666,0.0241488738896124,0.0,0.037861837374536966,0.6802267422474157,0.7199724524500374,0.0,0.8693333333333333,0.5,0.4535770884991296,0.6276759314590263,0.8017747744189232,0
2156,0.0,0.0,0.0,0.0075987841945288626,0.15625,0.2857142857142857,0.0,0.6666666666666666,0.0241488738896124,0.0,0.02932965762821249,0.7449149716572191,0.7684271544287955,0.0,0.8366666666666667,0.5,0.4661202337534042,0.675237351777464,0.8843544698015239,0
2157,0.15217391304347827,0.0,0.9752650176678446,0.14084507042253525,0.15625,0.2857142857142857,0.0,0.6666666666666666,0.024398291247545334,0.0,0.27654301795975733,0.9949983327775925,0.9220116923490633,0.0,0.9943333333333333,0.5,0.6369182408502851,0.7398535429779378,0.8427888451055905,0
2158,0.21274563318777295,0.0,0.9915194346289753,0.07936507936507942,0.25,0.7142857142857143,0.0,0.6666666666666666,0.024153954704482006,0.0,0.25183952226188766,0.9966655551850617,0.9163839822016722,0.0,0.997,0.5,0.5636293803741412,0.7396964325355586,0.9157634846969759,0
2159,0.4680988108327947,0.7,0.9992932862190813,0.5964912280701755,0.53125,0.8571428571428571,0.0,0.6666666666666666,0.48109061759474403,1.0,0.7557206918593169,1.0,0.9983581119995086,0.001,1.0,1.0,0.7928948414493173,0.8238629747239956,0.854831107998674,0
2160,0.0,0.0,0.9943462897526502,0.19696969696969702,0.1875,0.42857142857142855,0.0,0.6666666666666666,0.024261854666965954,0.0,0.28853628683980936,0.9966655551850617,0.922384124502344,0.0,0.996,0.5,0.6459061967661176,0.6579299667160681,0.6699537366660185,0
2161,0.07131086898036054,0.0,0.9696113074204947,0.020408163265306145,0.125,0.42857142857142855,0.0,0.6666666666666666,0.025261157650271038,0.0,0.09318641646545689,0.9826608869623208,0.9291879939203469,0.0,0.916,1.0,0.7291895824451553,0.7550738549959839,0.7809581275468126,0
2162,0.60223990726234,1.0,1.0,0.8964851293935883,0.75,1.0,0.0,0.6666666666666666,0.8753896514889834,1.0,0.757159929227887,1.0,0.9965117112189027,0.0023333333333333335,1.0,1.0,0.9143694067632627,0.9373923335454598,0.9604152603276569,0
2163,0.062382297551789145,0.0,0.0,0.0075987841945288626,0.15625,0.2857142857142857,0.0,0.6666666666666666,0.024148910272211777,0.0,0.020472127815244656,0.8352784261420474,0.8536594788983103,0.0,0.8496666666666667,0.5,0.590611018955953,0.7026529078725198,0.8146947967890865,0
2164,0.15881086898036045,0.2,0.9957597173144876,0.14084507042253525,0.21875,0.2857142857142857,0.0,0.6666666666666666,0.040862886912253704,1.0,0.5596256800024333,1.0,0.9896793005072202,0.0,0.9393333333333334,1.0,0.7665388789880573,0.7993428152172817,0.8321467514465061,0
2165,0.561441296151229,0.8,0.9992932862190813,0.8964851293935883,0.5,1.0,0.0,0.6666666666666666,0.8726228189062354,1.0,0.540547190310116,1.0,0.994461271849781,0.0016666666666666668,1.0,1.0,0.8760781384696761,0.9184460534131117,0.9608139683565473,0
2166,0.45420992194390575,0.5,0.9964664310954063,0.5964912280701755,0.40625,0.8571428571428571,0.0,0.6666666666666666,0.527501663445987,0.5,0.547842978831701,1.0,0.9963878804354087,0.0,0.9993333333333333,1.0,0.7786373831387052,0.8262370070283351,0.873836630917965,0
2167,0.11064621106462114,0.0,0.9674911660777386,0.19696969696969702,0.125,0.42857142857142855,0.0,0.6666666666666666,0.028054788153138,0.0,0.05241687044255994,0.9903301100366789,0.9500340649689762,0.0,0.9416666666666667,0.5,0.6602442097162675,0.7489416035421734,0.8376389973680793,0
2168,0.8944626917183488,1.0,0.9992932862190813,0.8964851293935883,0.625,1.0,0.0,0.6666666666666666,0.8951351213985942,1.0,0.7572271473341529,1.0,0.9975531061329531,0.0013333333333333333,1.0,1.0,0.9532229525293558,0.9563818995098555,0.9595408464903552,0
2169,0.11064621106462114,0.0,0.0,0.0075987841945288626,0.15625,0.2857142857142857,0.0,0.6666666666666666,0.024148888679021763,0.0,0.020881871633448013,0.8079359786595532,0.8578357613388323,0.0,0.7006666666666667,0.5,0.5692346969593904,0.7429647615043544,0.9166948260493185,0
2170,0.0,0.0,0.0,0.0075987841945288626,0.15625,0.2857142857142857,0.0,0.6666666666666666,0.02414887388975262,0.0,0.028705942987326982,0.7465821940646882,0.771586264618929,0.0,0.8906666666666667,0.0,0.5252975885522196,0.5935579167198359,0.6618182448874522,0
2171,0.1994621294845622,0.0,0.9802120141342756,0.0075987841945288626,0.21875,0.2857142857142857,0.0,0.6666666666666666,0.024856400139134815,0.0,0.13591331113552652,0.9783261087029009,0.946528681513648,0.0,0.868,1.0,0.7002010228640141,0.7790702780930436,0.8579395333220731,0
2172,0.11064621106462114,0.0,0.0,0.0075987841945288626,0.15625,0.2857142857142857,0.0,0.6666666666666666,0.02414887442444913,0.0,0.044124186408828314,0.8159386462154051,0.8514911120074284,0.0,0.724,0.5,0.5471787550994965,0.7483277096019423,0.949476664104388,0
2173,0.0,0.0,0.0,0.0075987841945288626,0.15625,0.2857142857142857,0.0,0.6666666666666666,0.0241488738896124,0.0,0.06795207755247035,0.7242414138046016,0.7012272380345652,0.0,0.901,0.5,0.40931991013535185,0.6987134039599173,0.9881068977844828,0
2174,0.8837789310345882,0.9,1.0,0.8964851293935883,0.90625,1.0,0.0,0.6666666666666666,0.9161429118882598,1.0,0.7500779420907323,1.0,0.9987201324075118,0.004,1.0,1.0,0.9570351344032193,0.9612884484517511,0.9655417625002829,0
2175,0.5003313407499195,0.5,0.9957597173144876,0.679144385026738,0.4375,0.8571428571428571,0.0,0.6666666666666666,0.4365662723260575,0.0,0.3806270286181992,0.9993331110370124,0.9843723265852866,0.0,0.9993333333333333,1.0,0.7978904548509947,0.8147297573184042,0.8315690597858137,0
2176,0.2325310073028657,0.1,0.9901060070671378,0.0075987841945288626,0.46875,0.2857142857142857,0.0,0.6666666666666666,0.06034815443087471,0.3333333333333333,0.5760965829730116,1.0,0.9962736073499248,0.0003333333333333333,0.9983333333333333,1.0,0.760069375173086,0.8043469121817803,0.8486244491904748,0
2177,0.11064621106462114,0.0,0.0,0.0075987841945288626,0.15625,0.2857142857142857,0.0,0.6666666666666666,0.024166362946678288,0.0,0.06004377832830443,0.928976325441814,0.9191678812837634,0.0,0.8563333333333334,0.5,0.6322173090527083,0.775472849501629,0.9187283899505497,0
2178,0.0,0.0,0.9674911660777386,0.19696969696969702,0.125,0.42857142857142855,0.0,0.6666666666666666,0.024154898462680485,0.0,0.1488910842555219,0.9929976658886296,0.8775110159477238,0.0,0.9966666666666667,0.5,0.5799018974287388,0.6394026105874975,0.6989033237462562,0
2179,0.27840949790561487,0.0,0.9802120141342756,0.0075987841945288626,0.28125,0.2857142857142857,0.0,0.6666666666666666,0.0721341582389955,0.0,0.2365286036304629,0.9956652217405801,0.9745896637479415,0.0,0.997,1.0,0.7617684446910419,0.8752370902843467,0.9887057358776515,0
2180,0.11064621106462114,0.0,0.0,0.0075987841945288626,0.15625,0.2857142857142857,0.0,0.6666666666666666,0.02414904652373151,0.0,0.047058886532877375,0.8826275425141714,0.8952930319561102,0.0,0.7673333333333333,0.5,0.5888373385212787,0.7353132541881807,0.8817891698550827,0
2181,0.7079404065205812,0.9,0.9992932862190813,0.8964851293935883,0.375,1.0,0.0,0.6666666666666666,0.8870630133559082,0.6666666666666666,0.13970461856263217,0.9996665555185061,0.9956376329421657,0.0016666666666666668,0.9996666666666667,1.0,0.9187613262357448,0.9488040419163883,0.978846757597032,0
2182,0.7800400797231957,0.9,1.0,0.8964851293935883,0.5625,1.0,0.0,0.6666666666666666,0.8927251516790295,1.0,0.7564602347853631,1.0,0.9981511470561901,0.0036666666666666666,1.0,1.0,0.9231520571211594,0.9390498258464453,0.9549475945717311,0
2183,0.8443344132601596,0.9,0.9992932862190813,0.8964851293935883,0.71875,1.0,0.0,0.6666666666666666,0.8951181131842482,0.6666666666666666,0.7096570877172508,1.0,0.9984340968054002,0.003,1.0,1.0,0.821262302145839,0.844446129293024,0.867629956440209,0
2184,0.15217391304347827,0.0,0.9752650176678446,0.14084507042253525,0.15625,0.2857142857142857,0.0,0.6666666666666666,0.024326859818867397,0.0,0.21094983478167684,0.9926642214071357,0.8948274322818676,0.0,0.9936666666666667,0.5,0.6651970459501814,0.6954146378863607,0.72563222982254,0
2185,0.25779546281789556,0.1,0.9696113074204947,0.020408163265306145,0.125,0.42857142857142855,0.0,0.6666666666666666,0.04501015409325326,0.0,0.29016732516201293,0.9979993331110371,0.9755827803457722,0.0,0.991,1.0,0.798885172319191,0.8041139581018575,0.8093427438845241,0
2186,0.30086360236896903,0.4,0.9957597173144876,0.39669421487603307,0.5,0.5714285714285714,0.0,0.6666666666666666,0.3168553646893675,0.5,0.8006843786008923,1.0,0.9982416157155928,0.0006666666666666666,0.9996666666666667,1.0,0.7995073783738532,0.8699096547237601,0.940311931073667,0
2187,0.11064621106462114,0.0,0.0,0.0075987841945288626,0.15625,0.2857142857142857,0.0,0.6666666666666666,0.02422528462572604,0.0,0.03181539155952262,0.9599866622207403,0.9344622183444239,0.0,0.8303333333333334,0.5,0.6649360066160499,0.7188292896042217,0.7727225725923934,0
2188,0.39115967907808913,0.3,0.995053003533569,0.39669421487603307,0.375,0.5714285714285714,0.0,0.6666666666666666,0.24544227116188966,0.5,0.5087866163538924,1.0,0.9955536956783562,0.0,0.9996666666666667,1.0,0.8002161937258299,0.8275692889397144,0.854922384153599,0
2189,0.11064621106462114,0.0,0.0,0.0075987841945288626,0.15625,0.2857142857142857,0.0,0.6666666666666666,0.024148890232829845,0.0,0.05329358013905461,0.8412804268089363,0.865376720277728,0.0,0.81,0.5,0.5777519872113425,0.6778850735953518,0.7780181599793611,0
2190,0.062382297551789145,0.0,0.0,0.0075987841945288626,0.15625,0.2857142857142857,0.0,0.6666666666666666,0.02415076292088847,0.0,0.10136903266397823,0.9316438812937646,0.9141006482535788,0.0,0.8033333333333333,0.5,0.6183532538824721,0.7470667266039208,0.8757801993253697,0
2191,0.6834306025990127,0.9,1.0,0.8964851293935883,0.53125,1.0,0.0,0.6666666666666666,0.8355506897253241,1.0,0.949268377929407,1.0,0.9997122685033873,0.0013333333333333333,1.0,1.0,0.8798759568089738,0.9278504065207696,0.9758248562325653,0
2192,0.062382297551789145,0.0,0.0,0.0075987841945288626,0.15625,0.2857142857142857,0.0,0.6666666666666666,0.02414891508490402,0.0,0.031091241323271124,0.9036345448482828,0.8945828922815384,0.0,0.784,0.5,0.5818907243628942,0.7411681144013047,0.9004455044397153,0
2193,0.062382297551789145,0.0,0.0,0.0075987841945288626,0.15625,0.2857142857142857,0.0,0.6666666666666666,0.024148932592269023,0.0,0.01589216400695148,0.8342780926975659,0.8127992188258049,0.0,0.893,0.5,0.62668527982482,0.6649170355068206,0.703148791188821,0
2194,0.1821739130434783,0.1,0.9816254416961131,0.14084507042253525,0.1875,0.2857142857142857,0.0,0.6666666666666666,0.0246242514034265,0.0,0.3819516858074816,0.9976658886295432,0.9622641547785133,0.0,0.9693333333333334,0.5,0.6471974485647585,0.8070171483470794,0.9668368481294004,0
2195,0.828130515295956,1.0,1.0,0.7424749163879598,0.5625,1.0,0.0,0.6666666666666666,0.8693425729404582,1.0,0.7978880924663243,1.0,0.9975408158547441,0.004,1.0,1.0,0.7999553146844864,0.891067069942094,0.9821788251997013,0
2196,0.062382297551789145,0.0,0.0,0.0075987841945288626,0.15625,0.2857142857142857,0.0,0.6666666666666666,0.02414887389074427,0.0,0.0289317441887742,0.7942647549183062,0.7342841243836076,0.0,0.9336666666666666,0.0,0.5757093612456896,0.5959790500423234,0.6162487388389571,0
2197,0.36641005506375923,0.2,0.9674911660777386,0.19696969696969702,0.125,0.42857142857142855,0.0,0.6666666666666666,0.048289709682139526,1.0,0.6330490435612599,1.0,0.9961619979314477,0.0003333333333333333,0.9946666666666667,0.5,0.6634716663801643,0.8032394395052223,0.9430072126302802,0
2198,0.18166893833734843,0.0,0.8671378091872791,0.0075987841945288626,0.1875,0.2857142857142857,0.0,0.6666666666666666,0.024644989953639285,0.0,0.020803577017348918,0.9836612204068023,0.9569745694842816,0.0,0.882,1.0,0.6818437475788154,0.7562069399198572,0.8305701322608989,0
2199,0.0,0.0,0.0,0.0075987841945288626,0.15625,0.2857142857142857,0.0,0.6666666666666666,0.0241488738896124,0.0,0.04907056894781214,0.7732577525841947,0.7466580445834048,0.0,0.878,0.5,0.42941592934710127,0.6843858957299933,0.9393558621128852,0
2200,0.47337517296282305,0.3,0.992226148409894,0.19354838709677424,0.28125,0.8571428571428571,0.0,0.6666666666666666,0.3249969867474909,0.3333333333333333,0.23143378809567328,0.9989996665555185,0.9888099646435957,0.0003333333333333333,0.9983333333333333,1.0,0.8360467629652957,0.8526724328609474,0.869298102756599,0
2201,0.0,0.0,0.0,0.0075987841945288626,0.15625,0.2857142857142857,0.0,0.6666666666666666,0.024148874000869403,0.0,0.023721940567775657,0.7959319773257753,0.80439511005414,0.0,0.882,0.0,0.5649694751395481,0.6141162283132469,0.6632629814869456,0
2202,0.0,0.0,0.0,0.0075987841945288626,0.15625,0.2857142857142857,0.0,0.6666666666666666,0.0241488738896124,0.0,0.05643068260202999,0.7385795265088363,0.6600772096241426,0.0,0.9383333333333334,0.5,0.3708714319720907,0.6341802812899426,0.8974891306077944,0
2203,0.13947068771518478,0.0,0.8671378091872791,0.0075987841945288626,0.1875,0.2857142857142857,0.0,0.6666666666666666,0.025401835204059364,0.0,0.11424076682987672,0.9916638879626543,0.9689921226717686,0.0,0.9543333333333334,1.0,0.6900819699869871,0.8030288170644779,0.9159756641419688,0
2204,0.0,0.0,0.0,0.0075987841945288626,0.15625,0.2857142857142857,0.0,0.6666666666666666,0.0241488738896124,0.0,0.016357545544359975,0.770590196732244,0.7513367537922193,0.0,0.8696666666666667,0.5,0.4347313456313474,0.6943946513396289,0.9540579570479103,0
2205,0.0,0.0,0.0,0.0075987841945288626,0.15625,0.2857142857142857,0.0,0.6666666666666666,0.024148958415726618,0.0,0.04619298815707762,0.8796265421807269,0.8285439924699747,0.0,0.9126666666666666,0.0,0.6275370465764425,0.634420561852894,0.6413040771293456,0
2206,0.11064621106462114,0.0,0.9674911660777386,0.19696969696969702,0.125,0.42857142857142855,0.0,0.6666666666666666,0.026286541946211717,0.0,0.15448210673282614,0.9916638879626543,0.9395045051308013,0.0,0.9516666666666667,0.5,0.6433834083203961,0.7464049508798472,0.8494264934392983,0
2207,0.062382297551789145,0.0,0.0,0.0075987841945288626,0.15625,0.2857142857142857,0.0,0.6666666666666666,0.02417795264458633,0.0,0.06546471000741028,0.9826608869623208,0.9551405328897866,0.0,0.8326666666666667,0.5,0.6455693704869562,0.7747747350743032,0.9039800996616502,0
2208,0.21274563318777295,0.0,0.9915194346289753,0.07936507936507942,0.25,0.7142857142857143,0.0,0.6666666666666666,0.02414887491659845,0.0,0.2702464056207534,0.9956652217405801,0.867212344827782,0.0,0.9986666666666667,0.5,0.506929481311701,0.7110829556532863,0.9152364299948716,0
2209,0.5793519133810097,0.6,0.9992932862190813,0.8964851293935883,0.34375,1.0,0.0,0.6666666666666666,0.6495964879262819,0.0,0.3932171195498716,0.9996665555185061,0.9823736344761205,0.0006666666666666666,0.9996666666666667,1.0,0.759570424583824,0.8361620436122095,0.9127536626405949,0
2210,0.11064621106462114,0.0,0.0,0.0075987841945288626,0.15625,0.2857142857142857,0.0,0.6666666666666666,0.024149090885300484,0.0,0.05597306611389985,0.8376125375125042,0.8570301685384778,0.0,0.8473333333333333,0.5,0.610640611894775,0.6649611434187819,0.7192816749427886,0
2211,0.13756436963239604,0.0,0.8671378091872791,0.0075987841945288626,0.1875,0.2857142857142857,0.0,0.6666666666666666,0.024850373693708905,0.0,0.23906755327492202,0.9923307769256419,0.9730513335577242,0.0,0.9923333333333333,1.0,0.6841729247293398,0.8243183283459384,0.9644637319625371,0
2212,0.062382297551789145,0.0,0.0,0.0075987841945288626,0.15625,0.2857142857142857,0.0,0.6666666666666666,0.024148880867257083,0.0,0.017666533123337214,0.8686228742914305,0.7936953687127777,0.0,0.928,0.0,0.6406428673571357,0.6407851513900367,0.6409274354229377,0
2213,0.11064621106462114,0.0,0.0,0.0075987841945288626,0.15625,0.2857142857142857,0.0,0.6666666666666666,0.02414909133138221,0.0,0.024382012775768125,0.8819606535511837,0.8661253467531477,0.0,0.8796666666666667,0.5,0.6205812290417125,0.654226727626803,0.6878722262118936,0
2214,0.13630898943153524,0.0,0.8671378091872791,0.0075987841945288626,0.1875,0.2857142857142857,0.0,0.6666666666666666,0.024555027520423045,0.0,0.12716214493221412,0.980326775591864,0.9567706859914284,0.0,0.9536666666666667,1.0,0.6733735351893207,0.8325597410256869,0.9917459468620531,0
2215,0.13947068771518478,0.1,0.9802120141342756,0.0075987841945288626,0.21875,0.2857142857142857,0.0,0.6666666666666666,0.026391835767902938,0.0,0.3865574758928204,0.9996665555185061,0.9922397786670483,0.0,0.9673333333333334,1.0,0.7011023170782098,0.7945565102543064,0.8880107034304031,0
2216,0.062382297551789145,0.0,0.0,0.0075987841945288626,0.15625,0.2857142857142857,0.0,0.6666666666666666,0.02414887388962117,0.0,0.025328117962050145,0.7455818606202067,0.727330569335821,0.0,0.9193333333333333,0.0,0.5292194041368954,0.5904665126759835,0.6517136212150716,0
2217,0.0,0.0,0.0,0.0075987841945288626,0.15625,0.2857142857142857,0.0,0.6666666666666666,0.0241488738896124,0.0,0.04968049577228739,0.7305768589529844,0.7717078112213909,0.0,0.8326666666666667,0.5,0.47252240057327954,0.6326658055686669,0.7928092105640542,0
2218,0.37446212948456226,0.4,0.9957597173144876,0.19354838709677424,0.34375,0.8571428571428571,0.0,0.6666666666666666,0.4409270757247341,0.5,0.4059551158402539,0.9993331110370124,0.9893099900963326,0.0,1.0,1.0,0.8538708151477398,0.865332532704195,0.8767942502606503,0
2219,0.062382297551789145,0.0,0.0,0.0075987841945288626,0.15625,0.2857142857142857,0.0,0.6666666666666666,0.024148875749386067,0.0,0.058118958344759886,0.8586195398466155,0.7830712548466476,0.0,0.9293333333333333,0.0,0.6292786355460211,0.632735425502412,0.6361922154588028,0
2220,0.11064621106462114,0.0,0.0,0.0075987841945288626,0.15625,0.2857142857142857,0.0,0.6666666666666666,0.024148916316875657,0.0,0.05166301165046283,0.8419473157719239,0.8664736942141239,0.0,0.8133333333333334,0.5,0.5865701411232229,0.6773553677920401,0.7681405944608571,0
2221,0.9096504534298389,0.9,0.9992932862190813,0.8964851293935883,0.5625,1.0,0.0,0.6666666666666666,0.9086372528334776,1.0,0.6615198288677786,1.0,0.9959855270648693,0.003,1.0,1.0,0.8419824932745933,0.9165849952451437,0.991187497215694,0
2222,0.0,0.0,0.0,0.0075987841945288626,0.15625,0.2857142857142857,0.0,0.6666666666666666,0.0241488738896124,0.0,0.010552615110546504,0.7019006335445148,0.7376079640715366,0.0,0.8606666666666667,0.5,0.44906075000429563,0.6117981711150068,0.774535592225718,0
2223,0.13630898943153524,0.0,0.8671378091872791,0.0075987841945288626,0.1875,0.2857142857142857,0.0,0.6666666666666666,0.024882804530552916,0.0,0.009910533449763226,0.9793264421473825,0.9570100224375748,0.0,0.96,1.0,0.6826960593819521,0.8408826565224685,0.9990692536629848,0
2224,0.32029546281789556,0.3,0.9929328621908127,0.14084507042253525,0.1875,0.2857142857142857,0.0,0.6666666666666666,0.06924277614515961,0.5,0.33564795054994934,0.9996665555185061,0.9908136934710763,0.0,0.9996666666666667,1.0,0.7876208575807039,0.8161787859092575,0.8447367142378112,0
2225,0.0,0.0,0.0,0.0075987841945288626,0.15625,0.2857142857142857,0.0,0.6666666666666666,0.024148873889636602,0.0,0.013387097572714834,0.735245081693898,0.7915151865886395,0.0,0.7883333333333333,0.5,0.49683348172001435,0.7290038361687158,0.9611741906174173,0
2226,0.6464874632531324,0.9,1.0,0.4782608695652174,0.4375,0.7142857142857143,0.0,0.6666666666666666,0.47782527137204345,1.0,0.8361792045506795,1.0,0.9952062175265707,0.0013333333333333333,1.0,1.0,0.7345686513508266,0.7848968918760761,0.8352251324013257,0
2227,0.13630898943153524,0.1,0.8671378091872791,0.0075987841945288626,0.1875,0.2857142857142857,0.0,0.6666666666666666,0.02621648846393365,0.0,0.18747308454789802,0.9973324441480493,0.9859197850909969,0.0,0.9753333333333334,1.0,0.6987774170952591,0.8361342805572884,0.9734911440193179,0
2228,0.13630898943153524,0.0,0.8671378091872791,0.0075987841945288626,0.1875,0.2857142857142857,0.0,0.6666666666666666,0.025454690768004884,0.0,0.09956073584224434,0.9926642214071357,0.9735963549593643,0.0,0.9683333333333334,1.0,0.6913375128309747,0.8372358582576254,0.9831342036842761,0
2229,0.7367959872143972,0.9,0.9978798586572438,0.5964912280701755,0.4375,0.8571428571428571,0.0,0.6666666666666666,0.8306695500323114,1.0,0.5254471583844211,1.0,0.9952576442749526,0.0006666666666666666,1.0,1.0,0.8753828683522303,0.9073284415239775,0.9392740146957246,0
2230,0.11064621106462114,0.0,0.0,0.0075987841945288626,0.15625,0.2857142857142857,0.0,0.6666666666666666,0.024148874828178957,0.0,0.01276673585274457,0.8316105368456153,0.8589263527168576,0.0,0.8006666666666666,0.5,0.5554427806497851,0.6777080025889619,0.7999732245281388,0
2231,0.062382297551789145,0.0,0.0,0.0075987841945288626,0.15625,0.2857142857142857,0.0,0.6666666666666666,0.02414890563631167,0.0,0.03015372459508947,0.8982994331443814,0.8915669692992876,0.0,0.7843333333333333,0.5,0.5800284633686362,0.7390881497687987,0.898147836168961,0
2232,0.0,0.0,0.0,0.0075987841945288626,0.15625,0.2857142857142857,0.0,0.6666666666666666,0.02414887390436271,0.0,0.050274486184097245,0.7739246415471824,0.8313609080106927,0.0,0.7496666666666667,0.5,0.5275043587406782,0.701487869182811,0.8754713796249439,0
2233,0.39185191338100966,0.2,0.9957597173144876,0.4782608695652174,0.25,0.7142857142857143,0.0,0.6666666666666666,0.3839393246510442,0.5,0.49599014254998053,0.9996665555185061,0.9840201761407422,0.0,0.997,1.0,0.7304046036545969,0.8257397189356324,0.9210748342166679,0
2234,0.0,0.0,0.0,0.0075987841945288626,0.15625,0.2857142857142857,0.0,0.6666666666666666,0.0241488738896124,0.0,0.054434587208715635,0.6595531843947983,0.6794848059459502,0.0,0.9036666666666666,0.5,0.45411411051056183,0.5795721764172104,0.7050302423238588,0
2235,0.062382297551789145,0.0,0.0,0.0075987841945288626,0.15625,0.2857142857142857,0.0,0.6666666666666666,0.024148873889704436,0.0,0.012138518868783699,0.7109036345448483,0.7316808015245468,0.0,0.9033333333333333,0.5,0.5326550675113239,0.6075928776345942,0.6825306877578647,0
2236,0.1994621294845622,0.0,0.9879858657243816,0.0075987841945288626,0.28125,0.2857142857142857,0.0,0.6666666666666666,0.029804136811243276,0.0,0.21155553013150985,0.9849949983327776,0.9498527199437555,0.0,0.8956666666666666,1.0,0.7607104023976741,0.7867453073554405,0.8127802123132067,0
2237,0.47206706480104865,0.8,0.9992932862190813,0.5964912280701755,0.75,0.8571428571428571,0.0,0.6666666666666666,0.5446386289042691,1.0,0.6805434240828084,1.0,0.9954201000563457,0.001,1.0,1.0,0.8359659495838769,0.8374872524370778,0.8390085552902787,0
2238,0.11064621106462114,0.0,0.0,0.0075987841945288626,0.15625,0.2857142857142857,0.0,0.6666666666666666,0.024149657274197045,0.0,0.055640267455020154,0.8929643214404801,0.9025476651369886,0.0,0.7656666666666667,0.5,0.602355125474847,0.7365433411681127,0.8707315568613784,0
2239,0.5233751729628231,0.9,1.0,0.679144385026738,0.3125,0.8571428571428571,0.0,0.6666666666666666,0.6897540782695696,1.0,0.779174714317647,1.0,0.9960587126350066,0.0006666666666666666,1.0,1.0,0.8401219618953923,0.8914393769895081,0.942756792083624,0
2240,0.062382297551789145,0.0,0.0,0.0075987841945288626,0.15625,0.2857142857142857,0.0,0.6666666666666666,0.024149595288685877,0.0,0.017656382936264148,0.8669556518839613,0.8424508944226262,0.0,0.8856666666666667,0.5,0.6443836456659952,0.6858827048592684,0.7273817640525417,0
2241,0.8516742046163444,0.9,0.9992932862190813,0.8964851293935883,0.71875,1.0,0.0,0.6666666666666666,0.9127003951245978,1.0,0.8152994698840158,1.0,0.9991211539850652,0.0023333333333333335,1.0,1.0,0.8478754064236657,0.8685503846119987,0.8892253628003318,0
2242,0.5348336638235025,0.4,0.9992932862190813,0.39669421487603307,0.53125,0.5714285714285714,0.0,0.6666666666666666,0.42649346644777353,0.5,0.6118777138080511,1.0,0.996984262239515,0.0003333333333333333,0.9996666666666667,1.0,0.8131029593696745,0.8517409299264542,0.890378900483234,0
2243,0.11064621106462114,0.0,0.0,0.0075987841945288626,0.15625,0.2857142857142857,0.0,0.6666666666666666,0.02414887445930014,0.0,0.03613660520153361,0.7855951983994665,0.8235770457788457,0.0,0.8563333333333334,0.5,0.5636070770418228,0.6388077884143774,0.7140084997869319,0
2244,0.0,0.0,0.0,0.0075987841945288626,0.15625,0.2857142857142857,0.0,0.6666666666666666,0.024148873891592038,0.0,0.023142267666230287,0.7399133044348116,0.8100367112595611,0.0,0.771,0.5,0.518698116868454,0.6750288768949615,0.8313596369214689,0
2245,0.062382297551789145,0.0,0.0,0.0075987841945288626,0.15625,0.2857142857142857,0.0,0.6666666666666666,0.02414887388961573,0.0,0.020786174924779077,0.6915638546182061,0.73265647379363,0.0,0.8823333333333333,0.5,0.5085620183306604,0.6124538780912084,0.7163457378517565,0
2246,0.0,0.0,0.0,0.0075987841945288626,0.15625,0.2857142857142857,0.0,0.6666666666666666,0.0241488738896124,0.0,0.07006058529309622,0.6812270756918972,0.7156009880306206,0.0,0.8806666666666667,0.5,0.4410543336809973,0.5890334733451295,0.7370126130092617,0
2247,0.1994621294845622,0.0,0.9696113074204947,0.020408163265306145,0.125,0.42857142857142855,0.0,0.6666666666666666,0.04520365985266095,0.0,0.14136904479001333,0.9943314438146049,0.971175922425127,0.0,0.989,1.0,0.7741392608393448,0.8142773765576666,0.8544154922759885,0
2248,0.0,0.0,0.0,0.0075987841945288626,0.15625,0.2857142857142857,0.0,0.6666666666666666,0.024148873932611115,0.0,0.03867689177568667,0.7512504168056019,0.8232208169544653,0.0,0.75,0.5,0.5341900576839366,0.6905122840228999,0.8468345103618633,0
2249,0.11064621106462114,0.0,0.0,0.0075987841945288626,0.15625,0.2857142857142857,0.0,0.6666666666666666,0.024148875043851104,0.0,0.014490470931631472,0.8069356452150717,0.8495833408227922,0.0,0.7156666666666667,0.5,0.5520597585958452,0.7584551406669537,0.9648505227380623,0
2250,0.3708765886105725,0.3,1.0,0.5964912280701755,0.5,0.8571428571428571,0.0,0.6666666666666666,0.30823114695911313,0.5,0.7022218948161998,1.0,0.9971527229718263,0.0003333333333333333,0.9996666666666667,1.0,0.8101427826204464,0.816639369639762,0.8231359566590778,0
2251,0.0,0.0,0.0,0.0075987841945288626,0.15625,0.2857142857142857,0.0,0.6666666666666666,0.02414887388966358,0.0,0.025062294478297664,0.7145715238412804,0.7886316081349175,0.0,0.785,0.5,0.49998756064234945,0.7111104864408844,0.9222334122394193,0
2252,0.07131086898036054,0.0,0.9696113074204947,0.020408163265306145,0.125,0.42857142857142855,0.0,0.6666666666666666,0.0241838288265549,0.0,0.09707707610641736,0.9686562187395799,0.8843296453626849,0.0,0.9353333333333333,0.5,0.6608529528070153,0.7165012051757711,0.772149457544527,0
2253,0.11064621106462114,0.0,0.0,0.0075987841945288626,0.15625,0.2857142857142857,0.0,0.6666666666666666,0.024153432347467252,0.0,0.09082229121702567,0.9186395465155052,0.8940384894692094,0.0,0.8766666666666667,0.5,0.6495334803443586,0.6761306112832952,0.7027277422222319,0
2254,0.13947068771518478,0.0,0.0,0.0075987841945288626,0.15625,0.2857142857142857,0.0,0.6666666666666666,0.024379209028232207,0.0,0.13303053576191426,0.9823274424808269,0.9576515964334862,0.0,0.893,0.5,0.665146244208081,0.7790525434877418,0.8929588427674027,0
2255,0.3617428312389481,0.2,0.9802120141342756,0.0075987841945288626,0.28125,0.2857142857142857,0.0,0.6666666666666666,0.07170468109007222,0.5,0.4637886916187136,0.9996665555185061,0.9892571995856403,0.0,0.9973333333333333,1.0,0.7646326037946916,0.8634272884375855,0.9622219730804796,0
2256,0.3266345220766619,0.0,0.976678445229682,0.07936507936507942,0.1875,0.7142857142857143,0.0,0.6666666666666666,0.03168610083778978,0.0,0.24173622115961502,0.9956652217405801,0.9438631351288911,0.0,0.9953333333333333,0.5,0.6499814992606571,0.8166823684192389,0.9833832375778208,0
2257,0.5447746294845621,0.7,0.9985865724381625,0.8964851293935883,0.71875,1.0,0.0,0.6666666666666666,0.8795053471916207,0.5,0.5041376343629098,1.0,0.9968663059576602,0.0,0.9996666666666667,1.0,0.9046767329938753,0.9430679944122398,0.9814592558306043,0
2258,0.0,0.0,0.0,0.0075987841945288626,0.15625,0.2857142857142857,0.0,0.6666666666666666,0.024148873889744626,0.0,0.05352602664111128,0.8079359786595532,0.7141351241736926,0.0,0.9626666666666667,0.0,0.5383879146375771,0.5619448460278045,0.5855017774180318,0
2259,0.062382297551789145,0.0,0.0,0.0075987841945288626,0.15625,0.2857142857142857,0.0,0.6666666666666666,0.024149098398981383,0.0,0.04303460798074543,0.9073024341447149,0.8972013750448928,0.0,0.8053333333333333,0.5,0.5979437194545477,0.7380594037623408,0.8781750880701339,0
2260,0.11064621106462114,0.0,0.0,0.0075987841945288626,0.15625,0.2857142857142857,0.0,0.6666666666666666,0.024162644682727108,0.0,0.06411465900727165,0.9436478826275425,0.9213740490043638,0.0,0.8256666666666667,0.5,0.6411699391063119,0.7108469912191945,0.780524043332077,0
2261,0.0,0.0,0.0,0.0075987841945288626,0.15625,0.2857142857142857,0.0,0.6666666666666666,0.02414887388962117,0.0,0.05458606713896197,0.7222407469156386,0.7796640138712339,0.0,0.8213333333333334,0.5,0.49903526072456844,0.6657941284934833,0.8325529962623981,0
2262,0.8912028651300082,0.9,1.0,0.8964851293935883,0.5,1.0,0.0,0.6666666666666666,0.908960249503124,1.0,0.8367254579860112,1.0,0.9986720319686768,0.002,1.0,1.0,0.9635541172824488,0.9750985186498573,0.986642920017266,0
2263,0.0,0.0,0.0,0.0075987841945288626,0.15625,0.2857142857142857,0.0,0.6666666666666666,0.0241488738896124,0.0,0.0466949718937123,0.6935645215071691,0.7409538398680262,0.0,0.8636666666666667,0.5,0.4829081316352672,0.6288959633665888,0.7748837950979104,0
2264,0.0,0.0,0.0,0.0075987841945288626,0.15625,0.2857142857142857,0.0,0.6666666666666666,0.024148873891488898,0.0,0.02525878586752983,0.7222407469156386,0.8020697765258099,0.0,0.7626666666666666,0.5,0.5164885367221602,0.7146252553519058,0.9127619739816514,0
2265,0.062382297551789145,0.0,0.0,0.0075987841945288626,0.15625,0.2857142857142857,0.0,0.6666666666666666,0.02414887388961362,0.0,0.004528761206893495,0.6885628542847616,0.7255725076854789,0.0,0.9006666666666667,0.5,0.5056606976117652,0.6068914293603236,0.7081221611088819,0
2266,0.0,0.0,0.0,0.0075987841945288626,0.15625,0.2857142857142857,0.0,0.6666666666666666,0.0241488738896124,0.0,0.040392683604748014,0.7179059686562188,0.7149102157909052,0.0,0.889,0.5,0.424114801948392,0.6461148238792707,0.8681148458101493,0
2267,0.062382297551789145,0.0,0.0,0.0075987841945288626,0.15625,0.2857142857142857,0.0,0.6666666666666666,0.0241495434346386,0.0,0.11984383112360819,0.9333111037012337,0.9169595421394116,0.0,0.775,0.5,0.6057213565433947,0.7530513678142883,0.9003813790851818,0
2268,0.13553057739209573,0.1,0.9519434628975265,0.0075987841945288626,0.1875,0.2857142857142857,0.0,0.6666666666666666,0.02705791320836004,0.5,0.38486953786441824,0.9986662220740247,0.9909741359361344,0.0,0.9953333333333333,1.0,0.7043620416716869,0.8310920964059479,0.957822151140209,0
2269,0.18166893833734843,0.0,0.8671378091872791,0.0075987841945288626,0.1875,0.2857142857142857,0.0,0.6666666666666666,0.024663544307708563,0.0,0.021245560675130726,0.9846615538512837,0.9578501397171101,0.0,0.9,1.0,0.6823293991319654,0.7567748752361148,0.831220351340264,0
2270,0.13947068771518478,0.0,0.8671378091872791,0.0075987841945288626,0.1875,0.2857142857142857,0.0,0.6666666666666666,0.02520559809722811,0.0,0.09023626428603193,0.9893297765921975,0.966305119463137,0.0,0.9523333333333334,1.0,0.6875246947611996,0.7977926637134479,0.9080606326656963,0
2271,0.11064621106462114,0.0,0.0,0.0075987841945288626,0.15625,0.2857142857142857,0.0,0.6666666666666666,0.024149971543409587,0.0,0.04226564257925658,0.8799599866622208,0.8923633418938628,0.0,0.7993333333333333,0.5,0.6041613176913835,0.7609939519024205,0.9178265861134576,0
2272,0.062382297551789145,0.0,0.0,0.0075987841945288626,0.15625,0.2857142857142857,0.0,0.6666666666666666,0.02415095682135171,0.0,0.09784680144011593,0.9633211070356785,0.9383238791114125,0.0,0.772,0.5,0.6147442347426098,0.7690078213673981,0.9232714079921864,0
2273,0.062382297551789145,0.0,0.0,0.0075987841945288626,0.15625,0.2857142857142857,0.0,0.6666666666666666,0.024148874093372186,0.0,0.0951847223095037,0.8586195398466155,0.758649503647772,0.0,0.9416666666666667,0.0,0.6042935264767065,0.6182159931029028,0.6321384597290989,0
2274,0.0,0.0,0.0,0.0075987841945288626,0.15625,0.2857142857142857,0.0,0.6666666666666666,0.02414887388983067,0.0,0.0035566968381106623,0.7519173057685895,0.7699068502241575,0.0,0.892,0.0,0.5293365039487057,0.5920644090254333,0.654792314102161,0
2275,0.6762145972783373,0.7,0.9971731448763251,0.679144385026738,0.5625,0.8571428571428571,0.0,0.6666666666666666,0.7055255926101518,1.0,0.7193754709300837,1.0,0.9947564319452751,0.0003333333333333333,1.0,1.0,0.8137032314802005,0.8612341497106333,0.908765067941066,0
2276,0.0,0.0,0.0,0.0075987841945288626,0.15625,0.2857142857142857,0.0,0.6666666666666666,0.024148873891051692,0.0,0.03177476195422391,0.7592530843614538,0.8190834110278058,0.0,0.7643333333333333,0.5,0.5157369303280642,0.6956276565887793,0.8755183828494943,0
2277,0.11064621106462114,0.0,0.0,0.0075987841945288626,0.15625,0.2857142857142857,0.0,0.6666666666666666,0.024190124761493514,0.0,0.09621763898365354,0.9586528842947649,0.9391932318559275,0.0,0.861,0.5,0.6420144280668654,0.7896181722725457,0.937221916478226,0
2278,0.1994621294845622,0.0,0.9484098939929329,0.0075987841945288626,0.25,0.2857142857142857,0.0,0.6666666666666666,0.026264260672097417,0.0,0.13699809573240596,0.9849949983327776,0.9579033843823095,0.0,0.8756666666666667,1.0,0.7233236313351441,0.7864863171512888,0.8496490029674334,0
2279,0.828130515295956,0.8,1.0,0.7424749163879598,0.53125,1.0,0.0,0.6666666666666666,0.8500596024274725,1.0,0.7322569521509869,1.0,0.9973793853237977,0.0013333333333333333,1.0,1.0,0.7887795510619355,0.8832860984108897,0.9777926457598438,0
2280,0.11064621106462114,0.0,0.0,0.0075987841945288626,0.15625,0.2857142857142857,0.0,0.6666666666666666,0.02414887909218444,0.0,0.015719244660988063,0.8369456485495165,0.8629632645758506,0.0,0.8013333333333333,0.5,0.5682511516677604,0.6778499061538032,0.7874486606398462,0
2281,0.13756436963239604,0.1,0.8671378091872791,0.0075987841945288626,0.1875,0.2857142857142857,0.0,0.6666666666666666,0.02464838550255155,0.0,0.31525399650986663,0.9976658886295432,0.9831145134868748,0.0,0.9913333333333333,1.0,0.6796287276449448,0.8172513096378445,0.9548738916307443,0
2282,0.39185191338100966,0.2,0.976678445229682,0.07936507936507942,0.1875,0.7142857142857143,0.0,0.6666666666666666,0.06767771216324947,0.0,0.25919734312429454,0.9979993331110371,0.9665810353543188,0.0,0.995,1.0,0.7012644151846692,0.781645545722514,0.8620266762603587,0
2283,0.07131086898036054,0.0,0.8671378091872791,0.0075987841945288626,0.1875,0.2857142857142857,0.0,0.6666666666666666,0.02414952951829341,0.0,0.02629882964957808,0.9136378792930977,0.8373279081724948,0.0,0.9243333333333333,0.5,0.6605659767566803,0.6736302998692075,0.6866946229817348,0
2284,0.0,0.0,0.0,0.0075987841945288626,0.15625,0.2857142857142857,0.0,0.6666666666666666,0.0241488738896124,0.0,0.013736108625336585,0.6898966322107369,0.64679663549819,0.0,0.948,0.0,0.3912925813859415,0.5263256277890209,0.6613586741921004,0
2285,0.18166893833734843,0.0,0.8671378091872791,0.0075987841945288626,0.1875,0.2857142857142857,0.0,0.6666666666666666,0.024644172532843234,0.0,0.04653625231088265,0.9819939979993331,0.9537160830196957,0.0,0.9359999999999999,1.0,0.6802410093329798,0.761561509791044,0.842882010249108,0
2286,0.11064621106462114,0.0,0.9519434628975265,0.0075987841945288626,0.1875,0.2857142857142857,0.0,0.6666666666666666,0.024638845444108992,0.0,0.06926762817931331,0.966322107369123,0.9354677270005436,0.0,0.8783333333333333,1.0,0.7125499581183725,0.7183345312267364,0.7241191043351004,0
2287,0.0,0.0,0.9674911660777386,0.19696969696969702,0.125,0.42857142857142855,0.0,0.6666666666666666,0.02578175592429277,0.0,0.08035366071823591,0.9949983327775925,0.9284555170349866,0.0,0.976,0.5,0.60993899169872,0.7877539300231562,0.9655688683475923,0
2288,0.44790933445350634,0.6,0.9985865724381625,0.5964912280701755,0.34375,0.8571428571428571,0.0,0.6666666666666666,0.6596852236592344,0.3333333333333333,0.2816897194204214,0.9993331110370124,0.9916532172607597,0.0,0.9993333333333333,1.0,0.863093928422538,0.8904419820872378,0.9177900357519377,0
2289,0.062382297551789145,0.0,0.0,0.0075987841945288626,0.15625,0.2857142857142857,0.0,0.6666666666666666,0.024148873890472822,0.0,0.026960371774650382,0.8346115371790597,0.7173938584169246,0.0,0.9556666666666667,0.0,0.5681328512365269,0.5902316493943505,0.612330447552174,0
2290,0.0,0.0,0.0,0.0075987841945288626,0.15625,0.2857142857142857,0.0,0.6666666666666666,0.0241488738896124,0.0,0.057262243565582294,0.6898966322107369,0.7499744942404786,0.0,0.8423333333333334,0.5,0.47757157022590857,0.6050869474233733,0.7326023246208381,0
2291,0.07131086898036054,0.0,0.9484098939929329,0.0075987841945288626,0.25,0.2857142857142857,0.0,0.6666666666666666,0.02423816227450526,0.0,0.04560300529958117,0.9483161053684561,0.8909042546151636,0.0,0.8976666666666666,1.0,0.7205429950936548,0.7233324967213031,0.7261219983489512,0
2292,0.11064621106462114,0.0,0.0,0.0075987841945288626,0.15625,0.2857142857142857,0.0,0.6666666666666666,0.024148878613740377,0.0,0.10261476809128733,0.8626208736245415,0.8753347217633557,0.0,0.7323333333333333,0.5,0.5621084174597671,0.7740466256812792,0.9859848339027913,0
2293,0.7824290000349101,1.0,1.0,0.8964851293935883,0.5625,1.0,0.0,0.6666666666666666,0.9216107682142787,1.0,0.829160828881085,1.0,0.9984738028682761,0.005666666666666667,1.0,1.0,0.9154550779481663,0.9444859102936238,0.9735167426390814,0
2294,0.15217391304347827,0.0,0.9978798586572438,0.14084507042253525,0.25,0.2857142857142857,0.0,0.6666666666666666,0.02425040857481442,0.0,0.26265077690001104,0.9916638879626543,0.8947909351853298,0.0,0.996,0.5,0.6462035342448167,0.6882254818529155,0.7302474294610144,0
2295,0.062382297551789145,0.0,0.0,0.0075987841945288626,0.15625,0.2857142857142857,0.0,0.6666666666666666,0.024148878303052457,0.0,0.03990233122580911,0.8629543181060353,0.8697277005325443,0.0,0.7916666666666666,0.5,0.5667726486963787,0.7238621276795706,0.8809516066627625,0
2296,0.22954730996572004,0.0,0.9469964664310954,0.0075987841945288626,0.15625,0.2857142857142857,0.0,0.6666666666666666,0.024999510697921057,0.0,0.24357886405168905,0.9866622207402468,0.9592118992319438,0.0,0.8916666666666666,1.0,0.7006588222568026,0.7197585033484748,0.738858184440147,0
2297,0.1994621294845622,0.0,0.9519434628975265,0.0075987841945288626,0.1875,0.2857142857142857,0.0,0.6666666666666666,0.025397900340408675,0.0,0.025588127357934476,0.9859953317772591,0.9583073241162059,0.0,0.8676666666666667,1.0,0.7085916191944504,0.7872323353271311,0.8658730514598117,0
2298,0.0,0.0,0.0,0.0075987841945288626,0.15625,0.2857142857142857,0.0,0.6666666666666666,0.0241488738896124,0.0,0.039072212517946237,0.6838946315438479,0.750242444519538,0.0,0.8396666666666667,0.5,0.46512319274302444,0.6543134576697182,0.8435037225964119,0
2299,0.6177982074665986,0.9,1.0,0.8964851293935883,0.5625,1.0,0.0,0.6666666666666666,0.8452106980505072,1.0,0.6481459230250788,1.0,0.9942097657658195,0.0006666666666666666,1.0,1.0,0.8302313307286016,0.8591267287299751,0.8880221267313486,0
2300,0.0,0.0,0.0,0.0075987841945288626,0.15625,0.2857142857142857,0.0,0.6666666666666666,0.024148873908077184,0.0,0.014576684248469474,0.7695898632877626,0.825705655149696,0.0,0.7493333333333334,0.5,0.5279993617230743,0.7329170094731893,0.9378346572233043,0
2301,0.062382297551789145,0.0,0.0,0.0075987841945288626,0.15625,0.2857142857142857,0.0,0.6666666666666666,0.02414887391945919,0.0,0.03849358933223623,0.7989329776592198,0.7702618238973976,0.0,0.9066666666666666,0.5,0.5748767268798528,0.6208692133401084,0.6668616998003638,0
2302,0.2719621294845622,0.1,0.9696113074204947,0.020408163265306145,0.125,0.42857142857142855,0.0,0.6666666666666666,0.054637734389031745,0.0,0.3560848350889503,0.9989996665555185,0.9827768518961526,0.0,0.9983333333333333,1.0,0.7727118729685076,0.827425694988549,0.8821395170085903,0
2303,0.062382297551789145,0.0,0.0,0.0075987841945288626,0.15625,0.2857142857142857,0.0,0.6666666666666666,0.02414905554746316,0.0,0.04767092219088065,0.8919639879959986,0.8900663913520543,0.0,0.8076666666666666,0.5,0.5973069527848562,0.7320172314045239,0.8667275100241916,0
2304,0.062382297551789145,0.0,0.0,0.0075987841945288626,0.15625,0.2857142857142857,0.0,0.6666666666666666,0.024151986958416582,0.0,0.03234650273338313,0.8936312104034678,0.8787827098370667,0.0,0.8616666666666667,0.5,0.6390155164359987,0.716008896871519,0.7930022773070393,0
2305,0.11064621106462114,0.0,0.9519434628975265,0.0075987841945288626,0.1875,0.2857142857142857,0.0,0.6666666666666666,0.024179952927844917,0.0,0.05951068862207898,0.9433144381460487,0.8958777515082199,0.0,0.907,0.5,0.655625122539945,0.6812786236139701,0.706932124687995,0
2306,0.13756436963239604,0.0,0.0,0.0075987841945288626,0.15625,0.2857142857142857,0.0,0.6666666666666666,0.0241556433981569,0.0,0.25669270170067826,0.9876625541847283,0.9582595556832711,0.0,0.7653333333333333,0.5,0.6256567479463666,0.7829730940843327,0.9402894402222987,0
2307,0.20753100730286567,0.1,0.9519434628975265,0.0075987841945288626,0.1875,0.2857142857142857,0.0,0.6666666666666666,0.026499063736508455,0.0,0.3651933433593836,0.9979993331110371,0.9825408588651063,0.0,0.961,1.0,0.7045288702305139,0.7810196403708212,0.8575104105111283,0
2308,0.11064621106462114,0.0,0.0,0.0075987841945288626,0.15625,0.2857142857142857,0.0,0.6666666666666666,0.024149229714027443,0.0,0.05423269819193932,0.887295765255085,0.8602416578206427,0.0,0.892,0.5,0.6336108194309465,0.6515798019626473,0.6695487844943481,0
2309,0.0,0.0,0.0,0.0075987841945288626,0.15625,0.2857142857142857,0.0,0.6666666666666666,0.024148873889616507,0.0,0.0045477932809442345,0.7329109703234411,0.7923396573160016,0.0,0.7976666666666666,0.5,0.49008854691888193,0.6836002312639322,0.8771119156089825,0
2310,0.2325310073028657,0.1,0.9901060070671378,0.0075987841945288626,0.46875,0.2857142857142857,0.0,0.6666666666666666,0.05247936238086803,0.0,0.12029948459077255,0.9973324441480493,0.9843712404364544,0.0,0.998,1.0,0.7522177604061485,0.8089176877685809,0.8656176151310133,0
2311,0.8507724317400065,0.7,1.0,0.8964851293935883,0.65625,1.0,0.0,0.6666666666666666,0.908766476833888,1.0,0.8034177995127461,1.0,0.9984385955227673,0.0013333333333333333,1.0,1.0,0.8627178924786513,0.9101628008783043,0.9576077092779571,0
2312,0.062382297551789145,0.0,0.0,0.0075987841945288626,0.15625,0.2857142857142857,0.0,0.6666666666666666,0.024156471827943116,0.0,0.06575172833066045,0.9106368789596532,0.8927707156089946,0.0,0.86,0.5,0.6465684271323727,0.7258894956053127,0.8052105640782526,0
2313,0.13756436963239604,0.0,0.0,0.0075987841945288626,0.15625,0.2857142857142857,0.0,0.6666666666666666,0.024246876631945247,0.0,0.0870417757822266,0.991997332444148,0.969222645990173,0.0,0.9390000000000001,0.5,0.6548555488147364,0.8173130869751748,0.9797706251356131,0
2314,0.0,0.0,0.0,0.0075987841945288626,0.15625,0.2857142857142857,0.0,0.6666666666666666,0.0241488738896124,0.0,0.026166915740344687,0.7039013004334778,0.7266994999841893,0.0,0.8653333333333333,0.5,0.433772483441348,0.6598786737700788,0.8859848640988095,0
2315,0.18166893833734843,0.0,0.0,0.0075987841945288626,0.15625,0.2857142857142857,0.0,0.6666666666666666,0.024209515554992844,0.0,0.05977902951362846,0.962320773591197,0.9371560147575283,0.0,0.8143333333333334,0.5,0.6534386171670089,0.7363696063851947,0.8193005956033804,0
2316,0.23657788808325475,0.1,0.9936395759717315,0.0075987841945288626,0.4375,0.2857142857142857,0.0,0.6666666666666666,0.10832095066702241,0.3333333333333333,0.38914037416510827,0.9989996665555185,0.9889763167517046,0.0,0.9986666666666667,1.0,0.7698505527121083,0.8547190745492041,0.9395875963863001,0
2317,0.880840871283011,1.0,1.0,0.8964851293935883,0.71875,1.0,0.0,0.6666666666666666,0.9085727795575401,1.0,0.8083687581095538,1.0,0.9966806326273024,0.0033333333333333335,1.0,1.0,0.8368715385305385,0.8631974527786684,0.8895233670267984,0
2318,0.062382297551789145,0.0,0.0,0.0075987841945288626,0.15625,0.2857142857142857,0.0,0.6666666666666666,0.02414889218179661,0.0,0.05016409354429452,0.8156052017339113,0.8342980305209299,0.0,0.861,0.5,0.5913357749662937,0.685503634439526,0.7796714939127584,0
2319,0.062382297551789145,0.0,0.0,0.0075987841945288626,0.15625,0.2857142857142857,0.0,0.6666666666666666,0.024148873920475378,0.0,0.032673422289406506,0.8029343114371457,0.7642846652975995,0.0,0.9153333333333333,0.0,0.5823823261773221,0.6166131048192396,0.6508438834611572,0
2320,0.0,0.0,0.0,0.0075987841945288626,0.15625,0.2857142857142857,0.0,0.6666666666666666,0.02414887701018087,0.0,0.025425915711336122,0.8259419806602201,0.8592647109716376,0.0,0.7933333333333333,0.5,0.562249478909988,0.688792875864894,0.8153362728198,0
2321,0.07131086898036054,0.0,0.9484098939929329,0.0075987841945288626,0.25,0.2857142857142857,0.0,0.6666666666666666,0.024959798030296132,0.0,0.031406422295929715,0.9569856618872957,0.9214913618976622,0.0,0.8703333333333333,1.0,0.7218855614436895,0.761393458161171,0.8009013548786524,0
2322,0.0,0.0,0.0,0.0075987841945288626,0.15625,0.2857142857142857,0.0,0.6666666666666666,0.0241488738896124,0.0,0.045041835902593697,0.6705568522840947,0.6963019566894495,0.0,0.89,0.5,0.44512625602662254,0.6013591706534458,0.7575920852802691,0
2323,0.062382297551789145,0.0,0.0,0.0075987841945288626,0.15625,0.2857142857142857,0.0,0.6666666666666666,0.02414887416457223,0.0,0.006109263795847086,0.7715905301767256,0.780051948732615,0.0,0.8913333333333333,0.5,0.5771869843781946,0.6416724896344284,0.7061579948906622,0
2324,0.062382297551789145,0.0,0.0,0.0075987841945288626,0.15625,0.2857142857142857,0.0,0.6666666666666666,0.02414920750461058,0.0,0.053909321763680795,0.942647549183061,0.9210860619450034,0.0,0.777,0.5,0.5977901026072886,0.7595173184834412,0.9212445343595936,0
2325,0.0,0.0,0.0,0.0075987841945288626,0.15625,0.2857142857142857,0.0,0.6666666666666666,0.02414887390417353,0.0,0.013789992619272717,0.7709236412137379,0.8253863279780395,0.0,0.753,0.5,0.5271033302014015,0.7589937671799785,0.9908842041585553,0
2326,0.22954730996572004,0.0,0.9816254416961131,0.10169491525423724,0.21875,0.5714285714285714,0.0,0.6666666666666666,0.02657059354655178,0.0,0.08105476563825864,0.9923307769256419,0.9737930649145033,0.0,0.9103333333333333,1.0,0.6887744184070022,0.7328471191962738,0.7769198199855455,0
2327,0.6994562436246536,0.8,0.9992932862190813,0.8964851293935883,0.5625,1.0,0.0,0.6666666666666666,0.8613151126202129,0.0,0.4303951286344524,0.9996665555185061,0.9962926337378587,0.002,1.0,1.0,0.9057564461001344,0.9405385123888624,0.9753205786775905,0
2328,0.07131086898036054,0.0,0.9484098939929329,0.0075987841945288626,0.25,0.2857142857142857,0.0,0.6666666666666666,0.02415786709923573,0.0,0.07304891454668339,0.9359786595531844,0.8566687143381562,0.0,0.9273333333333333,1.0,0.6723080227134506,0.6975734288125631,0.7228388349116757,0
2329,0.0,0.0,0.9674911660777386,0.19696969696969702,0.125,0.42857142857142855,0.0,0.6666666666666666,0.024325038986643066,0.0,0.1048307275698881,0.9926642214071357,0.9163620234314623,0.0,0.9753333333333334,0.5,0.5886608056724623,0.7572005305920362,0.9257402555116102,0
2330,0.8782367046163444,1.0,1.0,0.7424749163879598,0.40625,1.0,0.0,0.6666666666666666,0.8864781842357503,1.0,0.8901622432368652,1.0,0.9988862182469382,0.005666666666666667,1.0,1.0,0.7984974048160856,0.8468135004877526,0.8951295961594197,0
2331,0.706473531891942,0.9,1.0,0.8964851293935883,0.78125,1.0,0.0,0.6666666666666666,0.8936256936367497,1.0,0.8325228179939554,1.0,0.9986640586651365,0.003,1.0,1.0,0.8328922655699379,0.9034960825637663,0.9740998995575948,0
2332,0.11064621106462114,0.0,0.0,0.0075987841945288626,0.15625,0.2857142857142857,0.0,0.6666666666666666,0.02419000793527315,0.0,0.08997943027728472,0.9666555518506169,0.9447662400514261,0.0,0.8256666666666667,0.5,0.6434361803205734,0.7606349711085443,0.8778337618965153,0
2333,0.4438472692656793,0.3,0.9943462897526502,0.39669421487603307,0.46875,0.5714285714285714,0.0,0.6666666666666666,0.22118963151414772,0.0,0.1038237618319231,0.9983327775925308,0.9877133153594017,0.0,0.998,1.0,0.7930334774007155,0.8915057345872854,0.9899779917738553,0
2334,0.20946212948456222,0.0,0.9696113074204947,0.020408163265306145,0.125,0.42857142857142855,0.0,0.6666666666666666,0.054815634597847884,0.0,0.15336727245208337,0.9956652217405801,0.9739892035217153,0.0,0.9966666666666667,1.0,0.7797065068625759,0.8216212356352675,0.8635359644079591,0
2335,0.13947068771518478,0.0,0.8671378091872791,0.0075987841945288626,0.1875,0.2857142857142857,0.0,0.6666666666666666,0.024543834681828303,0.0,0.10566039632202662,0.9906635545181727,0.9654452925296594,0.0,0.9003333333333333,1.0,0.6729607423050313,0.7823051880506973,0.8916496337963631,0
2336,0.11064621106462114,0.0,0.0,0.0075987841945288626,0.15625,0.2857142857142857,0.0,0.6666666666666666,0.024149019404884897,0.0,0.030391610350626208,0.8546182060686895,0.8716691713744497,0.0,0.8176666666666667,0.5,0.5980216877077684,0.6797634801122266,0.7615052725166849,0
2337,0.2703581207765309,0.0,0.9816254416961131,0.10169491525423724,0.21875,0.5714285714285714,0.0,0.6666666666666666,0.04646020251520966,0.0,0.19111807984349094,0.9956652217405801,0.9777009304845724,0.0,0.9983333333333333,1.0,0.7354734797325557,0.7668404335080186,0.7982073872834815,0
2338,0.34192534859375867,0.2,0.992226148409894,0.10169491525423724,0.28125,0.5714285714285714,0.0,0.6666666666666666,0.05891239780365465,0.5,0.7260502942406608,1.0,0.9986337671296831,0.0003333333333333333,0.9993333333333333,1.0,0.7724699970192005,0.7861950974930021,0.7999201979668037,0
2339,0.11064621106462114,0.0,0.9519434628975265,0.0075987841945288626,0.1875,0.2857142857142857,0.0,0.6666666666666666,0.02458250497906922,0.0,0.0689441753961828,0.9656552184061353,0.9348294484932018,0.0,0.8776666666666667,1.0,0.7090164733835509,0.7177562833396345,0.7264960932957181,0
2340,0.217888198757764,0.2,0.9752650176678446,0.14084507042253525,0.15625,0.2857142857142857,0.0,0.6666666666666666,0.03446634490534439,0.0,0.29518021574768294,0.9976658886295432,0.9618572533794247,0.0,0.9983333333333333,1.0,0.6958403722899911,0.8235353973997006,0.95123042250941,0
2341,0.0,0.0,0.0,0.0075987841945288626,0.15625,0.2857142857142857,0.0,0.6666666666666666,0.0241488738896124,0.0,0.05195268906617334,0.6505501833944648,0.6386573357702645,0.0,0.9293333333333333,0.5,0.4096229346754117,0.5582179661190788,0.7068129975627458,0
2342,0.11064621106462114,0.0,0.0,0.0075987841945288626,0.15625,0.2857142857142857,0.0,0.6666666666666666,0.024148940977213096,0.0,0.11331717103867067,0.8906302100700233,0.8165643222297791,0.0,0.9359999999999999,0.0,0.6033108773256027,0.6307963043688345,0.6582817314120664,0
2343,0.0,0.0,0.0,0.0075987841945288626,0.15625,0.2857142857142857,0.0,0.6666666666666666,0.02414887398986365,0.0,0.04787934193930987,0.7822607535845282,0.8354080571845318,0.0,0.7376666666666667,0.5,0.5372904180141411,0.7373953600851781,0.9375003021562153,0
2344,0.34076647731064913,0.2,0.9971731448763251,0.39669421487603307,0.1875,0.5714285714285714,0.0,0.6666666666666666,0.0950016750943612,0.0,0.3692161039249028,0.9979993331110371,0.9805761788026762,0.0,0.999,1.0,0.7849253323123859,0.8458227969383991,0.9067202615644123,0
2345,0.062382297551789145,0.0,0.0,0.0075987841945288626,0.15625,0.2857142857142857,0.0,0.6666666666666666,0.02414887486671624,0.0,0.028119990150568097,0.782594198066022,0.7876911347019129,0.0,0.8923333333333333,0.5,0.586869793642255,0.6469540592906591,0.7070383249390632,0
2346,0.0,0.0,0.0,0.0075987841945288626,0.15625,0.2857142857142857,0.0,0.6666666666666666,0.0241488738896124,0.0,0.014774933435691584,0.7675891963987996,0.7330612800803036,0.0,0.8863333333333333,0.5,0.4209878504821266,0.6887475021741689,0.9565071538662113,0
2347,0.6438472692656794,0.7,1.0,0.5964912280701755,0.59375,0.8571428571428571,0.0,0.6666666666666666,0.7001660984016093,1.0,0.7969059383141043,1.0,0.9975570491395962,0.001,1.0,1.0,0.8473530270206024,0.9213349687079684,0.9953169103953342,0
2348,0.8600075379496777,1.0,0.9992932862190813,0.8964851293935883,0.71875,1.0,0.0,0.6666666666666666,0.9156816029314777,1.0,0.8669723722075121,1.0,0.998849514947348,0.004,1.0,1.0,0.8597975113468989,0.8744713685301285,0.8891452257133582,0
2349,0.6365320575957976,0.7,0.9964664310954063,0.679144385026738,0.5,0.8571428571428571,0.0,0.6666666666666666,0.6733478995059156,0.5,0.4289186017054153,0.9996665555185061,0.9937223489463367,0.0,1.0,1.0,0.8145518353077802,0.9027154076731418,0.9908789800385036,0
2350,0.0,0.0,0.0,0.0075987841945288626,0.15625,0.2857142857142857,0.0,0.6666666666666666,0.024148873889629274,0.0,0.04284113989196969,0.7349116372124042,0.7969278203491403,0.0,0.7886666666666666,0.5,0.4956656685874099,0.6907433913594307,0.8858211141314517,0
2351,0.11064621106462114,0.0,0.0,0.0075987841945288626,0.15625,0.2857142857142857,0.0,0.6666666666666666,0.02414926764643688,0.0,0.06431842772028373,0.9583194398132711,0.931653642696479,0.0,0.7706666666666666,0.5,0.5980658674883589,0.7691737741573634,0.9402816808263681,0
2352,0.11064621106462114,0.0,0.0,0.0075987841945288626,0.15625,0.2857142857142857,0.0,0.6666666666666666,0.024148875410459514,0.0,0.06512903675651993,0.8102700900300099,0.8532170854168677,0.0,0.7150000000000001,0.5,0.5537049599932191,0.7462828166790337,0.9388606733648484,0
2353,0.0,0.0,0.0,0.0075987841945288626,0.15625,0.2857142857142857,0.0,0.6666666666666666,0.024148873890927347,0.0,0.015840932409717623,0.7349116372124042,0.806726169676167,0.0,0.7736666666666667,0.5,0.5169293915267039,0.671425744357339,0.8259220971879742,0
2354,0.062382297551789145,0.0,0.0,0.0075987841945288626,0.15625,0.2857142857142857,0.0,0.6666666666666666,0.024148873889825007,0.0,0.011591867178405213,0.7142380793597867,0.7688247790729624,0.0,0.8596666666666667,0.5,0.5210856745799326,0.6414654333420093,0.761845192104086,0
2355,0.13756436963239604,0.0,0.8671378091872791,0.0075987841945288626,0.1875,0.2857142857142857,0.0,0.6666666666666666,0.025098622687452332,0.0,0.14028968616762116,0.9956652217405801,0.9763656977053543,0.0,0.99,1.0,0.6932187544005874,0.8086378314264344,0.9240569084522814,0
2356,0.062382297551789145,0.0,0.8671378091872791,0.0075987841945288626,0.1875,0.2857142857142857,0.0,0.6666666666666666,0.024280167445970613,0.0,0.049417108411522026,0.9879959986662221,0.9627833651527128,0.0,0.8396666666666667,1.0,0.6675562052759297,0.7779547028104741,0.8883532003450184,0
2357,0.11064621106462114,0.0,0.0,0.0075987841945288626,0.15625,0.2857142857142857,0.0,0.6666666666666666,0.024148887807702968,0.0,0.05379404904896845,0.8902967655885295,0.8891566576500027,0.0,0.7556666666666667,0.5,0.5699547550730777,0.7730037476602217,0.9760527402473658,0
2358,0.1994621294845622,0.0,0.9484098939929329,0.0075987841945288626,0.25,0.2857142857142857,0.0,0.6666666666666666,0.027331095905422265,0.0,0.062354679921600376,0.9856618872957652,0.9584048896635351,0.0,0.8816666666666667,1.0,0.7359713099961891,0.7869005776995075,0.8378298454028259,0
2359,0.062382297551789145,0.0,0.0,0.0075987841945288626,0.15625,0.2857142857142857,0.0,0.6666666666666666,0.024148873898507506,0.0,0.08691202531457898,0.8229409803267755,0.7398646508275848,0.0,0.9406666666666667,0.0,0.6022544707919896,0.6023385587013905,0.6024226466107915,0
2360,0.217888198757764,0.1,0.9816254416961131,0.14084507042253525,0.1875,0.2857142857142857,0.0,0.6666666666666666,0.02507346391088061,0.3333333333333333,0.3356420076422888,0.9996665555185061,0.9857195920294245,0.0003333333333333333,0.9696666666666667,0.5,0.6538948279140824,0.8189840442693047,0.984073260624527,0
2361,0.062382297551789145,0.0,0.0,0.0075987841945288626,0.15625,0.2857142857142857,0.0,0.6666666666666666,0.024149344431297903,0.0,0.022299024021732894,0.8876292097365789,0.8858964586004549,0.0,0.846,0.5,0.6092138686999697,0.7256033428754223,0.8419928170508749,0
2362,0.46407634574475576,0.6,0.9992932862190813,0.5964912280701755,0.625,0.8571428571428571,0.0,0.6666666666666666,0.6173084210843285,0.3333333333333333,0.2824761004731329,0.9993331110370124,0.9965154688402805,0.0003333333333333333,0.9993333333333333,1.0,0.8425076241519591,0.8472419814744352,0.8519763387969114,0
2363,0.11064621106462114,0.0,0.0,0.0075987841945288626,0.15625,0.2857142857142857,0.0,0.6666666666666666,0.02415372142605976,0.0,0.05526196756561663,0.9339779926642214,0.9209274064209831,0.0,0.8483333333333334,0.5,0.6184956967134698,0.788117617534558,0.9577395383556462,0
2364,0.8608127085209301,0.8,0.9992932862190813,0.8964851293935883,0.875,1.0,0.0,0.6666666666666666,0.9194433663257274,1.0,0.5478550141427192,1.0,0.997363586139266,0.0013333333333333333,1.0,1.0,0.8701890844860806,0.9208417215462745,0.9714943586064686,0
2365,0.18166893833734843,0.0,0.8671378091872791,0.0075987841945288626,0.1875,0.2857142857142857,0.0,0.6666666666666666,0.024367296193588017,0.0,0.09211264510866879,0.9736578859619873,0.9461936792908353,0.0,0.8473333333333333,1.0,0.6683690504309513,0.7541852398107878,0.8400014291906241,0
2366,0.062382297551789145,0.0,0.0,0.0075987841945288626,0.15625,0.2857142857142857,0.0,0.6666666666666666,0.024148873889949463,0.0,0.0114580483470208,0.7182394131377126,0.7708383771422562,0.0,0.8576666666666667,0.5,0.5234377768734365,0.6426070655565476,0.7617763542396586,0
2367,0.6786957541141642,0.7,0.9992932862190813,0.8964851293935883,0.46875,1.0,0.0,0.6666666666666666,0.8703573209478412,0.3333333333333333,0.53558087860089,1.0,0.9984087316677238,0.0003333333333333333,1.0,1.0,0.8743458733290159,0.891994772004092,0.9096436706791682,0
2368,0.610513935932346,0.6,1.0,0.5964912280701755,0.625,0.8571428571428571,0.0,0.6666666666666666,0.5309003270114275,1.0,0.6920477044344651,1.0,0.9970172651166047,0.001,1.0,1.0,0.8244991651611234,0.9120499309453947,0.9996006967296658,0
2369,0.062382297551789145,0.0,0.0,0.0075987841945288626,0.15625,0.2857142857142857,0.0,0.6666666666666666,0.024148873894583422,0.0,0.05014288319732341,0.8329443147715905,0.8487445251912247,0.0,0.782,0.5,0.5235353423173836,0.725001460281611,0.9264675782458385,0
2370,0.20753100730286567,0.2,0.9957597173144876,0.0075987841945288626,0.5,0.2857142857142857,0.0,0.6666666666666666,0.029002450922215983,0.0,0.19936031853989278,0.9983327775925308,0.9885178223518551,0.0,0.975,1.0,0.7221817040511289,0.7759475446965713,0.8297133853420137,0
2371,0.0,0.0,0.0,0.0075987841945288626,0.15625,0.2857142857142857,0.0,0.6666666666666666,0.0241488738896124,0.0,0.00480187187143033,0.6768922974324775,0.71533590533794,0.0,0.883,0.5,0.4700346803529413,0.6088129288590437,0.747591177365146,0
2372,0.11064621106462114,0.0,0.0,0.0075987841945288626,0.15625,0.2857142857142857,0.0,0.6666666666666666,0.024148908526382296,0.0,0.04632936228102591,0.8402800933644547,0.8505934394819935,0.0,0.8513333333333333,0.5,0.5972389604487416,0.6518170789794104,0.7063951975100793,0
2373,0.0,0.0,0.0,0.0075987841945288626,0.15625,0.2857142857142857,0.0,0.6666666666666666,0.024148873910124213,0.0,0.013966544691459748,0.7725908636212071,0.8272025954403759,0.0,0.7503333333333333,0.5,0.5289188098933642,0.7597987099678016,0.9906786100422392,0
2374,0.2518664245359161,0.2,0.9992932862190813,0.14084507042253525,0.28125,0.2857142857142857,0.0,0.6666666666666666,0.06175929262387758,0.5,0.44417818919981455,0.9996665555185061,0.99221507934926,0.0003333333333333333,0.9996666666666667,1.0,0.7299781008885277,0.8508821414521092,0.9717861820156907,0
2375,0.11064621106462114,0.0,0.0,0.0075987841945288626,0.15625,0.2857142857142857,0.0,0.6666666666666666,0.02414888153318373,0.0,0.05736001660662193,0.839946648882961,0.8421235473889694,0.0,0.8676666666666667,0.5,0.5898316211800265,0.6385060574752806,0.6871804937705346,0
2376,0.13553057739209573,0.1,0.9837455830388693,0.0075987841945288626,0.40625,0.2857142857142857,0.0,0.6666666666666666,0.045491668647464456,0.0,0.06010984925443674,0.9973324441480493,0.9798894753764611,0.0,0.9963333333333333,1.0,0.7425853386534006,0.8271423725997487,0.9116994065460968,0
2377,0.4077954628178956,0.4,0.9978798586572438,0.020408163265306145,0.15625,0.42857142857142855,0.0,0.6666666666666666,0.19369699828714304,0.5,0.29259143629108575,0.9996665555185061,0.9981317620923648,0.0006666666666666666,0.9993333333333333,1.0,0.8170035508387749,0.8490312791559567,0.8810590074731386,0
2378,0.0,0.0,0.0,0.0075987841945288626,0.15625,0.2857142857142857,0.0,0.6666666666666666,0.02414887389348419,0.0,0.0006220186179072273,0.7482494164721574,0.8167548561712445,0.0,0.76,0.5,0.5210135972862866,0.6904750191513722,0.8599364410164577,0
2379,0.0,0.0,0.0,0.0075987841945288626,0.15625,0.2857142857142857,0.0,0.6666666666666666,0.0241488738896124,0.0,0.038112138604922574,0.7482494164721574,0.7287818951111136,0.0,0.882,0.5,0.42541379340339985,0.6997131760171936,0.9740125586309873,0
2380,0.0,0.0,0.0,0.0075987841945288626,0.15625,0.2857142857142857,0.0,0.6666666666666666,0.0241488738896124,0.0,0.03860861491158196,0.7572524174724908,0.755222766035974,0.0,0.863,0.5,0.44319806806926315,0.6801755010219641,0.9171529339746651,0
2381,0.062382297551789145,0.0,0.0,0.0075987841945288626,0.15625,0.2857142857142857,0.0,0.6666666666666666,0.024148873889690226,0.0,0.03504478416174073,0.7039013004334778,0.7480055751297932,0.0,0.8926666666666667,0.5,0.5224556588252174,0.622748777578479,0.7230418963317407,0
2382,0.15881086898036045,0.2,0.9929328621908127,0.14084507042253525,0.1875,0.2857142857142857,0.0,0.6666666666666666,0.049057855458707667,0.6666666666666666,0.6925997377189204,1.0,0.9965966673139723,0.0006666666666666666,0.995,1.0,0.7805744369448865,0.8055801042724251,0.8305857715999637,0
2383,0.7070340824524926,0.7,1.0,0.8964851293935883,0.53125,1.0,0.0,0.6666666666666666,0.8847308667932916,1.0,0.6688149250944853,1.0,0.9963209376936418,0.0013333333333333333,1.0,1.0,0.9122572796895088,0.9260499453610422,0.9398426110325758,0
2384,0.062382297551789145,0.0,0.0,0.0075987841945288626,0.15625,0.2857142857142857,0.0,0.6666666666666666,0.02418780750653038,0.0,0.0746752205074408,0.9479826608869624,0.9216829593726771,0.0,0.853,0.5,0.6615156371540147,0.7462355630620103,0.8309554889700058,0
2385,0.857226820724516,0.9,1.0,0.8964851293935883,0.78125,1.0,0.0,0.6666666666666666,0.8099801245111791,1.0,0.9208332751607271,1.0,0.9987110362586251,0.002,1.0,1.0,0.7670939003621459,0.8824930079716864,0.997892115581227,0
2386,0.11064621106462114,0.0,0.8671378091872791,0.0075987841945288626,0.1875,0.2857142857142857,0.0,0.6666666666666666,0.024158067287481266,0.0,0.029048324605645437,0.9303101033677893,0.8800459730501242,0.0,0.9066666666666666,0.5,0.649798791643657,0.6700724240991469,0.690346056554637,0
2387,0.8342334031591494,0.9,1.0,0.8964851293935883,0.59375,1.0,0.0,0.6666666666666666,0.8095756335868941,1.0,0.7835270841815034,1.0,0.9968778502984467,0.003,1.0,1.0,0.7675430783387349,0.824006979383052,0.8804708804273691,0
2388,0.8650581460257208,0.9,1.0,0.8964851293935883,0.78125,1.0,0.0,0.6666666666666666,0.8979015606380754,1.0,0.8233421840575077,1.0,0.9978584152250988,0.0023333333333333335,1.0,1.0,0.8315318342778651,0.8977465001245495,0.9639611659712337,0
2389,0.8780210059631457,0.8,0.9992932862190813,0.8964851293935883,0.71875,1.0,0.0,0.6666666666666666,0.909296895731593,1.0,0.6433453981923448,1.0,0.9958675739527466,0.002,1.0,1.0,0.8440062612422939,0.9137757267191616,0.9835451921960293,0
2390,0.5938472692656793,0.5,0.9971731448763251,0.5964912280701755,0.53125,0.8571428571428571,0.0,0.6666666666666666,0.640172489028653,1.0,0.590068377657216,1.0,0.9949511841474099,0.0003333333333333333,1.0,1.0,0.8403226406955616,0.9113115981560784,0.9823005556165951,0
2391,0.0,0.0,0.0,0.0075987841945288626,0.15625,0.2857142857142857,0.0,0.6666666666666666,0.024148874387070918,0.0,0.05926100408936197,0.8402800933644547,0.7795159679139338,0.0,0.9263333333333333,0.0,0.5949171262925002,0.6024139834709099,0.6099108406493198,0
2392,0.15217391304347827,0.0,0.976678445229682,0.07936507936507942,0.1875,0.7142857142857143,0.0,0.6666666666666666,0.036030840485603566,0.0,0.3367761054252122,0.9966655551850617,0.9612540368516044,0.0,0.9926666666666667,1.0,0.6810545608674508,0.7633648708783165,0.8456751808891823,0
2393,0.6123409173633501,1.0,1.0,0.8964851293935883,0.78125,1.0,0.0,0.6666666666666666,0.8978006610497161,1.0,0.7458708575747123,1.0,0.9972392462285508,0.004333333333333333,1.0,1.0,0.9269508830501697,0.9614887668005647,0.9960266505509597,0
2394,0.11064621106462114,0.0,0.0,0.0075987841945288626,0.15625,0.2857142857142857,0.0,0.6666666666666666,0.024154356418174205,0.0,0.05369590763709897,0.9459819939979993,0.9263465740679131,0.0,0.7463333333333333,0.5,0.6206641677111374,0.8094025721649629,0.9981409766187885,0
2395,0.13756436963239604,0.1,0.8671378091872791,0.0075987841945288626,0.1875,0.2857142857142857,0.0,0.6666666666666666,0.02448263405125739,0.0,0.1858974935512222,0.9969989996665555,0.9821712497143786,0.0,0.8943333333333333,1.0,0.6757636328076151,0.8033234697080954,0.9308833066085758,0
2396,0.907869531796675,1.0,0.9992932862190813,0.8964851293935883,0.5,1.0,0.0,0.6666666666666666,0.9220455900105083,1.0,0.7786134663774993,1.0,0.9968434892743412,0.008666666666666666,1.0,1.0,0.9501724818270841,0.9679599224211165,0.9857473630151489,0
2397,0.062382297551789145,0.0,0.0,0.0075987841945288626,0.15625,0.2857142857142857,0.0,0.6666666666666666,0.024149307421540533,0.0,0.02238699461445559,0.8882960986995665,0.8863029178185792,0.0,0.8443333333333334,0.5,0.6081046047806827,0.7261730096342351,0.8442414144877877,0
2398,0.11064621106462114,0.0,0.0,0.0075987841945288626,0.15625,0.2857142857142857,0.0,0.6666666666666666,0.024148888663032553,0.0,0.051003460272084356,0.816272090696899,0.8615478552160659,0.0,0.7023333333333333,0.5,0.5694119750915086,0.7360080097611116,0.9026040444307145,0
2399,0.1373542855987826,0.0,0.0,0.0075987841945288626,0.15625,0.2857142857142857,0.0,0.6666666666666666,0.02420564769914335,0.0,0.1531992434885826,0.9819939979993331,0.9556833499749408,0.0,0.899,0.5,0.6473768551931038,0.8191996197865306,0.9910223843799572,0
2400,0.7511389359323459,1.0,0.9978798586572438,0.5964912280701755,0.4375,0.8571428571428571,0.0,0.6666666666666666,0.818377180449351,1.0,0.862127136143619,1.0,0.9984024230696489,0.004333333333333333,1.0,1.0,0.8743332265223104,0.931378404831124,0.9884235831399377,0
2401,0.11064621106462114,0.0,0.0,0.0075987841945288626,0.15625,0.2857142857142857,0.0,0.6666666666666666,0.024180753878561667,0.0,0.0915722510437812,0.9459819939979993,0.9289628647866979,0.0,0.8260000000000001,0.5,0.6417203388802191,0.7489445643090815,0.8561687897379441,0
2402,0.062382297551789145,0.0,0.0,0.0075987841945288626,0.15625,0.2857142857142857,0.0,0.6666666666666666,0.024158011113413536,0.0,0.01747129385959878,0.9106368789596532,0.8844758078124021,0.0,0.871,0.5,0.6594010552421338,0.7152055158744313,0.7710099765067289,0
2403,0.062382297551789145,0.0,0.9816254416961131,0.14084507042253525,0.1875,0.2857142857142857,0.0,0.6666666666666666,0.02415201195599015,0.0,0.1399953894646061,0.9776592197399133,0.8576583742486172,0.0,0.968,0.5,0.6048394761787059,0.716765128286853,0.8286907803950001,0
2404,0.062382297551789145,0.0,0.0,0.0075987841945288626,0.15625,0.2857142857142857,0.0,0.6666666666666666,0.024193342288425623,0.0,0.08127418352537907,0.9779926642214072,0.947911810086696,0.0,0.84,0.5,0.6539612480169044,0.7672977700637172,0.8806342921105301,0
2405,0.062382297551789145,0.0,0.0,0.0075987841945288626,0.15625,0.2857142857142857,0.0,0.6666666666666666,0.024148873900586065,0.0,0.011405072252478665,0.8422807602534178,0.8565102841402302,0.0,0.7546666666666667,0.5,0.526718407693671,0.7406337078505547,0.9545490080074386,0
2406,0.5765003304901691,0.6,0.9978798586572438,0.5964912280701755,0.59375,0.8571428571428571,0.0,0.6666666666666666,0.7027687802610422,0.5,0.6332847076629283,1.0,0.999068890535289,0.0003333333333333333,0.9996666666666667,1.0,0.8440219181294354,0.8753427236281324,0.9066635291268293,0
2407,0.062382297551789145,0.0,0.0,0.0075987841945288626,0.15625,0.2857142857142857,0.0,0.6666666666666666,0.024148881935344813,0.0,0.08658662436495868,0.8949649883294432,0.890565400183676,0.0,0.7646666666666666,0.5,0.5685362998386077,0.7430144212142713,0.9174925425899351,0
2408,0.15217391304347827,0.0,0.9752650176678446,0.14084507042253525,0.15625,0.2857142857142857,0.0,0.6666666666666666,0.02414892384706613,0.0,0.16067817628447534,0.9869956652217405,0.8210714341309847,0.0,0.997,0.5,0.5752622897679573,0.631081980559375,0.6869016713507926,0
2409,0.19518245185086192,0.2,0.9469964664310954,0.0075987841945288626,0.15625,0.2857142857142857,0.0,0.6666666666666666,0.04004642311229545,0.0,0.21472177011074955,0.9986662220740247,0.9843278366294335,0.0,0.9966666666666667,1.0,0.7531088155727481,0.7788445440319101,0.8045802724910721,0
2410,0.11064621106462114,0.0,0.0,0.0075987841945288626,0.15625,0.2857142857142857,0.0,0.6666666666666666,0.024148906385957347,0.0,0.028189100406535772,0.8539513171057019,0.8729993808377977,0.0,0.8076666666666666,0.5,0.5824659398000673,0.6828092844119746,0.7831526290238819,0
2411,0.11064621106462114,0.0,0.0,0.0075987841945288626,0.15625,0.2857142857142857,0.0,0.6666666666666666,0.024149019709871822,0.0,0.02979684089943324,0.8502834278092697,0.8693723939468957,0.0,0.8343333333333334,0.5,0.5987353881758289,0.6780672428181107,0.7573990974603925,0
2412,0.1998542855987826,0.1,0.9802120141342756,0.0075987841945288626,0.21875,0.2857142857142857,0.0,0.6666666666666666,0.026734181482659602,0.5,0.5321295018005863,1.0,0.9940490579518235,0.0003333333333333333,0.9626666666666667,1.0,0.7021365116946421,0.8244895833376134,0.9468426549805846,0
2413,0.062382297551789145,0.0,0.0,0.0075987841945288626,0.15625,0.2857142857142857,0.0,0.6666666666666666,0.02414887390509679,0.0,0.04540248153904258,0.7965988662887629,0.8323859926739995,0.0,0.8026666666666666,0.5,0.5322578947539593,0.7028387552061676,0.8734196156583758,0
2414,0.0,0.0,0.9469964664310954,0.0075987841945288626,0.15625,0.2857142857142857,0.0,0.6666666666666666,0.024155318207473075,0.0,0.1052930817493406,0.9523174391463821,0.866725379834689,0.0,0.9586666666666667,0.5,0.594845548007078,0.6739529989968613,0.7530604499866446,0
2415,0.5744621294845622,0.9,1.0,0.8964851293935883,0.59375,1.0,0.0,0.6666666666666666,0.8167615332340623,1.0,0.5443721897372426,1.0,0.9941776703614422,0.0026666666666666666,1.0,1.0,0.8996365931632744,0.9147998667555537,0.9299631403478329,0
2416,0.11064621106462114,0.0,0.0,0.0075987841945288626,0.15625,0.2857142857142857,0.0,0.6666666666666666,0.024148874436864975,0.0,0.033575771121056586,0.7782594198066022,0.8256490076049636,0.0,0.8333333333333334,0.5,0.5598256722153613,0.6466276876380401,0.733429703060719,0
2417,0.13947068771518478,0.0,0.0,0.0075987841945288626,0.15625,0.2857142857142857,0.0,0.6666666666666666,0.024282365653870763,0.0,0.1525534418957082,0.98432810936979,0.9590228513187636,0.0,0.8883333333333333,0.5,0.6581683411258726,0.7703387236102324,0.8825091060945922,0
2418,0.0,0.0,0.0,0.0075987841945288626,0.15625,0.2857142857142857,0.0,0.6666666666666666,0.0241488738896124,0.0,0.047190362109915784,0.6822274091363788,0.7260392492425117,0.0,0.8746666666666667,0.5,0.47507516179605275,0.6173759554705163,0.7596767491449797,0
2419,0.0,0.0,0.0,0.0075987841945288626,0.15625,0.2857142857142857,0.0,0.6666666666666666,0.02414887513141961,0.0,0.07327393078675348,0.8392797599199733,0.7914782230014741,0.0,0.9196666666666666,0.0,0.6086676924526817,0.6090364964848356,0.6094053005169896,0
2420,0.2575310073028656,0.2,0.9901060070671378,0.0075987841945288626,0.46875,0.2857142857142857,0.0,0.6666666666666666,0.034247831193626066,0.0,0.3531843489638201,0.9993331110370124,0.9885455511009962,0.0,0.9936666666666667,1.0,0.733607161888637,0.790987925102469,0.8483686883163011,0
2421,0.11064621106462114,0.0,0.8671378091872791,0.0075987841945288626,0.1875,0.2857142857142857,0.0,0.6666666666666666,0.024158992277388824,0.0,0.06465589191452836,0.9329776592197399,0.8921507768686163,0.0,0.8956666666666666,1.0,0.6734813268770126,0.674258539613553,0.6750357523500935,0
2422,0.062382297551789145,0.0,0.0,0.0075987841945288626,0.15625,0.2857142857142857,0.0,0.6666666666666666,0.02414887388961351,0.0,0.004508546959800519,0.6882294098032677,0.7246768042638427,0.0,0.901,0.5,0.5056661691733575,0.6061048261760381,0.7065434831787187,0
2423,0.13553057739209573,0.1,0.9837455830388693,0.0075987841945288626,0.40625,0.2857142857142857,0.0,0.6666666666666666,0.03748692850111779,0.0,0.3397184091157295,0.9986662220740247,0.9869876654090817,0.0,0.9973333333333333,1.0,0.7347661463714624,0.810432842446654,0.8860995385218458,0
2424,0.23657788808325475,0.4,1.0,0.39669421487603307,0.3125,0.5714285714285714,0.0,0.6666666666666666,0.168463360814868,0.3333333333333333,0.6334848998901577,1.0,0.9971970001686783,0.0003333333333333333,0.9993333333333333,1.0,0.7816070872489009,0.8651218412161956,0.9486365951834902,0
2425,0.062382297551789145,0.0,0.0,0.0075987841945288626,0.15625,0.2857142857142857,0.0,0.6666666666666666,0.02414887444520719,0.0,0.030558162289210822,0.7789263087695899,0.7861992136964693,0.0,0.8903333333333333,0.5,0.5809809395872558,0.6461063677321538,0.7112317958770518,0
2426,0.1373542855987826,0.0,0.8671378091872791,0.0075987841945288626,0.1875,0.2857142857142857,0.0,0.6666666666666666,0.024665216473011675,0.0,0.06460463082150303,0.9966655551850617,0.9786084429057649,0.0,0.9213333333333333,1.0,0.6759538769266462,0.813205473277258,0.9504570696278698,0
2427,0.0,0.0,0.0,0.0075987841945288626,0.15625,0.2857142857142857,0.0,0.6666666666666666,0.0241488738896124,0.0,0.05305587966646785,0.7069023007669223,0.7523564122302755,0.0,0.8726666666666667,0.5,0.48187009069404874,0.5971713311366863,0.7124725715793239,0
2428,0.062382297551789145,0.0,0.0,0.0075987841945288626,0.15625,0.2857142857142857,0.0,0.6666666666666666,0.02414887389150866,0.0,0.02808811299593672,0.7312437479159719,0.7907068508918428,0.0,0.8336666666666667,0.5,0.5273107698182937,0.6643508121920669,0.8013908545658402,0
2429,0.0,0.0,0.0,0.0075987841945288626,0.15625,0.2857142857142857,0.0,0.6666666666666666,0.024148886489475774,0.0,0.03933494029238982,0.8576192064021341,0.8754760721819413,0.0,0.7916666666666666,0.5,0.5727612678023782,0.6901368586566268,0.8075124495108754,0
2430,0.062382297551789145,0.0,0.0,0.0075987841945288626,0.15625,0.2857142857142857,0.0,0.6666666666666666,0.024148896809628173,0.0,0.04084058615435837,0.8889629876625542,0.8855538069116711,0.0,0.7863333333333333,0.5,0.5781215728591085,0.7342413353106287,0.8903610977621491,0
2431,0.0,0.0,0.0,0.0075987841945288626,0.15625,0.2857142857142857,0.0,0.6666666666666666,0.0241488738896124,0.0,0.007748200294664942,0.6832277425808603,0.7324930755897678,0.0,0.8496666666666667,0.5,0.4500098548497226,0.6778281877460591,0.9056465206423956,0
2432,0.11064621106462114,0.0,0.0,0.0075987841945288626,0.15625,0.2857142857142857,0.0,0.6666666666666666,0.02414887593723425,0.0,0.009236072048511401,0.7842614204734912,0.8272017256631319,0.0,0.849,0.5,0.5711153704879336,0.6464850710894334,0.7218547716909333,0
2433,0.11064621106462114,0.0,0.0,0.0075987841945288626,0.15625,0.2857142857142857,0.0,0.6666666666666666,0.024176366621785905,0.0,0.06962196964164613,0.9556518839613204,0.9371901961742543,0.0,0.8573333333333333,0.5,0.6372338309959539,0.7893397194531921,0.9414456079104304,0
2434,0.3807430124114225,0.6,0.9992932862190813,0.5964912280701755,0.5625,0.8571428571428571,0.0,0.6666666666666666,0.602327015221808,0.5,0.3464720737067557,0.9996665555185061,0.9949141190292392,0.0,0.9996666666666667,1.0,0.8357615281330177,0.8525096309644844,0.869257733795951,0
2435,0.0,0.0,0.0,0.0075987841945288626,0.15625,0.2857142857142857,0.0,0.6666666666666666,0.0241488738896124,0.0,0.009032258227827716,0.7535845281760587,0.7435815805475099,0.0,0.8723333333333333,0.5,0.4346153513419047,0.673796046521651,0.9129767417013973,0
2436,0.11064621106462114,0.0,0.0,0.0075987841945288626,0.15625,0.2857142857142857,0.0,0.6666666666666666,0.024170678768520082,0.0,0.10171489518128773,0.9203067689229744,0.8985889612206949,0.0,0.8703333333333333,0.5,0.6625367068798025,0.6925427674111433,0.722548827942484,0
2437,0.557483632902043,0.5,0.9992932862190813,0.39669421487603307,0.34375,0.5714285714285714,0.0,0.6666666666666666,0.3056300115312076,1.0,0.8270069202188579,1.0,0.9981432242399747,0.0006666666666666666,1.0,1.0,0.8072682023486467,0.8842903838596967,0.9613125653707466,0
2438,0.062382297551789145,0.0,0.0,0.0075987841945288626,0.15625,0.2857142857142857,0.0,0.6666666666666666,0.02414938007557421,0.0,0.01891514749828016,0.8629543181060353,0.8373453407298619,0.0,0.8866666666666667,0.5,0.6424142048709459,0.6823189486398806,0.7222236924088155,0
2439,0.13947068771518478,0.0,0.8671378091872791,0.0075987841945288626,0.1875,0.2857142857142857,0.0,0.6666666666666666,0.024857750025825687,0.0,0.08735816183168332,0.9836612204068023,0.9594011547629685,0.0,0.9436666666666667,1.0,0.6810497265133897,0.7971428046642922,0.9132358828151947,0
2440,0.13630898943153524,0.0,0.8671378091872791,0.0075987841945288626,0.1875,0.2857142857142857,0.0,0.6666666666666666,0.025353631756931172,0.0,0.18896802324508255,0.9939979993331111,0.9763354797355904,0.0,0.968,1.0,0.6897759970049457,0.8329800022235956,0.9761840074422454,0
2441,0.13630898943153524,0.0,0.9802120141342756,0.0075987841945288626,0.21875,0.2857142857142857,0.0,0.6666666666666666,0.026166770529966077,0.0,0.10970220717354573,0.9913304434811604,0.9718974734152483,0.0,0.976,1.0,0.6992842917105033,0.8480197256796348,0.9967551596487663,0
2442,0.062382297551789145,0.0,0.0,0.0075987841945288626,0.15625,0.2857142857142857,0.0,0.6666666666666666,0.02414887464218274,0.0,0.01948170631164281,0.7795931977325775,0.8040986917799123,0.0,0.874,0.5,0.5731831432052858,0.6607020184520034,0.748220893698721,0
2443,0.22954730996572004,0.0,0.9816254416961131,0.10169491525423724,0.21875,0.5714285714285714,0.0,0.6666666666666666,0.027117961726406792,0.0,0.07950137393094159,0.9953317772590864,0.9772841598093459,0.0,0.911,1.0,0.6887110061072207,0.7359208692024897,0.7831307322977586,0
2444,0.062382297551789145,0.0,0.0,0.0075987841945288626,0.15625,0.2857142857142857,0.0,0.6666666666666666,0.02414887421485523,0.0,0.006140684803371044,0.7729243081027009,0.7809362502278729,0.0,0.891,0.5,0.5785114374202146,0.6422700414449263,0.7060286454696378,0
2445,0.1994621294845622,0.0,0.9802120141342756,0.0075987841945288626,0.21875,0.2857142857142857,0.0,0.6666666666666666,0.02514351580455687,0.0,0.12466209985085952,0.9859953317772591,0.9567068500416205,0.0,0.8666666666666667,1.0,0.7036627859465872,0.7863466783066095,0.869030570666632,0
2446,0.7564737874843028,1.0,1.0,0.8964851293935883,0.59375,1.0,0.0,0.6666666666666666,0.8203393664506327,1.0,0.6987579834519666,1.0,0.9944397918584107,0.0003333333333333333,1.0,1.0,0.8785792746332284,0.9354461781675065,0.9923130817017848,0
2447,0.3807430124114225,0.5,0.995053003533569,0.39669421487603307,0.375,0.5714285714285714,0.0,0.6666666666666666,0.2071920241914712,1.0,0.5216206946545863,1.0,0.993569098512738,0.0003333333333333333,1.0,1.0,0.7921391873564118,0.8315759219046517,0.8710126564528917,0
2448,0.46407634574475576,0.6,1.0,0.5964912280701755,0.6875,0.8571428571428571,0.0,0.6666666666666666,0.606349501549324,0.5,0.3936818002290885,0.9996665555185061,0.9978876963415052,0.0006666666666666666,0.9993333333333333,1.0,0.8414048971545871,0.8461276636501119,0.8508504301456368,0
2449,0.27840949790561487,0.0,0.9957597173144876,0.39669421487603307,0.3125,0.5714285714285714,0.0,0.6666666666666666,0.1068092339792156,0.0,0.23985844624528974,0.9943314438146049,0.975456086066606,0.0,0.998,1.0,0.7722264268172233,0.8857945332432227,0.9993626396692219,0
2450,0.062382297551789145,0.0,0.0,0.0075987841945288626,0.15625,0.2857142857142857,0.0,0.6666666666666666,0.02417085580325462,0.0,0.05918033481213836,0.9276425475158386,0.9049384897651774,0.0,0.86,0.5,0.6593743917405975,0.7340348057266148,0.808695219712632,0
2451,0.19059750976591983,0.0,0.9519434628975265,0.0075987841945288626,0.1875,0.2857142857142857,0.0,0.6666666666666666,0.024772564485173842,0.0,0.11290779041966514,0.9786595531843948,0.9515054742869722,0.0,0.8693333333333333,1.0,0.7063345973151416,0.7270889623380432,0.7478433273609448,0
2452,0.19059750976591983,0.0,0.9469964664310954,0.0075987841945288626,0.15625,0.2857142857142857,0.0,0.6666666666666666,0.025847215162667747,0.0,0.09239247427010133,0.9829943314438147,0.9546753559438229,0.0,0.883,1.0,0.7245212296270901,0.7314732691269532,0.7384253086268163,0
2453,0.062382297551789145,0.0,0.0,0.0075987841945288626,0.15625,0.2857142857142857,0.0,0.6666666666666666,0.024148873891023492,0.0,0.016523843489639978,0.7235745248416139,0.7828096892977839,0.0,0.837,0.5,0.527557601618976,0.656907686662396,0.786257771705816,0
2454,0.5038377957421997,0.3,0.9971731448763251,0.19696969696969702,0.46875,0.42857142857142855,0.0,0.6666666666666666,0.23958201715544614,0.0,0.37937823856153063,0.9989996665555185,0.9886228864822255,0.0,0.9986666666666667,1.0,0.6925407430337426,0.7951949386430248,0.8978491342523072,0
2455,0.0,0.0,0.0,0.0075987841945288626,0.15625,0.2857142857142857,0.0,0.6666666666666666,0.024148873889756617,0.0,0.03558367921752803,0.7185728576192064,0.7941111276911175,0.0,0.7803333333333333,0.5,0.5058139346247302,0.6758995839149521,0.8459852332051739,0
2456,0.11064621106462114,0.0,0.8671378091872791,0.0075987841945288626,0.1875,0.2857142857142857,0.0,0.6666666666666666,0.024148930633933308,0.0,0.07339462663390084,0.8976325441813938,0.8105632071748647,0.0,0.945,0.5,0.5903059309704454,0.629949562393655,0.6695931938168646,0
2457,0.062382297551789145,0.0,0.0,0.0075987841945288626,0.15625,0.2857142857142857,0.0,0.6666666666666666,0.0241488738896124,0.0,0.04732072948351429,0.6912304101367122,0.7069581431091605,0.0,0.9146666666666666,0.5,0.49868345803612085,0.5855732821283417,0.6724631062205626,0
2458,0.11064621106462114,0.0,0.0,0.0075987841945288626,0.15625,0.2857142857142857,0.0,0.6666666666666666,0.02415074694229713,0.0,0.06910229530922907,0.8909636545515172,0.8880190694651359,0.0,0.8363333333333334,0.5,0.6263689945683445,0.6851128291612234,0.7438566637541024,0
2459,0.0,0.0,0.0,0.0075987841945288626,0.15625,0.2857142857142857,0.0,0.6666666666666666,0.0241488738896124,0.0,0.02256100896119262,0.7092364121373791,0.7487508543005872,0.0,0.8363333333333334,0.5,0.45849366046059803,0.7244827289262926,0.9904717973919872,0
2460,0.062382297551789145,0.0,0.9484098939929329,0.0075987841945288626,0.25,0.2857142857142857,0.0,0.6666666666666666,0.024152597705713208,0.0,0.06420475548943783,0.9489829943314438,0.8522256221345945,0.0,0.9373333333333334,0.5,0.6441033389340803,0.6922418011472938,0.7403802633605073,0
2461,0.6031079628178955,1.0,0.9992932862190813,0.8964851293935883,0.5,1.0,0.0,0.6666666666666666,0.8180586111483946,1.0,0.7589035371378765,1.0,0.995965372776146,0.0016666666666666668,1.0,1.0,0.877110266457406,0.9126075821288122,0.9481048978002184,0
2462,0.6643098353735754,0.6,0.9992932862190813,0.679144385026738,0.625,0.8571428571428571,0.0,0.6666666666666666,0.8300640164722749,0.5,0.5022606102145337,1.0,0.9966522057196086,0.0006666666666666666,0.9996666666666667,1.0,0.8465809799439066,0.8904880557733033,0.9343951316026998,0
2463,0.29204730996572004,0.2,0.9943462897526502,0.19696969696969702,0.25,0.42857142857142855,0.0,0.6666666666666666,0.040157924346525875,0.5,0.46510361010635215,0.9996665555185061,0.9903334772139749,0.0003333333333333333,0.9973333333333333,1.0,0.7052909722397259,0.7622202307187079,0.8191494891976899,0
2464,0.0,0.0,0.0,0.0075987841945288626,0.15625,0.2857142857142857,0.0,0.6666666666666666,0.0241488738896124,0.0,0.02692097456691922,0.687895965321774,0.7045975743600005,0.0,0.8783333333333333,0.5,0.4269905904565176,0.7018000972025839,0.97660960394865,0
2465,0.36641005506375923,0.3,0.9674911660777386,0.19696969696969702,0.125,0.42857142857142855,0.0,0.6666666666666666,0.050365855048464026,1.0,0.5061677122305488,1.0,0.9935826825700265,0.0003333333333333333,0.998,0.5,0.6621933818630883,0.8105255341776525,0.9588576864922168,0
2466,0.1463108689803605,0.1,0.9957597173144876,0.14084507042253525,0.21875,0.2857142857142857,0.0,0.6666666666666666,0.09968697219048783,0.5,0.6819242068741468,1.0,0.9952901105569953,0.0003333333333333333,0.9983333333333333,1.0,0.7741056444822538,0.8306940760093375,0.8872825075364211,0
2467,0.11064621106462114,0.0,0.9519434628975265,0.0075987841945288626,0.1875,0.2857142857142857,0.0,0.6666666666666666,0.024470955223088064,0.0,0.08931712391783542,0.9609869956652217,0.9281632665826158,0.0,0.879,1.0,0.7060053757672634,0.7136869866813613,0.7213685975954593,0
2468,0.0,0.0,0.0,0.0075987841945288626,0.15625,0.2857142857142857,0.0,0.6666666666666666,0.0241488738896124,0.0,0.047990078733376795,0.6868956318772924,0.741023560928533,0.0,0.854,0.5,0.46729014737788477,0.6009917675426336,0.7346933877073825,0
2469,0.13756436963239604,0.1,0.9802120141342756,0.0075987841945288626,0.21875,0.2857142857142857,0.0,0.6666666666666666,0.025698225763208127,0.0,0.3431123791202847,0.9989996665555185,0.9843479938064142,0.0,0.9923333333333333,1.0,0.7014122498222902,0.8136943404222966,0.925976431022303,0
2470,0.13630898943153524,0.0,0.9519434628975265,0.0075987841945288626,0.1875,0.2857142857142857,0.0,0.6666666666666666,0.0282651610311091,0.0,0.11756444893808549,0.9849949983327776,0.9582272440933032,0.0,0.9926666666666667,1.0,0.7124266003969557,0.8543754403560773,0.9963242803151988,0
2471,0.0,0.0,0.9674911660777386,0.19696969696969702,0.125,0.42857142857142855,0.0,0.6666666666666666,0.024148874524461017,0.0,0.29495695468804717,0.9913304434811604,0.8012456338958713,0.0,0.998,0.0,0.5191911294871304,0.5839517281359381,0.6487123267847457,0
2472,0.11064621106462114,0.0,0.0,0.0075987841945288626,0.15625,0.2857142857142857,0.0,0.6666666666666666,0.02414912657040691,0.0,0.05891502384894132,0.8616205401800601,0.8649546976021087,0.0,0.856,0.5,0.6138535198673026,0.6634375178823327,0.7130215158973628,0
2473,0.11064621106462114,0.0,0.0,0.0075987841945288626,0.15625,0.2857142857142857,0.0,0.6666666666666666,0.02414887408193489,0.0,0.06152019285787813,0.7772590863621207,0.8260682345283883,0.0,0.8283333333333334,0.5,0.5512466649378481,0.6482749757100479,0.7453032864822478,0
2474,0.9000525433889484,0.9,0.9985865724381625,0.8964851293935883,0.53125,1.0,0.0,0.6666666666666666,0.8970233781170833,1.0,0.775303959496429,1.0,0.9977069379701898,0.0033333333333333335,1.0,1.0,0.8116992998172716,0.8608309422825388,0.9099625847478059,0
2475,0.23657788808325475,0.3,0.9957597173144876,0.39669421487603307,0.5,0.5714285714285714,0.0,0.6666666666666666,0.223562635359549,0.0,0.29873845502150287,0.9986662220740247,0.9916549388028864,0.0,0.999,1.0,0.7891645278512949,0.8644365295142152,0.9397085311771356,0
2476,0.0,0.0,0.0,0.0075987841945288626,0.15625,0.2857142857142857,0.0,0.6666666666666666,0.0241488738896124,0.0,0.04679894545776053,0.7149049683227743,0.7626064199056602,0.0,0.837,0.5,0.4712135995947079,0.6244727194854298,0.7777318393761516,0
2477,0.07131086898036054,0.0,0.9484098939929329,0.0075987841945288626,0.25,0.2857142857142857,0.0,0.6666666666666666,0.026602398789060677,0.0,0.14286388317151133,0.9796598866288763,0.9400281908898673,0.0,0.876,1.0,0.7475180931390918,0.7731721515631126,0.7988262099871334,0
2478,0.2703581207765309,0.1,0.9816254416961131,0.10169491525423724,0.21875,0.5714285714285714,0.0,0.6666666666666666,0.04149688488995518,0.0,0.2453222261756065,0.9969989996665555,0.9825799062604588,0.0,0.9773333333333334,1.0,0.7366554227543995,0.7633021924093574,0.7899489620643152,0
2479,0.062382297551789145,0.0,0.0,0.0075987841945288626,0.15625,0.2857142857142857,0.0,0.6666666666666666,0.024186990576046008,0.0,0.13244088448034352,0.9826608869623208,0.9544047929458097,0.0,0.8343333333333334,0.5,0.6498004828939711,0.7732665370027869,0.8967325911116028,0
2480,0.21274563318777295,0.1,0.9915194346289753,0.07936507936507942,0.25,0.7142857142857143,0.0,0.6666666666666666,0.02468659078426294,0.0,0.34234355023864826,0.9979993331110371,0.945691876287825,0.0,0.9966666666666667,0.5,0.6226464523539194,0.7056223019484442,0.788598151542969,0
2481,0.062382297551789145,0.0,0.0,0.0075987841945288626,0.15625,0.2857142857142857,0.0,0.6666666666666666,0.02414894265581513,0.0,0.03809783097278285,0.9203067689229744,0.9062769663693688,0.0,0.7783333333333333,0.5,0.5848028970873181,0.7509136728587844,0.9170244486302507,0
2482,0.11064621106462114,0.0,0.0,0.0075987841945288626,0.15625,0.2857142857142857,0.0,0.6666666666666666,0.024153102296702422,0.0,0.026580429645253534,0.9006335445148382,0.9040876940920465,0.0,0.8009999999999999,0.5,0.6173218167584295,0.7623442785218166,0.9073667402852039,0
2483,0.9112566144601921,1.0,1.0,0.8964851293935883,0.53125,1.0,0.0,0.6666666666666666,0.9218728581695289,1.0,0.8303368576627291,1.0,0.9982098565633984,0.008,1.0,1.0,0.8966171976672758,0.8983645973739869,0.900111997080698,0
2484,0.0,0.0,0.0,0.0075987841945288626,0.15625,0.2857142857142857,0.0,0.6666666666666666,0.0241488738896124,0.0,0.017584465200281785,0.6972324108036012,0.7354542845282706,0.0,0.8596666666666667,0.5,0.457206009167704,0.642974676933501,0.828743344699298,0
2485,0.32595318035758425,0.2,0.9957597173144876,0.07936507936507942,0.28125,0.7142857142857143,0.0,0.6666666666666666,0.041472082577364344,0.0,0.34616054126665674,0.9986662220740247,0.9674442658367204,0.0,0.9966666666666667,1.0,0.7000083208236445,0.7198451623810325,0.7396820039384205,0
2486,0.5678196174072675,0.9,1.0,0.679144385026738,0.5625,0.8571428571428571,0.0,0.6666666666666666,0.72483897110359,1.0,0.7768464091857588,1.0,0.9971056918461259,0.001,1.0,1.0,0.8265266281981967,0.9119618275444946,0.9973970268907926,0
2487,0.062382297551789145,0.0,0.0,0.0075987841945288626,0.15625,0.2857142857142857,0.0,0.6666666666666666,0.024148873902400836,0.0,0.02111028836187867,0.7502500833611203,0.7518398822838851,0.0,0.9043333333333333,0.5,0.564844193020139,0.6209111429812062,0.6769780929422733,0
2488,0.0,0.0,0.0,0.0075987841945288626,0.15625,0.2857142857142857,0.0,0.6666666666666666,0.02414887388961562,0.0,0.029483102216081747,0.7149049683227743,0.7673249199607477,0.0,0.8626666666666667,0.5,0.49876488874433117,0.6060540878657266,0.7133432869871219,0
2489,0.18166893833734843,0.0,0.8671378091872791,0.0075987841945288626,0.1875,0.2857142857142857,0.0,0.6666666666666666,0.024400760608331296,0.0,0.12199260309232085,0.9839946648882961,0.9569398297982082,0.0,0.8726666666666667,1.0,0.673726483705595,0.7446775358312199,0.8156285879568447,0
2490,0.6177982074665986,0.8,0.9985865724381625,0.679144385026738,0.25,0.8571428571428571,0.0,0.6666666666666666,0.7243630574790418,0.5,0.23123038980015742,0.9996665555185061,0.9870051221354323,0.0,0.9996666666666667,1.0,0.8045300435874383,0.8329917110974718,0.8614533786075054,0
2491,0.0,0.0,0.0,0.0075987841945288626,0.15625,0.2857142857142857,0.0,0.6666666666666666,0.024148873960911477,0.0,0.049743882574824316,0.7732577525841947,0.8324648635054779,0.0,0.746,0.5,0.5365563433140591,0.6981715569427105,0.859786770571362,0
2492,0.0,0.0,0.0,0.0075987841945288626,0.15625,0.2857142857142857,0.0,0.6666666666666666,0.0241488738896124,0.0,0.004825041100569916,0.6772257419139713,0.7163197819885303,0.0,0.8816666666666667,0.5,0.47035543900478594,0.6096634823234166,0.7489715256420474,0
2493,0.2325310073028657,0.0,0.9901060070671378,0.0075987841945288626,0.46875,0.2857142857142857,0.0,0.6666666666666666,0.04116980948511162,0.0,0.1155065273246606,0.9966655551850617,0.9840523257669275,0.0,0.9983333333333333,1.0,0.7430612087858078,0.7996259410654898,0.8561906733451716,0
2494,0.062382297551789145,0.0,0.0,0.0075987841945288626,0.15625,0.2857142857142857,0.0,0.6666666666666666,0.024148873892257172,0.0,0.008658201519410436,0.7299099699899967,0.7871373696276325,0.0,0.8356666666666667,0.5,0.5305230803403135,0.6599482934195119,0.7893735064987103,0
2495,0.35086360236896896,0.7,0.9964664310954063,0.5964912280701755,0.5,0.8571428571428571,0.0,0.6666666666666666,0.5356529632046657,0.5,0.29125554579619506,0.9996665555185061,0.9951127492135182,0.0006666666666666666,0.9996666666666667,1.0,0.8210732124086709,0.876808328672652,0.9325434449366331,0
2496,0.062382297551789145,0.0,0.0,0.0075987841945288626,0.15625,0.2857142857142857,0.0,0.6666666666666666,0.02414887388978515,0.0,0.008383321352227857,0.7555851950650216,0.7440263731624,0.0,0.9096666666666666,0.5,0.5405122981591579,0.6042948994310111,0.6680775007028644,0
2497,0.062382297551789145,0.0,0.0,0.0075987841945288626,0.15625,0.2857142857142857,0.0,0.6666666666666666,0.024148874372280527,0.0,0.037604710831624644,0.7769256418806268,0.7809491195269929,0.0,0.8936666666666666,0.5,0.5833579382403278,0.6420742547416853,0.700790571243043,0
2498,0.11064621106462114,0.0,0.0,0.0075987841945288626,0.15625,0.2857142857142857,0.0,0.6666666666666666,0.024148920777440908,0.0,0.011673237339119624,0.8536178726242081,0.8725575496863753,0.0,0.81,0.5,0.5860727877828789,0.681902922812077,0.7777330578412751,0
2499,0.062382297551789145,0.0,0.0,0.0075987841945288626,0.15625,0.2857142857142857,0.0,0.6666666666666666,0.0241488738896124,0.0,0.036744888484597005,0.7275758586195398,0.696149344209158,0.0,0.9356666666666666,0.0,0.5170412148454513,0.5675794939693342,0.6181177730932169,0
2500,0.5948653909291309,0.4,0.9929328621908127,0.14084507042253525,0.1875,0.2857142857142857,0.0,0.6666666666666666,0.2534492531682162,0.5,0.4690942736350704,0.9996665555185061,0.9967548035905868,0.0,1.0,1.0,0.7784857070074075,0.865098536917235,0.9517113668270625,0
2501,0.8253811011680685,0.9,1.0,0.7424749163879598,0.875,1.0,0.0,0.6666666666666666,0.8729647600641517,1.0,0.6995839950030172,1.0,0.9969809713739769,0.0016666666666666668,1.0,1.0,0.7871266589424668,0.8748204389285242,0.9625142189145817,0
2502,0.062382297551789145,0.0,0.0,0.0075987841945288626,0.15625,0.2857142857142857,0.0,0.6666666666666666,0.024148874529271613,0.0,0.026045711308557817,0.7782594198066022,0.793465470111276,0.0,0.8833333333333333,0.5,0.5775977224101376,0.6518847277680978,0.726171733126058,0
2503,0.11064621106462114,0.0,0.0,0.0075987841945288626,0.15625,0.2857142857142857,0.0,0.6666666666666666,0.024162193541183763,0.0,0.08973665415961518,0.9239746582194065,0.9165504907922916,0.0,0.786,0.5,0.6338274799943793,0.7320259326407281,0.8302243852870769,0
2504,0.062382297551789145,0.0,0.0,0.0075987841945288626,0.15625,0.2857142857142857,0.0,0.6666666666666666,0.024148873890054712,0.0,0.019657102155689388,0.7632544181393798,0.8112899100439648,0.0,0.8033333333333333,0.5,0.5144942680724649,0.6904747359413188,0.8664552038101727,0
2505,0.0,0.0,0.0,0.0075987841945288626,0.15625,0.2857142857142857,0.0,0.6666666666666666,0.024148927712012935,0.0,0.005664127002805053,0.8642880960320107,0.8411023296690019,0.0,0.897,0.0,0.6177812133812576,0.6389755423828223,0.660169871384387,0
2506,0.11064621106462114,0.0,0.0,0.0075987841945288626,0.15625,0.2857142857142857,0.0,0.6666666666666666,0.024213691522901426,0.0,0.030834383572661772,0.9569856618872957,0.93245405849788,0.0,0.8293333333333334,0.5,0.6627270983472817,0.7175507581834205,0.7723744180195593,0
2507,0.8481222920480384,0.8,0.9985865724381625,0.8964851293935883,0.53125,1.0,0.0,0.6666666666666666,0.8895149559637494,0.0,0.4774995253567804,0.9996665555185061,0.9942692394554483,0.0013333333333333333,1.0,1.0,0.8113163611210729,0.8430228385333749,0.874729315945677,0
2508,0.0,0.0,0.0,0.0075987841945288626,0.15625,0.2857142857142857,0.0,0.6666666666666666,0.0241488738896124,0.0,0.03172156892151612,0.6978992997665889,0.7150286031086448,0.0,0.8816666666666667,0.5,0.4340440857097836,0.6366940969129304,0.8393441081160772,0
2509,0.1373542855987826,0.0,0.8671378091872791,0.0075987841945288626,0.1875,0.2857142857142857,0.0,0.6666666666666666,0.024729401048131927,0.0,0.19839530814478068,0.9899966655551851,0.9721875798836388,0.0,0.9233333333333333,1.0,0.6779568243892657,0.8217021304435635,0.9654474364978614,0
2510,0.13756436963239604,0.0,0.8671378091872791,0.0075987841945288626,0.1875,0.2857142857142857,0.0,0.6666666666666666,0.025408056244057398,0.0,0.20837009960097252,0.9956652217405801,0.9759177826634671,0.0,0.9926666666666667,1.0,0.6962959738639785,0.8172430331735967,0.938190092483215,0
2511,0.19059750976591983,0.0,0.9469964664310954,0.0075987841945288626,0.15625,0.2857142857142857,0.0,0.6666666666666666,0.02682273889988651,0.0,0.14004119499755463,0.9889963321107036,0.9638622680778963,0.0,0.8823333333333333,1.0,0.7288466639842063,0.7375804113779398,0.7463141587716734,0
2512,0.37446212948456226,0.5,0.9957597173144876,0.19354838709677424,0.34375,0.8571428571428571,0.0,0.6666666666666666,0.3910225142558654,0.3333333333333333,0.5651377476182695,1.0,0.9975698518316278,0.0003333333333333333,0.999,1.0,0.8448654236990459,0.8629373928521222,0.8810093620051986,0
2513,0.11064621106462114,0.0,0.0,0.0075987841945288626,0.15625,0.2857142857142857,0.0,0.6666666666666666,0.024148950787451717,0.0,0.029456251569140557,0.8279426475491831,0.8539526626425686,0.0,0.8443333333333334,0.5,0.5990416910173965,0.6632364672534482,0.7274312434895,0
2514,0.062382297551789145,0.0,0.9519434628975265,0.0075987841945288626,0.1875,0.2857142857142857,0.0,0.6666666666666666,0.02614414283284816,0.0,0.21835060953262364,0.9929976658886296,0.968990485828265,0.0,0.984,1.0,0.7121292290125681,0.8007717890072442,0.8894143490019203,0
2515,0.07131086898036054,0.1,0.9816254416961131,0.14084507042253525,0.1875,0.2857142857142857,0.0,0.6666666666666666,0.028132202594092104,0.0,0.2794554301676725,0.9973324441480493,0.963069793119187,0.0,0.9433333333333334,1.0,0.6966230824215414,0.7999447115572682,0.903266340692995,0
2516,0.7767837772021873,1.0,1.0,0.8964851293935883,0.46875,1.0,0.0,0.6666666666666666,0.8888850935496967,1.0,0.9346954940973451,1.0,0.9992914767801511,0.0036666666666666666,1.0,1.0,0.8601227932456039,0.8993125372065911,0.9385022811675783,0
2517,0.0,0.0,0.0,0.0075987841945288626,0.15625,0.2857142857142857,0.0,0.6666666666666666,0.0241488738896124,0.0,0.021403694319455546,0.6865621873957986,0.7422114894714055,0.0,0.848,0.5,0.45526800608610113,0.65293057593758,0.8505931457890588,0
2518,0.7106463300518844,0.6,0.9992932862190813,0.7424749163879598,0.40625,1.0,0.0,0.6666666666666666,0.7984696293939008,1.0,0.634500847401583,1.0,0.9947300905416574,0.001,1.0,1.0,0.77151689246614,0.8050272268729715,0.8385375612798028,0
2519,0.25779546281789556,0.3,0.992226148409894,0.19354838709677424,0.28125,0.8571428571428571,0.0,0.6666666666666666,0.25375852517271813,0.0,0.4175214598500113,0.9986662220740247,0.9864394688488958,0.0,0.9993333333333333,1.0,0.8212602438242325,0.8465410988349096,0.8718219538455866,0
2520,0.11064621106462114,0.0,0.0,0.0075987841945288626,0.15625,0.2857142857142857,0.0,0.6666666666666666,0.02416475478922564,0.0,0.0414341593837223,0.920973657885962,0.9140485734284218,0.0,0.853,0.5,0.6312574082630907,0.7714113432351618,0.9115652782072329,0
2521,0.13630898943153524,0.0,0.9802120141342756,0.0075987841945288626,0.21875,0.2857142857142857,0.0,0.6666666666666666,0.026483269452579283,0.0,0.09885733890082238,0.9886628876292097,0.9683978843224775,0.0,0.9786666666666667,1.0,0.701923481404734,0.8503227491252845,0.9987220168458348,0
2522,0.0,0.0,0.0,0.0075987841945288626,0.15625,0.2857142857142857,0.0,0.6666666666666666,0.024148873889615508,0.0,0.050401136238586663,0.7085695231743915,0.7815686692525801,0.0,0.7996666666666666,0.5,0.48946076135569977,0.6724525145339123,0.8554442677121248,0
2523,0.7263148017332117,0.7,0.9992932862190813,0.8964851293935883,0.53125,1.0,0.0,0.6666666666666666,0.8572852682564152,0.5,0.49468485761147674,0.9996665555185061,0.9960149041995169,0.0013333333333333333,1.0,1.0,0.8782130738380208,0.8881588512521963,0.8981046286663718,0
2524,0.3617428312389481,0.5,0.9957597173144876,0.39669421487603307,0.3125,0.5714285714285714,0.0,0.6666666666666666,0.11620142838332181,0.5,0.5801531887875787,1.0,0.9937419406459443,0.0006666666666666666,1.0,1.0,0.7788170351558339,0.8708349820873146,0.9628529290187953,0
2525,0.42240967907808913,0.5,0.9992932862190813,0.39669421487603307,0.3125,0.5714285714285714,0.0,0.6666666666666666,0.11162561592786435,0.5,0.5174862381086311,1.0,0.992132025430204,0.0,1.0,1.0,0.7752553699405803,0.8227994785829505,0.8703435872253208,0
2526,0.45420992194390575,0.5,1.0,0.5964912280701755,0.46875,0.8571428571428571,0.0,0.6666666666666666,0.5491911422379492,1.0,0.8187211463477063,1.0,0.9990267039811231,0.0013333333333333333,1.0,1.0,0.7834984103277193,0.8280076504377029,0.8725168905476864,0
2527,0.557483632902043,0.6,0.9992932862190813,0.39669421487603307,0.53125,0.5714285714285714,0.0,0.6666666666666666,0.27833312350722494,1.0,0.623689868525767,1.0,0.9971780011223781,0.0003333333333333333,1.0,1.0,0.8020494842754481,0.8880136058050005,0.9739777273345529,0
2528,0.11064621106462114,0.0,0.0,0.0075987841945288626,0.15625,0.2857142857142857,0.0,0.6666666666666666,0.02414890358200683,0.0,0.05559956494857177,0.8986328776258753,0.8949280273744276,0.0,0.7526666666666667,0.5,0.5755382406279449,0.7757097513565461,0.9758812620851471,0
2529,0.380976502040242,0.2,0.9964664310954063,0.14084507042253525,0.1875,0.2857142857142857,0.0,0.6666666666666666,0.24812866761245755,0.0,0.48774087201770555,0.9993331110370124,0.9870752341166863,0.0,0.9983333333333333,1.0,0.7718969641806631,0.8076768267632293,0.8434566893457955,0
2530,0.0,0.0,0.0,0.0075987841945288626,0.15625,0.2857142857142857,0.0,0.6666666666666666,0.0241488738896124,0.0,0.08942447482184157,0.703567855951984,0.647962909266242,0.0,0.9410000000000001,0.5,0.36874724881995397,0.622387095867229,0.876026942914504,0
2531,0.8776611984633416,0.8,0.9992932862190813,0.8964851293935883,0.75,1.0,0.0,0.6666666666666666,0.9141856667602575,0.6666666666666666,0.7480696272394352,1.0,0.9993885265014647,0.004,1.0,1.0,0.9850933408147483,0.9919519467025013,0.9988105525902542,0
2532,0.0,0.0,0.0,0.0075987841945288626,0.15625,0.2857142857142857,0.0,0.6666666666666666,0.02414887388981657,0.0,0.0024996771730873,0.7315771923974659,0.8005949876860857,0.0,0.78,0.5,0.5077182747259816,0.6720498241806199,0.8363813736352582,0
2533,0.11064621106462114,0.0,0.0,0.0075987841945288626,0.15625,0.2857142857142857,0.0,0.6666666666666666,0.024148881602426786,0.0,0.013835742170359655,0.8386128709569857,0.8666187604829925,0.0,0.6973333333333334,0.5,0.5646025855292917,0.7612674263348849,0.957932267140478,0
2534,0.0,0.0,0.0,0.0075987841945288626,0.15625,0.2857142857142857,0.0,0.6666666666666666,0.024148873889616174,0.0,0.05597613716658989,0.7749249749916639,0.8038165711410146,0.0,0.8049999999999999,0.5,0.491904968107513,0.696780811278843,0.9016566544501728,0
2535,0.0,0.0,0.0,0.0075987841945288626,0.15625,0.2857142857142857,0.0,0.6666666666666666,0.02414891352803128,0.0,0.02653579143465412,0.8616205401800601,0.8363472255865876,0.0,0.8973333333333333,0.0,0.6170401224304516,0.6360899580285047,0.6551397936265576,0
2536,0.4284094979056148,0.6,0.9992932862190813,0.39669421487603307,0.34375,0.5714285714285714,0.0,0.6666666666666666,0.10976788320343167,0.0,0.4548843197815907,0.9996665555185061,0.9934001049159186,0.0,1.0,1.0,0.7793043734603081,0.864677552992503,0.9500507325246981,0
2537,0.0,0.0,0.0,0.0075987841945288626,0.15625,0.2857142857142857,0.0,0.6666666666666666,0.0241488738896124,0.0,0.018625184156462082,0.6935645215071691,0.6853079518946056,0.0,0.9076666666666666,0.5,0.4078917714403033,0.6229998142455193,0.8381078570507354,0
2538,0.11064621106462114,0.0,0.0,0.0075987841945288626,0.15625,0.2857142857142857,0.0,0.6666666666666666,0.02414892239345723,0.0,0.01753964620437276,0.8206068689563187,0.8464715967344567,0.0,0.8503333333333334,0.5,0.5971232878831958,0.6577286416666075,0.7183339954500193,0
2539,0.11064621106462114,0.0,0.9469964664310954,0.0075987841945288626,0.15625,0.2857142857142857,0.0,0.6666666666666666,0.024152833658880102,0.0,0.062248637272142804,0.9396465488496165,0.8583851075553847,0.0,0.9506666666666667,0.5,0.6008793307798902,0.6657996993004467,0.7307200678210033,0
2540,0.5631326675370715,0.7,1.0,0.19696969696969702,0.3125,0.42857142857142855,0.0,0.6666666666666666,0.46755477864410333,0.5,0.21675820121595823,0.9996665555185061,0.9884269116209488,0.0006666666666666666,0.9996666666666667,1.0,0.7311140740886882,0.7749936289659889,0.8188731838432896,0
2541,0.6995290874474975,0.9,0.9992932862190813,0.8964851293935883,0.65625,1.0,0.0,0.6666666666666666,0.8565029755249458,1.0,0.8440004028573688,1.0,0.9991346394693371,0.0013333333333333333,1.0,1.0,0.8322427016532732,0.877388127168495,0.9225335526837168,0
2542,0.8967584206855639,0.9,0.9992932862190813,0.8964851293935883,0.59375,1.0,0.0,0.6666666666666666,0.9219551800463763,1.0,0.5892574300187061,1.0,0.9976626680986077,0.005333333333333333,1.0,1.0,0.9630687737478425,0.9688102562332122,0.9745517387185818,0
2543,0.6538931687069087,0.9,1.0,0.8964851293935883,0.5,1.0,0.0,0.6666666666666666,0.86731848339559,1.0,0.6240874088047801,1.0,0.9970491810504439,0.0013333333333333333,1.0,1.0,0.8682845783149081,0.8972276405623238,0.9261707028097396,0
2544,0.764573764992175,1.0,0.9985865724381625,0.8964851293935883,0.5,1.0,0.0,0.6666666666666666,0.8816954266202989,1.0,0.906481256541503,1.0,0.999025803484037,0.0026666666666666666,1.0,1.0,0.8989745456174082,0.9061054044115964,0.9132362632057845,0
2545,0.19059750976591983,0.0,0.9469964664310954,0.0075987841945288626,0.15625,0.2857142857142857,0.0,0.6666666666666666,0.03095708306317846,0.0,0.1141808699713791,0.9949983327775925,0.9756980353158843,0.0,0.9556666666666667,1.0,0.7521918836104865,0.7551407952940346,0.7580897069775825,0
2546,0.11064621106462114,0.0,0.0,0.0075987841945288626,0.15625,0.2857142857142857,0.0,0.6666666666666666,0.024148984287557296,0.0,0.025135262172612638,0.8626208736245415,0.8772480274343678,0.0,0.8096666666666666,0.5,0.5935620260723515,0.6842862277195758,0.7750104293668001,0
2547,0.11064621106462114,0.0,0.0,0.0075987841945288626,0.15625,0.2857142857142857,0.0,0.6666666666666666,0.024151264486447888,0.0,0.076047491369026,0.9139713237745916,0.9098558479729402,0.0,0.7933333333333333,0.5,0.6171214648239625,0.7158557924264175,0.8145901200288724,0
2548,0.18166893833734843,0.0,0.8671378091872791,0.0075987841945288626,0.1875,0.2857142857142857,0.0,0.6666666666666666,0.02477419242469725,0.0,0.14284596749066192,0.9896632210736912,0.9686343329080728,0.0,0.885,1.0,0.6879253201080807,0.7516529091505171,0.8153804981929536,0
2549,0.0,0.0,0.0,0.0075987841945288626,0.15625,0.2857142857142857,0.0,0.6666666666666666,0.0241488738896124,0.0,0.016895920476910797,0.6935645215071691,0.7355954426902443,0.0,0.858,0.5,0.4595977235715607,0.6414604119088003,0.82332310024604,0
2550,0.0,0.0,0.0,0.0075987841945288626,0.15625,0.2857142857142857,0.0,0.6666666666666666,0.0241488738896124,0.0,0.07580864066271342,0.6965655218406135,0.640706548933422,0.0,0.9556666666666667,0.5,0.3762842569209311,0.5294319000469562,0.6825795431729812,0
2551,0.0,0.0,0.0,0.0075987841945288626,0.15625,0.2857142857142857,0.0,0.6666666666666666,0.0241488738896124,0.0,0.0424552039091034,0.7762587529176392,0.7670090624484747,0.0,0.8533333333333333,0.5,0.4475692372878172,0.6913450751685398,0.9351209130492625,0
2552,0.11064621106462114,0.0,0.0,0.0075987841945288626,0.15625,0.2857142857142857,0.0,0.6666666666666666,0.0241489207340998,0.0,0.03002058922198203,0.8702900966988997,0.8837225894981255,0.0,0.7096666666666667,0.5,0.577691673573504,0.7649720472949305,0.952252421016357,0
2553,0.13947068771518478,0.0,0.8671378091872791,0.0075987841945288626,0.1875,0.2857142857142857,0.0,0.6666666666666666,0.02448731505393209,0.0,0.25118161947862994,0.9903301100366789,0.967202185451843,0.0,0.9016666666666666,1.0,0.6716804500736899,0.7728942674934849,0.8741080849132798,0
2554,0.0,0.0,0.0,0.0075987841945288626,0.15625,0.2857142857142857,0.0,0.6666666666666666,0.02414887394764842,0.0,0.048014877413004475,0.7899299766588863,0.8358159108514653,0.0,0.7416666666666667,0.5,0.5342236856237331,0.7398041516154847,0.9453846176072364,0
2555,0.062382297551789145,0.0,0.0,0.0075987841945288626,0.15625,0.2857142857142857,0.0,0.6666666666666666,0.024148874847099933,0.0,0.07873593144801017,0.8842947649216406,0.88206358779196,0.0,0.7446666666666666,0.5,0.5524254343592065,0.7549439901845125,0.9574625460098186,0
2556,0.0,0.0,0.0,0.0075987841945288626,0.15625,0.2857142857142857,0.0,0.6666666666666666,0.0241488738896124,0.0,0.016629564401439256,0.7792597532510837,0.7560189359260441,0.0,0.87,0.5,0.435315959787296,0.6912082731049742,0.9471005864226526,0
2557,0.0,0.0,0.0,0.0075987841945288626,0.15625,0.2857142857142857,0.0,0.6666666666666666,0.02414887388969833,0.0,0.06773585484684985,0.7392464154718239,0.8024991274961764,0.0,0.7813333333333333,0.5,0.5028890095930991,0.6861413276580716,0.869393645723044,0
2558,0.5074331439773159,0.5,0.9978798586572438,0.5964912280701755,0.5,0.8571428571428571,0.0,0.6666666666666666,0.7449591765580913,1.0,0.6193782556804948,1.0,0.9939125577398362,0.0003333333333333333,1.0,1.0,0.8644735072667981,0.9115587798588958,0.9586440524509934,0
2559,0.13553057739209573,0.0,0.9519434628975265,0.0075987841945288626,0.1875,0.2857142857142857,0.0,0.6666666666666666,0.02826927756802511,0.0,0.12141057438179659,0.9869956652217405,0.9681013018300331,0.0,0.9763333333333334,1.0,0.7107021057381183,0.8143050063508678,0.9179079069636172,0
2560,0.2325310073028657,0.1,0.9901060070671378,0.0075987841945288626,0.46875,0.2857142857142857,0.0,0.6666666666666666,0.05426667062165502,0.0,0.3655740762884213,0.9996665555185061,0.991217994422011,0.0,0.999,1.0,0.7569204356483756,0.8008103926335298,0.844700349618684,0
2561,0.0,0.0,0.0,0.0075987841945288626,0.15625,0.2857142857142857,0.0,0.6666666666666666,0.0241488738896124,0.0,0.021833116490251103,0.6992330776925642,0.7306147359724917,0.0,0.867,0.5,0.4440029184701644,0.6076567907479705,0.7713106630257767,0
2562,0.0,0.0,0.0,0.0075987841945288626,0.15625,0.2857142857142857,0.0,0.6666666666666666,0.024148880892809532,0.0,0.03697101121137525,0.869623207735912,0.7966659656503916,0.0,0.937,0.0,0.5951881858209903,0.6163783643016997,0.637568542782409,0
2563,0.062382297551789145,0.0,0.0,0.0075987841945288626,0.15625,0.2857142857142857,0.0,0.6666666666666666,0.024148874190089487,0.0,0.015593260882414528,0.8546182060686895,0.8648486378112646,0.0,0.781,0.5,0.5473094349402584,0.7279571005004002,0.9086047660605421,0
2564,0.0,0.0,0.0,0.0075987841945288626,0.15625,0.2857142857142857,0.0,0.6666666666666666,0.02414887389585396,0.0,0.034899997057346144,0.7882627542514171,0.830101361788933,0.0,0.8106666666666666,0.5,0.5263118801086527,0.6626433608057767,0.7989748415029007,0
2565,0.8443344132601596,0.8,0.9992932862190813,0.8964851293935883,0.71875,1.0,0.0,0.6666666666666666,0.8907367095928337,0.3333333333333333,0.5659806952435877,1.0,0.9970718368225635,0.003,0.9996666666666667,1.0,0.814989089832147,0.8419407594740568,0.8688924291159665,0
2566,0.0,0.0,0.0,0.0075987841945288626,0.15625,0.2857142857142857,0.0,0.6666666666666666,0.0241488738896124,0.0,0.01972813318058264,0.6748916305435145,0.6687206525809646,0.0,0.9053333333333333,0.5,0.3978734213972822,0.6576098381504121,0.9173462549035418,0
2567,0.11064621106462114,0.0,0.0,0.0075987841945288626,0.15625,0.2857142857142857,0.0,0.6666666666666666,0.024153189226032934,0.0,0.08646494146357286,0.9336445481827276,0.9224237796746796,0.0,0.8029999999999999,0.5,0.6184099798600021,0.7485519832573639,0.8786939866547258,0
2568,0.11064621106462114,0.0,0.0,0.0075987841945288626,0.15625,0.2857142857142857,0.0,0.6666666666666666,0.024148873943527827,0.0,0.046583343036568525,0.7629209736578859,0.8167557860982577,0.0,0.829,0.5,0.5440596546358853,0.6424309624702897,0.740802270304694,0
2569,0.13756436963239604,0.0,0.0,0.0075987841945288626,0.15625,0.2857142857142857,0.0,0.6666666666666666,0.024357239234625738,0.0,0.19426618103074744,0.9966655551850617,0.9815329100342425,0.0,0.949,0.5,0.6653283807847076,0.8202565716771054,0.9751847625695033,0
2570,0.062382297551789145,0.0,0.0,0.0075987841945288626,0.15625,0.2857142857142857,0.0,0.6666666666666666,0.0241488738896124,0.0,0.033325655336549964,0.6762254084694899,0.7045201978598243,0.0,0.9106666666666666,0.5,0.4955266607010369,0.5906607064028501,0.6857947521046632,0
2571,0.3766345220766618,0.4,0.9915194346289753,0.07936507936507942,0.25,0.7142857142857143,0.0,0.6666666666666666,0.03492312711443801,0.0,0.3961507333634282,0.9989996665555185,0.972124226567901,0.0,0.999,0.5,0.6544252563885917,0.7716573387731742,0.8888894211577566,0
2572,0.7820749014804559,0.7,0.9985865724381625,0.7424749163879598,0.59375,1.0,0.0,0.6666666666666666,0.8155142345991551,1.0,0.6982853427605114,1.0,0.998190696896487,0.0013333333333333333,1.0,1.0,0.785527948625501,0.8053781941917312,0.8252284397579613,0
2573,0.062382297551789145,0.0,0.0,0.0075987841945288626,0.15625,0.2857142857142857,0.0,0.6666666666666666,0.024148875102183887,0.0,0.02961484361948441,0.7892630876958986,0.8183271656163579,0.0,0.8663333333333334,0.5,0.5712952252760969,0.6725288123753176,0.7737623994745383,0
2574,0.0,0.0,0.0,0.0075987841945288626,0.15625,0.2857142857142857,0.0,0.6666666666666666,0.0241488738896124,0.0,0.03123347572653301,0.7179059686562188,0.7204951711423873,0.0,0.916,0.0,0.49973386080562066,0.5591553650864578,0.6185768693672951,0
2575,0.44133779574219967,0.4,0.9978798586572438,0.19696969696969702,0.28125,0.42857142857142855,0.0,0.6666666666666666,0.25069275636871025,0.0,0.34569911642289564,0.9986662220740247,0.9848408457038569,0.0,0.9993333333333333,1.0,0.6950312228922809,0.7886060668851576,0.8821809108780342,0
2576,0.7070340824524926,0.8,0.9992932862190813,0.8964851293935883,0.6875,1.0,0.0,0.6666666666666666,0.8702268579314792,0.6666666666666666,0.4821117613138014,0.9996665555185061,0.996221269194497,0.001,0.9996666666666667,1.0,0.8984355078057241,0.9199583167768022,0.9414811257478803,0
2577,0.11064621106462114,0.0,0.0,0.0075987841945288626,0.15625,0.2857142857142857,0.0,0.6666666666666666,0.024149646318926576,0.0,0.05856662722806594,0.893297765921974,0.8984955132901011,0.0,0.7973333333333333,0.5,0.6008482790550032,0.7677976902127277,0.9347471013704521,0
2578,0.07131086898036054,0.0,0.9696113074204947,0.020408163265306145,0.125,0.42857142857142855,0.0,0.6666666666666666,0.027083633521885142,0.0,0.12534813239383158,0.9906635545181727,0.9543996047168438,0.0,0.8976666666666666,1.0,0.7579130379514936,0.7696096138797364,0.7813061898079792,0
2579,0.7898556726270238,1.0,1.0,0.8964851293935883,0.8125,1.0,0.0,0.6666666666666666,0.9091502913800759,1.0,0.9157859786424558,1.0,0.999115536498581,0.008333333333333333,1.0,1.0,0.8794633588806996,0.9261826599460141,0.9729019610113288,0
2580,0.8318081331877729,0.9,1.0,0.8964851293935883,0.5,1.0,0.0,0.6666666666666666,0.9050114434820226,1.0,0.7382755603691207,1.0,0.9985200543577393,0.0026666666666666666,1.0,1.0,0.821803178506683,0.8795965988723189,0.9373900192379547,0
2581,0.0,0.0,0.0,0.0075987841945288626,0.15625,0.2857142857142857,0.0,0.6666666666666666,0.024148873966113205,0.0,0.02567517572387079,0.8029343114371457,0.7819965039121732,0.0,0.9116666666666666,0.0,0.5775176791177824,0.6002863786985635,0.6230550782793446,0
2582,0.45420992194390575,0.6,0.9992932862190813,0.5964912280701755,0.5625,0.8571428571428571,0.0,0.6666666666666666,0.5844567889790333,0.6666666666666666,0.41793078523441984,0.9996665555185061,0.996710746647073,0.0006666666666666666,1.0,1.0,0.8080898036368229,0.8333137998285146,0.8585377960202063,0
2583,0.23657788808325475,0.4,0.9957597173144876,0.39669421487603307,0.5,0.5714285714285714,0.0,0.6666666666666666,0.21113416573039334,0.0,0.4141667017369115,0.9989996665555185,0.9942798791148056,0.0,0.9993333333333333,1.0,0.7876420205188073,0.8672418284267943,0.9468416363347814,0
2584,0.30025868192709204,0.1,0.9971731448763251,0.10169491525423724,0.3125,0.5714285714285714,0.0,0.6666666666666666,0.15500147560837252,0.0,0.39304788447734407,0.9986662220740247,0.9882801932533066,0.0,1.0,1.0,0.8010664407025253,0.802707486515038,0.8043485323275507,0
2585,0.13553057739209573,0.0,0.9519434628975265,0.0075987841945288626,0.1875,0.2857142857142857,0.0,0.6666666666666666,0.027465153908425854,0.0,0.18659861117965837,0.9943314438146049,0.9795617878416798,0.0,0.9733333333333334,1.0,0.7071394580745407,0.8065912172976029,0.906042976520665,0
2586,0.0,0.3,0.9674911660777386,0.19696969696969702,0.125,0.42857142857142855,0.0,0.6666666666666666,0.027076629905527505,0.0,0.21348851413411096,0.9983327775925308,0.9529223151682892,0.0,0.9946666666666667,0.5,0.6304547417407455,0.7158763818218057,0.801298021902866,0
2587,0.4077954628178956,0.2,0.9957597173144876,0.19354838709677424,0.34375,0.8571428571428571,0.0,0.6666666666666666,0.21785205768978477,0.0,0.42049421602806536,0.9993331110370124,0.9875030914001172,0.0,1.0,1.0,0.8294993691052672,0.847232089728037,0.8649648103508069,0
2588,0.19518245185086192,0.0,0.9469964664310954,0.0075987841945288626,0.15625,0.2857142857142857,0.0,0.6666666666666666,0.02803662868986012,0.0,0.20324010248049418,0.9916638879626543,0.9731718073030132,0.0,0.9363333333333334,1.0,0.7295254205286936,0.7563222588748245,0.7831190972209554,0
2589,0.0,0.0,0.0,0.0075987841945288626,0.15625,0.2857142857142857,0.0,0.6666666666666666,0.02414887388961251,0.0,0.06001954420242983,0.746915638546182,0.6883062733572733,0.0,0.954,0.0,0.534929315449826,0.5392754103214916,0.5436215051931572,0
2590,0.062382297551789145,0.0,0.0,0.0075987841945288626,0.15625,0.2857142857142857,0.0,0.6666666666666666,0.024148875388284696,0.0,0.023857894224786236,0.8392797599199733,0.8580509658769329,0.0,0.7956666666666666,0.5,0.5601628825298902,0.715477043361674,0.8707912041934577,0
2591,0.0,0.0,0.0,0.0075987841945288626,0.15625,0.2857142857142857,0.0,0.6666666666666666,0.02414887390099496,0.0,0.030243851621183704,0.7559186395465155,0.818506154587348,0.0,0.7516666666666667,0.5,0.5254749997153206,0.7267235561336292,0.9279721125519376,0
2592,0.19518245185086192,0.1,0.9469964664310954,0.0075987841945288626,0.15625,0.2857142857142857,0.0,0.6666666666666666,0.030926250359062046,0.0,0.2425047773562926,0.9969989996665555,0.984269966775463,0.0,0.9946666666666667,1.0,0.735407090858789,0.76867340874954,0.8019397266402911,0
2593,0.0,0.0,0.0,0.0075987841945288626,0.15625,0.2857142857142857,0.0,0.6666666666666666,0.02414887388961262,0.0,0.019013003353653413,0.7025675225075025,0.7638971829859361,0.0,0.829,0.5,0.485154640595319,0.6194284661226853,0.7537022916500516,0
2594,0.062382297551789145,0.0,0.0,0.0075987841945288626,0.15625,0.2857142857142857,0.0,0.6666666666666666,0.02414907424927404,0.0,0.0763716239422293,0.8869623207735912,0.8855316916755511,0.0,0.8089999999999999,0.5,0.5994935001670991,0.7275295502757397,0.8555656003843802,0
2595,0.11064621106462114,0.0,0.0,0.0075987841945288626,0.15625,0.2857142857142857,0.0,0.6666666666666666,0.024157783921551212,0.0,0.0732191261082139,0.9163054351450484,0.9020380651719266,0.0,0.8333333333333334,0.5,0.6414392344910199,0.6980771669739801,0.7547150994569404,0
2596,0.0,0.0,0.0,0.0075987841945288626,0.15625,0.2857142857142857,0.0,0.6666666666666666,0.0241488738896124,0.0,0.041594910433664256,0.7275758586195398,0.6811631648903893,0.0,0.9153333333333333,0.5,0.39243990948777074,0.6891225495386009,0.985805189589431,0
2597,0.20753100730286567,0.2,0.9519434628975265,0.0075987841945288626,0.1875,0.2857142857142857,0.0,0.6666666666666666,0.027445253019707683,0.0,0.3834585519412683,0.9983327775925308,0.9850184587863188,0.0,0.9693333333333334,1.0,0.7160269765072385,0.7693344488585441,0.8226419212098496,0
2598,0.5608751729628231,0.7,1.0,0.679144385026738,0.4375,0.8571428571428571,0.0,0.6666666666666666,0.38897190434280016,1.0,0.5435033597730498,1.0,0.993934442781568,0.0006666666666666666,1.0,1.0,0.8162039616219806,0.8611824404079716,0.9061609191939627,0
2599,0.0,0.0,0.0,0.0075987841945288626,0.15625,0.2857142857142857,0.0,0.6666666666666666,0.0241488738896124,0.0,0.025461068659894504,0.6705568522840947,0.7075005304078736,0.0,0.8866666666666667,0.5,0.46828006496175667,0.6017156897133595,0.7351513144649624,0
2600,0.11064621106462114,0.0,0.9469964664310954,0.0075987841945288626,0.15625,0.2857142857142857,0.0,0.6666666666666666,0.02418986896732578,0.0,0.12160298537704628,0.9496498832944315,0.8969763598910291,0.0,0.928,0.5,0.6451433192653007,0.6838545093842567,0.7225656995032127,0
2601,0.49076647731064915,0.6,0.9978798586572438,0.5964912280701755,0.375,0.8571428571428571,0.0,0.6666666666666666,0.33186803673352727,0.6666666666666666,0.7150539801673067,1.0,0.996774514854185,0.0006666666666666666,1.0,1.0,0.8240276602013028,0.8672826359929175,0.9105376117845324,0
2602,0.11064621106462114,0.0,0.0,0.0075987841945288626,0.15625,0.2857142857142857,0.0,0.6666666666666666,0.024250178674754652,0.0,0.043268332704551216,0.9679893297765922,0.942935085735876,0.0,0.8353333333333334,0.5,0.6560655934554279,0.7572373722851842,0.8584091511149403,0
2603,0.8174149453570851,1.0,1.0,0.8964851293935883,0.75,1.0,0.0,0.6666666666666666,0.9122078017724515,1.0,0.7948248066635679,1.0,0.9980841637280711,0.003,1.0,1.0,0.8463510328792213,0.9068359902974807,0.9673209477157402,0
2604,0.11064621106462114,0.0,0.0,0.0075987841945288626,0.15625,0.2857142857142857,0.0,0.6666666666666666,0.024148873903418022,0.0,0.024150461633257514,0.7479159719906636,0.8101204788932024,0.0,0.8283333333333334,0.5,0.5347488005495354,0.6435634395058142,0.7523780784620929,0
2605,0.20946212948456222,0.1,0.9696113074204947,0.020408163265306145,0.125,0.42857142857142855,0.0,0.6666666666666666,0.07923015063100847,0.0,0.1315351066490984,0.9973324441480493,0.9794187898958151,0.0,0.9973333333333333,1.0,0.7919821942357689,0.8306451480293524,0.869308101822936,0
2606,0.0,0.0,0.9674911660777386,0.19696969696969702,0.125,0.42857142857142855,0.0,0.6666666666666666,0.03082299897999885,0.0,0.40606156678347305,0.9963321107035679,0.9548019938266176,0.0,0.9933333333333333,0.5,0.6338150248825756,0.8160268157389972,0.9982386065954187,0
2607,0.062382297551789145,0.0,0.0,0.0075987841945288626,0.15625,0.2857142857142857,0.0,0.6666666666666666,0.02414895920250726,0.0,0.0602831684366133,0.883294431477159,0.8834092860127821,0.0,0.8083333333333333,0.5,0.5910163913518447,0.7280032959230771,0.8649902004943095,0
2608,0.11064621106462114,0.0,0.0,0.0075987841945288626,0.15625,0.2857142857142857,0.0,0.6666666666666666,0.024149947930662607,0.0,0.04419322875475973,0.9023007669223074,0.8712316735812458,0.0,0.89,0.5,0.6448421514923419,0.6590007536913121,0.6731593558902822,0
2609,0.07131086898036054,0.0,0.9519434628975265,0.0075987841945288626,0.1875,0.2857142857142857,0.0,0.6666666666666666,0.024175695173243583,0.0,0.1022526663450879,0.9263087695898633,0.8691356298271213,0.0,0.908,1.0,0.7049603080554945,0.7091146628305185,0.7132690176055424,0
2610,0.8695224317400065,1.0,1.0,0.8964851293935883,0.71875,1.0,0.0,0.6666666666666666,0.9085148959098204,1.0,0.8287090229326177,1.0,0.9973743464437806,0.002,1.0,1.0,0.8516316726164105,0.9114502355202191,0.9712687984240277,0
2611,0.5688472692656793,0.4,0.9971731448763251,0.5964912280701755,0.53125,0.8571428571428571,0.0,0.6666666666666666,0.5436713584142128,0.5,0.5483019335318653,1.0,0.9958460549121266,0.0,1.0,1.0,0.8271021927937547,0.9088494402415919,0.990596687689429,0
2612,0.0,0.2,0.9674911660777386,0.19696969696969702,0.125,0.42857142857142855,0.0,0.6666666666666666,0.03746137466033861,0.0,0.33909165562767707,0.9979993331110371,0.9527569456233944,0.0,0.9973333333333333,0.5,0.6420283197694178,0.7857512057959732,0.9294740918225287,0
2613,0.11064621106462114,0.0,0.0,0.0075987841945288626,0.15625,0.2857142857142857,0.0,0.6666666666666666,0.024149053021297107,0.0,0.034332581581239086,0.8752917639213071,0.8862679250187045,0.0,0.736,0.5,0.5887533851003389,0.7876658554093154,0.9865783257182921,0
2614,0.11064621106462114,0.0,0.0,0.0075987841945288626,0.15625,0.2857142857142857,0.0,0.6666666666666666,0.024149499320537893,0.0,0.04168411937777472,0.8949649883294432,0.8638199846499478,0.0,0.891,0.5,0.6411105764595163,0.6543573329290824,0.6676040893986483,0
2615,0.062382297551789145,0.0,0.0,0.0075987841945288626,0.15625,0.2857142857142857,0.0,0.6666666666666666,0.024148927394029962,0.0,0.049749763803706104,0.8269423141047015,0.8341453628751174,0.0,0.871,0.5,0.6071452012614497,0.6806035143415773,0.7540618274217049,0
2616,0.4518775884217603,0.3,1.0,0.5964912280701755,0.34375,0.8571428571428571,0.0,0.6666666666666666,0.41242597484231003,0.0,0.4939561819463356,0.9996665555185061,0.9930935965459864,0.0,0.9996666666666667,1.0,0.8198814070852612,0.8873609294055043,0.9548404517257474,0
2617,0.25779546281789556,0.1,0.9696113074204947,0.020408163265306145,0.125,0.42857142857142855,0.0,0.6666666666666666,0.06491476074265146,0.5,0.32772637185216846,0.9996665555185061,0.9873426453118562,0.0,0.9946666666666667,1.0,0.808256993305836,0.8162632641566626,0.8242695350074892,0
2618,0.701539576957987,0.7,0.9992932862190813,0.8964851293935883,0.40625,1.0,0.0,0.6666666666666666,0.8852222231866704,0.3333333333333333,0.4089030328560477,0.9993331110370124,0.996400835566808,0.001,1.0,1.0,0.914136933931801,0.9153881185925055,0.9166393032532099,0
2619,0.062382297551789145,0.0,0.0,0.0075987841945288626,0.15625,0.2857142857142857,0.0,0.6666666666666666,0.024148874130063835,0.0,0.03081947705527288,0.8672890963654551,0.869269196324959,0.0,0.779,0.5,0.5452927980556187,0.7335512230663225,0.9218096480770263,0
2620,0.7781461403292562,1.0,1.0,0.8964851293935883,0.71875,1.0,0.0,0.6666666666666666,0.9109415247562174,1.0,0.8778359508974491,1.0,0.9982322929405993,0.009,1.0,1.0,0.93889449252021,0.9502491471111769,0.9616038017021439,0
2621,0.0,0.0,0.0,0.0075987841945288626,0.15625,0.2857142857142857,0.0,0.6666666666666666,0.0241488738896124,0.0,0.013450295964650083,0.6802267422474157,0.6732089715094502,0.0,0.903,0.5,0.399998645968308,0.6616480419067788,0.9232974378452496,0
2622,0.0,0.0,0.0,0.0075987841945288626,0.15625,0.2857142857142857,0.0,0.6666666666666666,0.0241488738896124,0.0,0.05082957541394417,0.6805601867289096,0.6876729522112975,0.0,0.8983333333333333,0.5,0.4074881979003061,0.6294946064393611,0.851501014978416,0
2623,0.4518775884217603,0.5,0.9971731448763251,0.5964912280701755,0.5,0.8571428571428571,0.0,0.6666666666666666,0.5650095413455076,0.5,0.5703560233774272,1.0,0.9983685531130497,0.0013333333333333333,0.9996666666666667,1.0,0.8359407906998374,0.8967339900695666,0.9575271894392957,0
2624,0.11064621106462114,0.0,0.0,0.0075987841945288626,0.15625,0.2857142857142857,0.0,0.6666666666666666,0.02414887388965614,0.0,0.04048536602960007,0.7199066355451818,0.7834510923797546,0.0,0.844,0.5,0.5060886515384021,0.6286734423084348,0.7512582330784676,0
2625,0.07131086898036054,0.0,0.9484098939929329,0.0075987841945288626,0.25,0.2857142857142857,0.0,0.6666666666666666,0.024171038863027294,0.0,0.034030251762874,0.9563187729243081,0.8744509611935349,0.0,0.9316666666666666,1.0,0.6687655252812141,0.7082577587907197,0.7477499923002253,0
2626,0.07131086898036054,0.0,0.9484098939929329,0.0075987841945288626,0.25,0.2857142857142857,0.0,0.6666666666666666,0.02493928323027339,0.0,0.10402678211784266,0.9776592197399133,0.9348903481648051,0.0,0.8866666666666667,1.0,0.7415338420266652,0.7527621515302212,0.7639904610337772,0
2627,0.0,0.0,0.0,0.0075987841945288626,0.15625,0.2857142857142857,0.0,0.6666666666666666,0.0241488738896124,0.0,0.03252015005221798,0.6808936312104035,0.6472942836937685,0.0,0.9446666666666667,0.0,0.4224185190138187,0.5144099842332349,0.6064014494526512,0
2628,0.0,0.0,0.8671378091872791,0.0075987841945288626,0.1875,0.2857142857142857,0.0,0.6666666666666666,0.024148880224642233,0.0,0.07947078920217976,0.8959653217739246,0.7862079777076976,0.0,0.9563333333333334,0.5,0.5665843186759366,0.6171936573559604,0.6678029960359844,0
2629,0.7231222920480384,0.7,1.0,0.4782608695652174,0.3125,0.7142857142857143,0.0,0.6666666666666666,0.6971503491069063,1.0,0.5475958020459837,1.0,0.9915959337497336,0.0,1.0,1.0,0.7451646022894025,0.817848995314133,0.8905333883388635,0
2630,0.0,0.0,0.0,0.0075987841945288626,0.15625,0.2857142857142857,0.0,0.6666666666666666,0.024148873889627387,0.0,0.04464283622787513,0.7559186395465155,0.8022981734221071,0.0,0.8006666666666666,0.5,0.4975988863199751,0.6520977546801476,0.8065966230403201,0
2631,0.0,0.0,0.0,0.0075987841945288626,0.15625,0.2857142857142857,0.0,0.6666666666666666,0.0241488738896124,0.0,0.015157387860097904,0.6988996332110704,0.7621868346567603,0.0,0.8186666666666667,0.5,0.4734624756740297,0.7014046364567242,0.9293467972394188,0
2632,0.11064621106462114,0.0,0.0,0.0075987841945288626,0.15625,0.2857142857142857,0.0,0.6666666666666666,0.024165460575184095,0.0,0.04818847450800379,0.9539846615538513,0.9346887547365179,0.0,0.854,0.5,0.6315070718628184,0.789010137877464,0.9465132038921096,0
2633,0.0,0.0,0.0,0.0075987841945288626,0.15625,0.2857142857142857,0.0,0.6666666666666666,0.024148873890030176,0.0,0.025005921815680954,0.7282427475825275,0.8012425829587564,0.0,0.7713333333333333,0.5,0.5092952341598952,0.7186739119729362,0.928052589785977,0
2634,0.0,0.0,0.0,0.0075987841945288626,0.15625,0.2857142857142857,0.0,0.6666666666666666,0.024148873889618172,0.0,0.0655710349322467,0.7215738579526509,0.7794303942874945,0.0,0.8240000000000001,0.5,0.49641939330238016,0.629073738222226,0.761728083142072,0
2635,0.7367959872143972,1.0,1.0,0.8964851293935883,0.71875,1.0,0.0,0.6666666666666666,0.8931947734430961,1.0,0.8325376075805639,1.0,0.9989391912377757,0.003,1.0,1.0,0.9045656622103656,0.9156505153158734,0.9267353684213813,0
2636,0.45954730996572,0.5,0.992226148409894,0.19696969696969702,0.375,0.42857142857142855,0.0,0.6666666666666666,0.5444273337593846,0.0,0.4192663737348892,0.9989996665555185,0.9862063117301978,0.0,0.9996666666666667,1.0,0.7189411055604422,0.8382884842873168,0.9576358630141916,0
2637,0.11064621106462114,0.0,0.0,0.0075987841945288626,0.15625,0.2857142857142857,0.0,0.6666666666666666,0.024148960728781366,0.0,0.021654524257586738,0.8929643214404801,0.8944890974991992,0.0,0.7433333333333334,0.5,0.583415624603715,0.786813221768208,0.9902108189327009,0
2638,0.546885592949333,0.3,0.9957597173144876,0.14084507042253525,0.21875,0.2857142857142857,0.0,0.6666666666666666,0.2534977424250442,1.0,0.6104665498910419,1.0,0.9922768669698693,0.0003333333333333333,0.9996666666666667,1.0,0.7683017528799906,0.8819621081544192,0.9956224634288479,0
2639,0.5375972692656793,0.5,0.9971731448763251,0.5964912280701755,0.53125,0.8571428571428571,0.0,0.6666666666666666,0.5307107538016723,0.5,0.2724917562767991,0.9996665555185061,0.9943410036560377,0.0003333333333333333,0.9996666666666667,1.0,0.8274806172201323,0.9033864032991199,0.9792921893781075,0
2640,0.8729705009126407,0.9,0.9978798586572438,0.8964851293935883,0.6875,1.0,0.0,0.6666666666666666,0.9110560016391741,0.5,0.6079058034433926,1.0,0.9985721929653196,0.005,0.9996666666666667,1.0,0.8366651669589128,0.8896216689826839,0.9425781710064549,0
2641,0.062382297551789145,0.0,0.0,0.0075987841945288626,0.15625,0.2857142857142857,0.0,0.6666666666666666,0.02414887388973508,0.0,0.024279213772898656,0.711237079026342,0.7631361646569649,0.0,0.862,0.5,0.5194671433902718,0.6367939724066299,0.7541208014229881,0
2642,0.8815175094596492,1.0,0.9992932862190813,0.8964851293935883,0.71875,1.0,0.0,0.6666666666666666,0.9046333095874414,1.0,0.8388426748111308,1.0,0.9984667847821013,0.007,1.0,1.0,0.8319686500621,0.907746074079899,0.9835234980976982,0
2643,0.30025868192709204,0.3,0.9971731448763251,0.10169491525423724,0.3125,0.5714285714285714,0.0,0.6666666666666666,0.1417119756915174,0.0,0.2756634226371286,0.9989996665555185,0.9910638170409719,0.0,0.999,1.0,0.7976833733367559,0.8038697381907957,0.8100561030448354,0
2644,0.0,0.0,0.0,0.0075987841945288626,0.15625,0.2857142857142857,0.0,0.6666666666666666,0.024148874569431156,0.0,0.030478692970783094,0.7899299766588863,0.8441491673453979,0.0,0.747,0.5,0.5500695240524666,0.7033009479930217,0.8565323719335769,0
2645,0.0,0.0,0.0,0.0075987841945288626,0.15625,0.2857142857142857,0.0,0.6666666666666666,0.0241488738896124,0.0,0.012084029238831229,0.7172390796932311,0.7336956747053491,0.0,0.8976666666666666,0.0,0.4912227668047433,0.5697220428370727,0.6482213188694022,0
2646,0.062382297551789145,0.0,0.0,0.0075987841945288626,0.15625,0.2857142857142857,0.0,0.6666666666666666,0.024148963704810233,0.0,0.02266986935442905,0.8396132044014671,0.856408737796594,0.0,0.853,0.5,0.5998149472085342,0.7032011485511674,0.8065873498938007,0
2647,0.6786957541141642,0.8,0.9992932862190813,0.8964851293935883,0.46875,1.0,0.0,0.6666666666666666,0.8690053618521864,0.5,0.5663262287140511,1.0,0.9985971888748403,0.002,1.0,1.0,0.8716119594363757,0.8905753339473226,0.9095387084582695,0
2648,0.7807382440252113,0.9,0.9985865724381625,0.7424749163879598,0.75,1.0,0.0,0.6666666666666666,0.8574559873920066,0.5,0.5224498020945219,1.0,0.9969226595531201,0.001,0.9996666666666667,1.0,0.7765639723251991,0.8669288866645828,0.9572938010039663,0
2649,0.6365320575957976,0.8,0.9929328621908127,0.14084507042253525,0.1875,0.2857142857142857,0.0,0.6666666666666666,0.4314857222124868,0.0,0.47462382855104857,0.9996665555185061,0.9929774456264456,0.0,0.9996666666666667,1.0,0.7890312509906414,0.8890411037890822,0.9890509565875231,0
2650,0.07131086898036054,0.0,0.9816254416961131,0.14084507042253525,0.1875,0.2857142857142857,0.0,0.6666666666666666,0.02672866780342331,0.0,0.26676236042168866,0.995998666222074,0.9589613172288262,0.0,0.9506666666666667,1.0,0.6830148903004907,0.8032828779774122,0.9235508656543338,0
2651,0.0,0.0,0.0,0.0075987841945288626,0.15625,0.2857142857142857,0.0,0.6666666666666666,0.024148873889746736,0.0,0.02200497315652683,0.7612537512504168,0.8109164503419858,0.0,0.7903333333333333,0.5,0.5070852681442053,0.6575602626159341,0.808035257087663,0
2652,0.11064621106462114,0.0,0.9469964664310954,0.0075987841945288626,0.15625,0.2857142857142857,0.0,0.6666666666666666,0.02446430643033448,0.0,0.06441223548025632,0.9759919973324441,0.9409647227908929,0.0,0.8933333333333333,1.0,0.6881474352527949,0.707267065540687,0.7263866958285791,0
2653,0.580976502040242,0.7,1.0,0.679144385026738,0.46875,0.8571428571428571,0.0,0.6666666666666666,0.33926509456157183,1.0,0.5142283776459089,1.0,0.9885545707204756,0.0,0.9996666666666667,1.0,0.7629086603794482,0.8013108097555737,0.8397129591316991,0
2654,0.11064621106462114,0.0,0.0,0.0075987841945288626,0.15625,0.2857142857142857,0.0,0.6666666666666666,0.024149483843359132,0.0,0.03230282527492179,0.930643547849283,0.914976375823106,0.0,0.735,0.5,0.6000438789209861,0.7916969838119587,0.9833500887029314,0
2655,0.0,0.0,0.0,0.0075987841945288626,0.15625,0.2857142857142857,0.0,0.6666666666666666,0.02414887388961262,0.0,0.03722384200814788,0.7215738579526509,0.7719893241315939,0.0,0.812,0.5,0.47956994559064653,0.7203442673136234,0.9611185890366004,0
2656,0.13553057739209573,0.1,0.9519434628975265,0.0075987841945288626,0.1875,0.2857142857142857,0.0,0.6666666666666666,0.02897368106629672,0.0,0.13947213133755199,0.9976658886295432,0.9823772282108258,0.0,0.996,1.0,0.7135517377670153,0.836119378967762,0.9586870201685087,0
2657,0.0,0.0,0.0,0.0075987841945288626,0.15625,0.2857142857142857,0.0,0.6666666666666666,0.02414887388962006,0.0,0.029166110411275925,0.7395798599533178,0.7748220560385604,0.0,0.8676666666666667,0.5,0.505559449226651,0.5986729770132242,0.6917865047997975,0
2658,0.062382297551789145,0.0,0.9484098939929329,0.0075987841945288626,0.25,0.2857142857142857,0.0,0.6666666666666666,0.02415209131937679,0.0,0.0639630744734464,0.9443147715905302,0.8515639255965348,0.0,0.935,0.5,0.6509664498387451,0.6890911374383606,0.7272158250379761,0
2659,0.18166893833734843,0.0,0.0,0.0075987841945288626,0.15625,0.2857142857142857,0.0,0.6666666666666666,0.024230961264553152,0.0,0.06334703884960502,0.9586528842947649,0.9341150185978981,0.0,0.8406666666666667,0.5,0.6565219519596963,0.7413609429556125,0.8261999339515288,0
2660,0.0,0.0,0.0,0.0075987841945288626,0.15625,0.2857142857142857,0.0,0.6666666666666666,0.0241488738896124,0.0,0.02243444284618301,0.709569856618873,0.7347862523301391,0.0,0.8523333333333334,0.5,0.4460959269190054,0.7020216035778369,0.9579472802366685,0
2661,0.0,0.0,0.0,0.0075987841945288626,0.15625,0.2857142857142857,0.0,0.6666666666666666,0.02414887389033149,0.0,0.05148000970689337,0.7432477492497499,0.8082485736632861,0.0,0.7686666666666666,0.5,0.512799170103997,0.6863382313148909,0.8598772925257849,0
2662,0.0,0.0,0.0,0.0075987841945288626,0.15625,0.2857142857142857,0.0,0.6666666666666666,0.02414887542725752,0.0,0.0096368024803557,0.7895965321773925,0.8456714780774277,0.0,0.7893333333333333,0.5,0.5555559070522746,0.7025854334217404,0.8496149597912062,0
2663,0.062382297551789145,0.0,0.0,0.0075987841945288626,0.15625,0.2857142857142857,0.0,0.6666666666666666,0.02414892135471569,0.0,0.020704509828364692,0.8376125375125042,0.8550933128688593,0.0,0.849,0.5,0.5930148982818333,0.7033636940948305,0.8137124899078277,0
2664,0.8476811490607887,0.9,0.9992932862190813,0.7424749163879598,0.84375,1.0,0.0,0.6666666666666666,0.8889594046687561,1.0,0.6065711852020247,1.0,0.9965408578404292,0.0016666666666666668,1.0,1.0,0.7981418466993454,0.8626788981015063,0.9272159495036673,0
2665,0.062382297551789145,0.0,0.0,0.0075987841945288626,0.15625,0.2857142857142857,0.0,0.6666666666666666,0.024149162492945853,0.0,0.0222926272790811,0.9043014338112705,0.8970915162841455,0.0,0.8056666666666666,0.5,0.6006463789162803,0.7371788464370279,0.8737113139577756,0
2666,0.1994621294845622,0.0,0.9879858657243816,0.0075987841945288626,0.28125,0.2857142857142857,0.0,0.6666666666666666,0.03515286842366061,0.0,0.18231728957992455,0.9929976658886296,0.9652888593306729,0.0,0.9546666666666667,1.0,0.7703631938065012,0.7987225528740459,0.8270819119415906,0
2667,0.0,0.0,0.0,0.0075987841945288626,0.15625,0.2857142857142857,0.0,0.6666666666666666,0.0241488738896124,0.0,0.021594922879038858,0.6938979659886628,0.7439469031726411,0.0,0.8493333333333333,0.5,0.4541655139016723,0.6558488788663152,0.857532243830958,0
2668,0.5863668913893241,1.0,1.0,0.8964851293935883,0.625,1.0,0.0,0.6666666666666666,0.8837404998930298,1.0,0.9031795237001752,1.0,0.9987503539386676,0.002,1.0,1.0,0.9385743105721758,0.9441930906120832,0.9498118706519908,0
2669,0.13630898943153524,0.0,0.9802120141342756,0.0075987841945288626,0.21875,0.2857142857142857,0.0,0.6666666666666666,0.02636104120160454,0.0,0.036723898218179896,0.9849949983327776,0.9635789966973721,0.0,0.9916666666666667,1.0,0.7014831501108079,0.8467629341421601,0.9920427181735124,0
2670,0.0,0.0,0.0,0.0075987841945288626,0.15625,0.2857142857142857,0.0,0.6666666666666666,0.024148873890208367,0.0,0.030796219413276926,0.7542514171390463,0.8142490225788401,0.0,0.769,0.5,0.5115565192058867,0.6931093350060005,0.8746621508061141,0
2671,0.062382297551789145,0.0,0.0,0.0075987841945288626,0.15625,0.2857142857142857,0.0,0.6666666666666666,0.024148873897089862,0.0,0.022235378100290193,0.7449149716572191,0.8006050140725428,0.0,0.8296666666666667,0.5,0.533910109814813,0.6713073961071396,0.8087046823994664,0
2672,0.11064621106462114,0.0,0.9674911660777386,0.19696969696969702,0.125,0.42857142857142855,0.0,0.6666666666666666,0.026029314034496265,0.0,0.045810791569065534,0.9886628876292097,0.9396355513626433,0.0,0.9456666666666667,0.5,0.6483669255593317,0.7397238386346069,0.831080751709882,0
2673,0.15217391304347827,0.1,0.9978798586572438,0.14084507042253525,0.25,0.2857142857142857,0.0,0.6666666666666666,0.034637815916338965,0.0,0.1892606986302433,0.9973324441480493,0.951611995344739,0.0,0.9926666666666667,1.0,0.7309367830190485,0.7474522872395679,0.7639677914600873,0
2674,0.0,0.0,0.0,0.0075987841945288626,0.15625,0.2857142857142857,0.0,0.6666666666666666,0.0241488738896124,0.0,0.007830253822575184,0.754918306102034,0.6431574530002921,0.0,0.9536666666666667,0.5,0.352869760505669,0.6370875459463505,0.9213053313870321,0
2675,0.062382297551789145,0.0,0.0,0.0075987841945288626,0.15625,0.2857142857142857,0.0,0.6666666666666666,0.024148916996923564,0.0,0.040298152097292705,0.8616205401800601,0.8681726927831661,0.0,0.815,0.5,0.5879081300964113,0.7155966270543979,0.8432851240123843,0
2676,0.2196423227648686,0.2,0.9992932862190813,0.0075987841945288626,0.375,0.2857142857142857,0.0,0.6666666666666666,0.045795737325570185,0.5,0.3180511234775213,0.9996665555185061,0.9916074463985574,0.0,0.999,1.0,0.7430802577686677,0.8583016610405856,0.9735230643125034,0
2677,0.4244621294845622,0.4,0.9992932862190813,0.5964912280701755,0.40625,0.8571428571428571,0.0,0.6666666666666666,0.5644753412258074,1.0,0.5771050917997951,1.0,0.9954686467904396,0.0003333333333333333,1.0,1.0,0.8571226650413073,0.8785686976105453,0.9000147301797833,0
2678,0.062382297551789145,0.0,0.0,0.0075987841945288626,0.15625,0.2857142857142857,0.0,0.6666666666666666,0.024148874726514613,0.0,0.024922353090831684,0.8289429809936646,0.852571897880925,0.0,0.7986666666666666,0.5,0.5566312029436903,0.7116986600222903,0.8667661171008902,0
2679,0.4218855929493329,0.4,0.9830388692579506,0.14084507042253525,0.1875,0.2857142857142857,0.0,0.6666666666666666,0.12178343044293927,0.0,0.26198564739037744,0.9986662220740247,0.9746980914177462,0.0,0.999,1.0,0.743288277308432,0.8567561232955853,0.9702239692827385,0
2680,0.11064621106462114,0.0,0.0,0.0075987841945288626,0.15625,0.2857142857142857,0.0,0.6666666666666666,0.02414890233796607,0.0,0.04823697224950818,0.8609536512170723,0.8791201858156582,0.0,0.7123333333333333,0.5,0.5739231437366883,0.7615100377310124,0.9490969317253365,0
2681,0.11064621106462114,0.0,0.0,0.0075987841945288626,0.15625,0.2857142857142857,0.0,0.6666666666666666,0.024162571688148282,0.0,0.04950948659678733,0.9266422140713572,0.899639126914432,0.0,0.8753333333333333,0.5,0.6605753562256006,0.68585517897865,0.7111350017316993,0
2682,0.13553057739209573,0.1,0.9802120141342756,0.0075987841945288626,0.21875,0.2857142857142857,0.0,0.6666666666666666,0.02670799373023136,0.0,0.3539646469554719,0.9989996665555185,0.9877300081068238,0.0,0.9653333333333334,1.0,0.7019296723675208,0.8194320822182831,0.9369344920690454,0
2683,0.0,0.0,0.0,0.0075987841945288626,0.15625,0.2857142857142857,0.0,0.6666666666666666,0.024148873889641265,0.0,0.013343153390059315,0.7289096365455152,0.7907390569389936,0.0,0.7886666666666666,0.5,0.49758739322651724,0.7311094291695106,0.964631465112504,0
2684,0.13553057739209573,0.0,0.9519434628975265,0.0075987841945288626,0.1875,0.2857142857142857,0.0,0.6666666666666666,0.028882821100864486,0.0,0.12480579828445315,0.9966655551850617,0.9799132990289243,0.0,0.996,1.0,0.713291598690205,0.838031768998835,0.9627719393074651,0
2685,0.18166893833734843,0.0,0.8671378091872791,0.0075987841945288626,0.1875,0.2857142857142857,0.0,0.6666666666666666,0.024424931409690043,0.0,0.12822277812723015,0.9873291097032344,0.9630041551420292,0.0,0.8746666666666667,1.0,0.6759498243756864,0.7432054194659857,0.810461014556285,0
2686,0.11064621106462114,0.0,0.0,0.0075987841945288626,0.15625,0.2857142857142857,0.0,0.6666666666666666,0.024149414338707653,0.0,0.030140243728004612,0.8909636545515172,0.8936365212081973,0.0,0.8083333333333333,0.5,0.6067499316422292,0.6944687325406103,0.7821875334389912,0
2687,0.11064621106462114,0.0,0.9816254416961131,0.10169491525423724,0.21875,0.5714285714285714,0.0,0.6666666666666666,0.024691782648947114,0.0,0.11410701587706407,0.9813271090363455,0.9401548314817584,0.0,0.9293333333333333,0.5,0.6556853418944791,0.714659431528661,0.7736335211628428,0
2688,0.11064621106462114,0.0,0.0,0.0075987841945288626,0.15625,0.2857142857142857,0.0,0.6666666666666666,0.02416118279155033,0.0,0.026026359986848546,0.9369789929976658,0.9231185523114398,0.0,0.858,0.5,0.6284920493897955,0.7995674426926073,0.970642835995419,0
2689,0.8650339929761327,0.9,0.9992932862190813,0.8964851293935883,0.84375,1.0,0.0,0.6666666666666666,0.9021810423154734,1.0,0.578573947598726,1.0,0.996984018498343,0.0023333333333333335,1.0,1.0,0.8428795796068014,0.9140491966893919,0.9852188137719824,0
2690,0.0,0.0,0.0,0.0075987841945288626,0.15625,0.2857142857142857,0.0,0.6666666666666666,0.024148873889911937,0.0,0.03836180081372509,0.7585861953984662,0.8132797690286602,0.0,0.7736666666666667,0.5,0.5082336161501227,0.6950262782290871,0.8818189403080515,0
2691,0.1821739130434783,0.0,0.9752650176678446,0.14084507042253525,0.15625,0.2857142857142857,0.0,0.6666666666666666,0.027731619151757925,0.0,0.09626017315920099,0.995998666222074,0.9348438528848134,0.0,0.9933333333333333,1.0,0.6961770529546748,0.7406207566350314,0.7850644603153879,0
2692,0.0,0.0,0.0,0.0075987841945288626,0.15625,0.2857142857142857,0.0,0.6666666666666666,0.02414887388961795,0.0,0.025562581301948883,0.7075691897299099,0.7801208389723872,0.0,0.795,0.5,0.49080943354976714,0.7083205510882324,0.9258316686266976,0
2693,0.2703581207765309,0.2,0.9964664310954063,0.10169491525423724,0.28125,0.5714285714285714,0.0,0.6666666666666666,0.07141719948856973,0.0,0.0870608813996836,0.9976658886295432,0.9850417287442846,0.0,0.998,1.0,0.7498586551281194,0.7790563968532205,0.8082541385783214,0
2694,0.13553057739209573,0.0,0.9519434628975265,0.0075987841945288626,0.1875,0.2857142857142857,0.0,0.6666666666666666,0.028585206657317674,0.0,0.19194076442293195,0.9909969989996665,0.9719491271016168,0.0,0.9743333333333334,1.0,0.7118944197929825,0.8190203440935792,0.9261462683941758,0
2695,0.870213833711529,1.0,1.0,0.8964851293935883,0.59375,1.0,0.0,0.6666666666666666,0.9103688747746884,1.0,0.803597896491917,1.0,0.996944797797117,0.0036666666666666666,1.0,1.0,0.8386086894889363,0.9114524024948305,0.9842961155007246,0
2696,0.062382297551789145,0.0,0.0,0.0075987841945288626,0.15625,0.2857142857142857,0.0,0.6666666666666666,0.02416133614445004,0.0,0.058485632258999054,0.9273091030343448,0.9070686864416333,0.0,0.8533333333333333,0.5,0.6479641393195633,0.7365068898120402,0.8250496403045169,0
2697,0.11064621106462114,0.0,0.8671378091872791,0.0075987841945288626,0.1875,0.2857142857142857,0.0,0.6666666666666666,0.024149077071399794,0.0,0.0792080736239188,0.910970323441147,0.8229109225602017,0.0,0.9456666666666667,0.5,0.5950524970539215,0.6392110674637117,0.6833696378735018,0
2698,0.11064621106462114,0.0,0.9816254416961131,0.10169491525423724,0.21875,0.5714285714285714,0.0,0.6666666666666666,0.02571852031352606,0.0,0.14947462651966736,0.9899966655551851,0.9631868516083683,0.0,0.919,1.0,0.6778244633599967,0.7271833249990216,0.7765421866380464,0
2699,0.18166893833734843,0.0,0.8671378091872791,0.0075987841945288626,0.1875,0.2857142857142857,0.0,0.6666666666666666,0.024425739819952108,0.0,0.1561414773620713,0.9773257752584195,0.9493609991982559,0.0,0.8636666666666667,1.0,0.6707732365424626,0.7602111557789913,0.8496490750155201,0
2700,0.062382297551789145,0.0,0.0,0.0075987841945288626,0.15625,0.2857142857142857,0.0,0.6666666666666666,0.02414911097122796,0.0,0.021806503034669023,0.9006335445148382,0.8949915010018905,0.0,0.8056666666666666,0.5,0.5990075303444204,0.7358185528340782,0.8726295753237359,0
2701,0.11064621106462114,0.0,0.0,0.0075987841945288626,0.15625,0.2857142857142857,0.0,0.6666666666666666,0.024151410077381752,0.0,0.03937763512329795,0.91297099033011,0.8708606840259183,0.0,0.9,0.0,0.6572132021882102,0.661201546890815,0.6651898915934199,0
2702,0.0,0.0,0.0,0.0075987841945288626,0.15625,0.2857142857142857,0.0,0.6666666666666666,0.024148873890093903,0.0,0.01405293696475085,0.7559186395465155,0.7760542257298848,0.0,0.8896666666666666,0.0,0.5323140777596073,0.5961619040619476,0.6600097303642879,0
2703,0.11064621106462114,0.0,0.9469964664310954,0.0075987841945288626,0.15625,0.2857142857142857,0.0,0.6666666666666666,0.02493065758099844,0.0,0.07114472496387503,0.98432810936979,0.9509224863867447,0.0,0.9126666666666666,1.0,0.675931819956527,0.7174922407076147,0.7590526614587025,0
2704,0.07131086898036054,0.0,0.9484098939929329,0.0075987841945288626,0.25,0.2857142857142857,0.0,0.6666666666666666,0.02423751610736291,0.0,0.045000429739914694,0.9476492164054685,0.8895426832971149,0.0,0.9006666666666667,1.0,0.7224629397738178,0.7228441781957415,0.7232254166176653,0
2705,0.062382297551789145,0.0,0.0,0.0075987841945288626,0.15625,0.2857142857142857,0.0,0.6666666666666666,0.0241488767342235,0.0,0.08546510619019865,0.9016338779593198,0.8914078396921646,0.0,0.7626666666666666,0.5,0.5596363225767128,0.7570009078308931,0.9543654930850735,0
2706,0.34983806933418626,0.4,0.9879858657243816,0.0075987841945288626,0.28125,0.2857142857142857,0.0,0.6666666666666666,0.049238596744254015,0.0,0.0707871777558694,0.9989996665555185,0.9868477087638193,0.0,0.9976666666666667,1.0,0.7583324923980476,0.8388520640117105,0.9193716356253736,0
2707,0.5009531803575843,0.7,0.9943462897526502,0.19696969696969702,0.1875,0.42857142857142855,0.0,0.6666666666666666,0.062108241594938995,0.5,0.65839016335562,1.0,0.9916884176796105,0.0003333333333333333,0.9986666666666667,1.0,0.6962915987523745,0.7298469584063716,0.7634023180603688,0
2708,0.0,0.0,0.0,0.0075987841945288626,0.15625,0.2857142857142857,0.0,0.6666666666666666,0.02414887633385876,0.0,0.028635081859256006,0.7915971990663555,0.8467690812533648,0.0,0.7896666666666666,0.5,0.5587680874833345,0.7024157766273007,0.8460634657712669,0
2709,0.0,0.0,0.0,0.0075987841945288626,0.15625,0.2857142857142857,0.0,0.6666666666666666,0.024148873889612954,0.0,0.02924606818115183,0.7315771923974659,0.763442295056976,0.0,0.8736666666666667,0.5,0.4948525704916361,0.5920019846302014,0.6891513987687667,0
2710,0.062382297551789145,0.0,0.0,0.0075987841945288626,0.15625,0.2857142857142857,0.0,0.6666666666666666,0.024148873889613176,0.0,0.04690980772332998,0.7815938646215406,0.8024026233912173,0.0,0.8073333333333333,0.5,0.48402469341994436,0.7251099324958696,0.9661951715717949,0
2711,0.11064621106462114,0.0,0.0,0.0075987841945288626,0.15625,0.2857142857142857,0.0,0.6666666666666666,0.024148883751697436,0.0,0.03455733035333619,0.9106368789596532,0.8989488517498174,0.0,0.76,0.5,0.5681468862968965,0.7622761166077794,0.9564053469186623,0
2712,0.0,0.0,0.0,0.0075987841945288626,0.15625,0.2857142857142857,0.0,0.6666666666666666,0.0241488738896124,0.0,0.06996139672784607,0.6672224074691564,0.619606808374962,0.0,0.963,0.5,0.35952094385533934,0.5414567230994248,0.7233925023435104,0
2713,0.721880515295956,0.4,0.9971731448763251,0.7424749163879598,0.46875,1.0,0.0,0.6666666666666666,0.6933936171536481,0.0,0.4547508849465769,0.9996665555185061,0.9950467290784154,0.0,0.9996666666666667,1.0,0.7891685443817802,0.8418870448837894,0.8946055453857986,0
2714,0.0,0.0,0.0,0.0075987841945288626,0.15625,0.2857142857142857,0.0,0.6666666666666666,0.0241488738896124,0.0,0.02376263397981082,0.7615871957319107,0.7654432679109439,0.0,0.8483333333333334,0.5,0.45234275271641766,0.6841688470527811,0.9159949413891445,0
2715,0.11064621106462114,0.0,0.8671378091872791,0.0075987841945288626,0.1875,0.2857142857142857,0.0,0.6666666666666666,0.024151861494411175,0.0,0.056088940555304445,0.9186395465155052,0.8658280935629615,0.0,0.9083333333333333,0.5,0.6429473672282439,0.660424389191616,0.677901411154988,0
2716,0.062382297551789145,0.0,0.0,0.0075987841945288626,0.15625,0.2857142857142857,0.0,0.6666666666666666,0.02414887391790954,0.0,0.008754473829947207,0.7572524174724908,0.8085283764302845,0.0,0.8266666666666667,0.5,0.5412131224445281,0.6761763953647459,0.8111396682849639,0
2717,0.0,0.0,0.0,0.0075987841945288626,0.15625,0.2857142857142857,0.0,0.6666666666666666,0.0241488738896124,0.0,0.04600020372035163,0.711237079026342,0.7369881098317764,0.0,0.8603333333333334,0.5,0.44060758873160183,0.6594810809422293,0.8783545731528568,0
2718,0.7213093904778005,0.8,1.0,0.8964851293935883,0.875,1.0,0.0,0.6666666666666666,0.8709410108326993,1.0,0.6931951137071337,1.0,0.9965414062782377,0.002,1.0,1.0,0.9024905385086265,0.9413792187645493,0.9802678990204721,0
2719,0.22954730996572004,0.0,0.9469964664310954,0.0075987841945288626,0.15625,0.2857142857142857,0.0,0.6666666666666666,0.026157499826327424,0.0,0.2631820402598991,0.9913304434811604,0.9640354510464549,0.0,0.8896666666666666,1.0,0.7122667853138986,0.7314782996782495,0.7506898140426004,0
2720,0.062382297551789145,0.0,0.0,0.0075987841945288626,0.15625,0.2857142857142857,0.0,0.6666666666666666,0.02414887388961262,0.0,0.060635528934866345,0.7235745248416139,0.7138984321369495,0.0,0.9216666666666666,0.0,0.5124490904681132,0.5814218267217424,0.6503945629753716,0
2721,0.11064621106462114,0.0,0.0,0.0075987841945288626,0.15625,0.2857142857142857,0.0,0.6666666666666666,0.024148875613771326,0.0,0.03804897343546387,0.8139379793264422,0.8576090380555952,0.0,0.7213333333333334,0.5,0.5550462524069911,0.7214625032101025,0.887878754013214,0
2722,0.6300176850401178,0.9,0.9992932862190813,0.8964851293935883,0.53125,1.0,0.0,0.6666666666666666,0.7948465353978083,1.0,0.6627957038730017,1.0,0.9949922863774969,0.0013333333333333333,1.0,1.0,0.879356891293538,0.9175741101112067,0.9557913289288753,0
2723,0.561441296151229,0.8,1.0,0.8964851293935883,0.5625,1.0,0.0,0.6666666666666666,0.8659589580792906,1.0,0.5337604949792321,1.0,0.9942984659733417,0.0006666666666666666,1.0,1.0,0.8724999673026667,0.9216427890604375,0.9707856108182084,0
2724,0.19518245185086192,0.0,0.9469964664310954,0.0075987841945288626,0.15625,0.2857142857142857,0.0,0.6666666666666666,0.03107151040696421,0.0,0.1986351944261323,0.9936645548516172,0.9745312508719586,0.0,0.9933333333333333,1.0,0.7386775151152514,0.7656373599754369,0.7925972048356226,0
2725,0.11064621106462114,0.0,0.0,0.0075987841945288626,0.15625,0.2857142857142857,0.0,0.6666666666666666,0.024155820105007053,0.0,0.07655818735112452,0.9339779926642214,0.9221909167217662,0.0,0.8503333333333334,0.5,0.622105986416885,0.7812467230264322,0.9403874596359794,0
2726,0.20946212948456222,0.0,0.9696113074204947,0.020408163265306145,0.125,0.42857142857142855,0.0,0.6666666666666666,0.058686538911940755,0.0,0.17485891164934897,0.9966655551850617,0.977660013782762,0.0,0.9973333333333333,1.0,0.7803881829114658,0.8247836901740513,0.8691791974366366,0
2727,0.4203581207765308,0.5,0.9978798586572438,0.5964912280701755,0.46875,0.8571428571428571,0.0,0.6666666666666666,0.1383405717901195,1.0,0.6758449375384505,1.0,0.994449585432981,0.0006666666666666666,1.0,1.0,0.7422783558094659,0.7928301714388067,0.8433819870681476,0
2728,0.15217391304347827,0.0,0.9752650176678446,0.14084507042253525,0.15625,0.2857142857142857,0.0,0.6666666666666666,0.024148958078493266,0.0,0.29683444904032397,0.9879959986662221,0.8255120816926728,0.0,0.9953333333333333,0.5,0.5582193311774977,0.6705285793848028,0.7828378275921078,0
2729,0.8944626917183488,1.0,0.9992932862190813,0.8964851293935883,0.84375,1.0,0.0,0.6666666666666666,0.9045744100472574,1.0,0.7371672626533203,1.0,0.9958456578455739,0.0033333333333333335,1.0,1.0,0.9324709872368875,0.9579159383333131,0.9833608894297386,0
2730,0.0,0.0,0.0,0.0075987841945288626,0.15625,0.2857142857142857,0.0,0.6666666666666666,0.02414887388961262,0.0,0.03409384219329237,0.7205735245081695,0.727427110339262,0.0,0.912,0.0,0.5035471203149731,0.5638336198776555,0.6241201194403379,0
2731,0.09631086898036045,0.2,0.9696113074204947,0.020408163265306145,0.125,0.42857142857142855,0.0,0.6666666666666666,0.033983116421619886,0.0,0.2834627496633375,0.9989996665555185,0.9823292616475299,0.0,0.9206666666666666,1.0,0.7738185600205139,0.789369972303291,0.804921384586068,0
2732,0.07131086898036054,0.0,0.9484098939929329,0.0075987841945288626,0.25,0.2857142857142857,0.0,0.6666666666666666,0.025609985569290394,0.0,0.08795135501669993,0.9859953317772591,0.9476438616534677,0.0,0.8863333333333333,1.0,0.7507865864249414,0.7615881613936124,0.7723897363622834,0
2733,0.13630898943153524,0.0,0.9519434628975265,0.0075987841945288626,0.1875,0.2857142857142857,0.0,0.6666666666666666,0.028434673683572553,0.0,0.18873362947655103,0.9949983327775925,0.9733669105332692,0.0,0.9943333333333333,1.0,0.7154140627335523,0.8410306856966184,0.9666473086596845,0
2734,0.0,0.0,0.0,0.0075987841945288626,0.15625,0.2857142857142857,0.0,0.6666666666666666,0.0241488738896124,0.0,0.04292067747941242,0.7195731910636879,0.7523456563626276,0.0,0.879,0.5,0.477881223349746,0.5896250855979273,0.7013689478461086,0
2735,0.580976502040242,0.2,1.0,0.4782608695652174,0.34375,0.7142857142857143,0.0,0.6666666666666666,0.08481129886069638,1.0,0.7798248522782306,1.0,0.9941743565663307,0.0003333333333333333,0.9966666666666667,1.0,0.7464364380136647,0.7709746460257634,0.7955128540378621,0
2736,0.0,0.0,0.0,0.0075987841945288626,0.15625,0.2857142857142857,0.0,0.6666666666666666,0.0241488738896124,0.0,0.0810014001848467,0.6852284094698233,0.7027909502528442,0.0,0.8813333333333333,0.5,0.4204357209838431,0.6592971396175398,0.8981585582512364,0
2737,0.18166893833734843,0.0,0.0,0.0075987841945288626,0.15625,0.2857142857142857,0.0,0.6666666666666666,0.024230592370581894,0.0,0.044498232624305856,0.972324108036012,0.946122788972063,0.0,0.8166666666666667,0.5,0.6582139864520684,0.7357182082967844,0.8132224301415004,0
2738,0.062382297551789145,0.0,0.0,0.0075987841945288626,0.15625,0.2857142857142857,0.0,0.6666666666666666,0.02414887454631498,0.0,0.012551458675961968,0.8339446482160721,0.8541866244640817,0.0,0.7893333333333333,0.5,0.5544938506894123,0.714107345303016,0.8737208399166199,0
2739,0.11064621106462114,0.0,0.0,0.0075987841945288626,0.15625,0.2857142857142857,0.0,0.6666666666666666,0.024148879733051354,0.0,0.01898352375446022,0.8149383127709237,0.8374324091733825,0.0,0.855,0.5,0.5821686303192687,0.644847793629737,0.7075269569402053,0
2740,0.557483632902043,0.4,0.9943462897526502,0.39669421487603307,0.46875,0.5714285714285714,0.0,0.6666666666666666,0.23415365102741315,1.0,0.5525254982119571,1.0,0.9962018741896973,0.0003333333333333333,0.999,1.0,0.7965514614909757,0.8860758730711666,0.9756002846513576,0
2741,0.0,0.0,0.0,0.0075987841945288626,0.15625,0.2857142857142857,0.0,0.6666666666666666,0.02414887388961251,0.0,0.009937825782626586,0.7079026342114039,0.7641485520022315,0.0,0.832,0.5,0.4834152742599994,0.6155825470382996,0.7477498198165997,0
2742,0.39185191338100966,0.3,0.9957597173144876,0.4782608695652174,0.25,0.7142857142857143,0.0,0.6666666666666666,0.12218170678841656,0.0,0.341722923742667,0.9993331110370124,0.9772273809934517,0.0,0.999,1.0,0.7184590395949285,0.7899114759202268,0.8613639122455251,0
2743,0.11064621106462114,0.0,0.0,0.0075987841945288626,0.15625,0.2857142857142857,0.0,0.6666666666666666,0.024148882489423817,0.0,0.007316439696537169,0.8452817605868623,0.8727284164389182,0.0,0.727,0.5,0.5660192079650259,0.7240406751883017,0.8820621424115777,0
2744,0.0,0.0,0.9674911660777386,0.19696969696969702,0.125,0.42857142857142855,0.0,0.6666666666666666,0.024149263660609654,0.0,0.2689629548174469,0.9879959986662221,0.8415763658662048,0.0,0.9916666666666667,0.5,0.5248666503486146,0.7562961125571366,0.9877255747656587,0
2745,0.13630898943153524,0.0,0.8671378091872791,0.0075987841945288626,0.1875,0.2857142857142857,0.0,0.6666666666666666,0.025781961015421295,0.0,0.1535870383131258,0.9896632210736912,0.9635478546811966,0.0,0.9923333333333333,1.0,0.6985320002666681,0.8294262498621974,0.9603204994577266,0
2746,0.7070340824524926,0.8,0.9992932862190813,0.5964912280701755,0.34375,0.8571428571428571,0.0,0.6666666666666666,0.7895707106777508,1.0,0.5060955253745103,1.0,0.9958912249343651,0.001,1.0,1.0,0.8645364616372564,0.8798643783032497,0.895192294969243,0
2747,0.8174149453570851,0.8,0.9978798586572438,0.8964851293935883,0.6875,1.0,0.0,0.6666666666666666,0.9151071627912006,0.0,0.3146518394802361,0.9993331110370124,0.996826319600121,0.0003333333333333333,0.9996666666666667,1.0,0.8508359535632454,0.8987941481708048,0.9467523427783643,0
2748,0.24059750976591987,0.1,0.9469964664310954,0.0075987841945288626,0.15625,0.2857142857142857,0.0,0.6666666666666666,0.033217997442740455,0.5,0.4694449877142626,0.9996665555185061,0.9892037386147122,0.0,0.961,1.0,0.7507873520677542,0.7569362766257092,0.7630852011836642,0
2749,0.2703581207765309,0.3,0.9971731448763251,0.10169491525423724,0.3125,0.5714285714285714,0.0,0.6666666666666666,0.0810456351340142,0.0,0.3933020474805744,0.9993331110370124,0.9910499527464384,0.0,0.999,1.0,0.762703145224336,0.7833266803764145,0.8039502155284929,0
2750,0.062382297551789145,0.0,0.0,0.0075987841945288626,0.15625,0.2857142857142857,0.0,0.6666666666666666,0.024148874014240707,0.0,0.02795568025845596,0.8506168722907635,0.8620256389168383,0.0,0.7826666666666666,0.5,0.5417344939902685,0.7280687877056284,0.9144030814209885,0
2751,0.36641005506375923,0.2,0.9964664310954063,0.19696969696969702,0.40625,0.42857142857142855,0.0,0.6666666666666666,0.14392855014101247,0.3333333333333333,0.41262446938642683,0.9996665555185061,0.9913086475191174,0.0,0.9996666666666667,1.0,0.6856967349529763,0.8379973033368708,0.9902978717207654,0
2752,0.062382297551789145,0.0,0.0,0.0075987841945288626,0.15625,0.2857142857142857,0.0,0.6666666666666666,0.02414887396783716,0.0,0.02532456745940881,0.8012670890296766,0.8348776233629787,0.0,0.8036666666666666,0.5,0.542560733421197,0.700554250464958,0.858547767508719,0
2753,0.22954730996572004,0.0,0.9816254416961131,0.10169491525423724,0.21875,0.5714285714285714,0.0,0.6666666666666666,0.02797040395431094,0.0,0.2368330736337545,0.9943314438146049,0.9728558736115036,0.0,0.8936666666666666,1.0,0.7079603897591356,0.7395232105435015,0.7710860313278675,0
2754,0.8257256951312495,0.9,0.9992932862190813,0.7424749163879598,0.40625,1.0,0.0,0.6666666666666666,0.8542882173622262,1.0,0.6641026709369519,1.0,0.9933987711145016,0.0033333333333333335,1.0,1.0,0.7936716659397886,0.8179361419945715,0.8422006180493545,0
2755,0.20753100730286567,0.1,0.9519434628975265,0.0075987841945288626,0.1875,0.2857142857142857,0.0,0.6666666666666666,0.026547255739651887,0.0,0.23361267292960664,0.9973324441480493,0.976952442644143,0.0,0.9643333333333334,1.0,0.7070249800608308,0.7739248609680265,0.840824741875222,0
2756,0.0,0.0,0.0,0.0075987841945288626,0.15625,0.2857142857142857,0.0,0.6666666666666666,0.024148893871574373,0.0,0.04976286426556886,0.8199399799933311,0.8626658606425636,0.0,0.7856666666666667,0.5,0.5745383865088468,0.7017494019028978,0.8289604172969488,0
2757,0.062382297551789145,0.0,0.9879858657243816,0.0075987841945288626,0.28125,0.2857142857142857,0.0,0.6666666666666666,0.024151580089802782,0.0,0.16154138351241765,0.9619873291097032,0.847226667640783,0.0,0.9506666666666667,0.5,0.6237779340493141,0.6965159944503061,0.769254054851298,0
2758,0.5375972692656793,0.4,0.9971731448763251,0.5964912280701755,0.5,0.8571428571428571,0.0,0.6666666666666666,0.5056364642148199,0.5,0.45364111789811523,0.9996665555185061,0.9950533509341996,0.0,0.9993333333333333,1.0,0.8271804688313829,0.8968226180455334,0.9664647672596841,0
2759,0.3487045537269864,0.4,0.9992932862190813,0.679144385026738,0.46875,0.8571428571428571,0.0,0.6666666666666666,0.2540199695146417,1.0,0.810218929033075,1.0,0.9977934137141239,0.0003333333333333333,1.0,1.0,0.7973042180141768,0.8518798211406811,0.9064554242671852,0
2760,0.7730956352787512,0.9,0.9985865724381625,0.8964851293935883,0.625,1.0,0.0,0.6666666666666666,0.9057382755824173,0.5,0.11311748228484786,0.9996665555185061,0.9986612111883069,0.006,0.9996666666666667,1.0,0.9472849886625649,0.9491162899651728,0.9509475912677806,0
2761,0.062382297551789145,0.0,0.8671378091872791,0.0075987841945288626,0.1875,0.2857142857142857,0.0,0.6666666666666666,0.024160660888466134,0.0,0.07910592055844545,0.905301767255752,0.8729273816209663,0.0,0.8866666666666667,1.0,0.6769986529248303,0.7078482883104028,0.7386979236959753,0
2762,0.7659454835513936,1.0,1.0,0.8964851293935883,0.6875,1.0,0.0,0.6666666666666666,0.9203437610155252,1.0,0.876418139928387,1.0,0.9987525366716361,0.005,1.0,1.0,0.904894814785651,0.942713329326885,0.9805318438681191,0
2763,0.380976502040242,0.1,0.9830388692579506,0.14084507042253525,0.1875,0.2857142857142857,0.0,0.6666666666666666,0.13461570055477567,0.0,0.06432019413024204,0.9976658886295432,0.9708374239025801,0.0,0.9986666666666667,1.0,0.7501454812162026,0.8045714964638911,0.8589975117115797,0
2764,0.062382297551789145,0.0,0.0,0.0075987841945288626,0.15625,0.2857142857142857,0.0,0.6666666666666666,0.024148873890060374,0.0,0.017786231432520228,0.7535845281760587,0.8048304779367228,0.0,0.815,0.5,0.5155805207903316,0.6832241008650861,0.8508676809398406,0
2765,0.4218855929493329,0.4,0.9830388692579506,0.14084507042253525,0.1875,0.2857142857142857,0.0,0.6666666666666666,0.20742823217715056,0.3333333333333333,0.5760271220843785,1.0,0.9898220801029168,0.0003333333333333333,0.9983333333333333,1.0,0.7565294957777345,0.8543087290906921,0.9520879624036496,0
2766,0.062382297551789145,0.0,0.0,0.0075987841945288626,0.15625,0.2857142857142857,0.0,0.6666666666666666,0.024148900087560543,0.0,0.006985282824064187,0.8216072024008003,0.8067884209072894,0.0,0.8933333333333333,0.5,0.6185343780526109,0.6605119167516551,0.7024894554506994,0
2767,0.062382297551789145,0.0,0.0,0.0075987841945288626,0.15625,0.2857142857142857,0.0,0.6666666666666666,0.024152710912777486,0.0,0.04248143199909182,0.8919639879959986,0.8763660411384939,0.0,0.8643333333333334,0.5,0.6441234155548334,0.7139241615755505,0.7837249075962675,0
2768,0.34090949790561487,0.2,0.9802120141342756,0.0075987841945288626,0.28125,0.2857142857142857,0.0,0.6666666666666666,0.04027511474254142,0.0,0.17191221714197336,0.9976658886295432,0.9824524430440715,0.0,0.9986666666666667,1.0,0.7441938357514837,0.8451344963860847,0.9460751570206858,0
2769,0.19518245185086192,0.0,0.9469964664310954,0.0075987841945288626,0.15625,0.2857142857142857,0.0,0.6666666666666666,0.02751759571557566,0.0,0.2550832479310601,0.9946648882960987,0.9798775232213492,0.0,0.935,1.0,0.7251584161278914,0.7563459753164901,0.7875335345050888,0
2770,0.062382297551789145,0.0,0.0,0.0075987841945288626,0.15625,0.2857142857142857,0.0,0.6666666666666666,0.024148875566177064,0.0,0.06388172061664388,0.8182727575858619,0.8439435272519599,0.0,0.8056666666666666,0.5,0.564092976463499,0.7010689129687445,0.83804484947399,0
2771,0.0,0.0,0.9674911660777386,0.19696969696969702,0.125,0.42857142857142855,0.0,0.6666666666666666,0.02414887389324183,0.0,0.2493353534045507,0.9903301100366789,0.7825862815105447,0.0,0.9983333333333333,0.0,0.5391492583311812,0.5517284593286476,0.5643076603261138,0
2772,0.0,0.0,0.0,0.0075987841945288626,0.15625,0.2857142857142857,0.0,0.6666666666666666,0.0241488738896124,0.0,0.046400150569587795,0.6585528509503168,0.6761311166700982,0.0,0.907,0.5,0.44496712538396865,0.5800506208716152,0.7151341163592616,0
2773,0.1373542855987826,0.0,0.0,0.0075987841945288626,0.15625,0.2857142857142857,0.0,0.6666666666666666,0.0242243133701473,0.0,0.03197711771482026,0.9769923307769256,0.9539113350662556,0.0,0.873,0.5,0.6494744215113238,0.7998588792329246,0.9502433369545256,0
2774,0.0,0.0,0.0,0.0075987841945288626,0.15625,0.2857142857142857,0.0,0.6666666666666666,0.024148873889649147,0.0,0.031522640584584205,0.7235745248416139,0.7908614792829951,0.0,0.785,0.5,0.4985501488619448,0.7148267064626261,0.9311032640633076,0
2775,0.0,0.0,0.0,0.0075987841945288626,0.15625,0.2857142857142857,0.0,0.6666666666666666,0.0241488738896124,0.0,0.038295060455304175,0.6792264088029343,0.7223508273745811,0.0,0.8646666666666667,0.5,0.45869440891910995,0.627101192389717,0.7955079758603238,0
2776,0.0,0.0,0.0,0.0075987841945288626,0.15625,0.2857142857142857,0.0,0.6666666666666666,0.024148875387604463,0.0,0.03890967947234514,0.7939313104368123,0.8463369598205759,0.0,0.794,0.5,0.5566957062051041,0.69079841349195,0.824901120778796,0
2777,0.11064621106462114,0.0,0.0,0.0075987841945288626,0.15625,0.2857142857142857,0.0,0.6666666666666666,0.02414887406990518,0.0,0.03906620426667118,0.7692564188062687,0.8152840302221931,0.0,0.8473333333333333,0.5,0.5556021930129427,0.6355922092341433,0.7155822254553439,0
2778,0.11064621106462114,0.0,0.0,0.0075987841945288626,0.15625,0.2857142857142857,0.0,0.6666666666666666,0.024148881631717134,0.0,0.06418578368729111,0.8262754251417139,0.8635979070185157,0.0,0.6976666666666667,0.5,0.5645623398300862,0.7509161664400614,0.9372699930500367,0
2779,0.37621397663238676,0.6,0.992226148409894,0.19696969696969702,0.375,0.42857142857142855,0.0,0.6666666666666666,0.482425351613992,0.0,0.27018482800188415,0.9986662220740247,0.9830854322213393,0.0,0.999,1.0,0.7125363460640985,0.8250178179926496,0.9374992899212007,0
2780,0.11064621106462114,0.0,0.0,0.0075987841945288626,0.15625,0.2857142857142857,0.0,0.6666666666666666,0.02426535017151099,0.0,0.04522514952062273,0.9709903301100367,0.9453748801847182,0.0,0.8516666666666667,0.5,0.6578099558444668,0.7587952936275253,0.8597806314105838,0
2781,0.11064621106462114,0.0,0.0,0.0075987841945288626,0.15625,0.2857142857142857,0.0,0.6666666666666666,0.024149240168847674,0.0,0.07623087008413254,0.940646882294098,0.9178251487979827,0.0,0.739,0.5,0.5959640689085911,0.7838286749934165,0.9716932810782419,0
2782,0.7738819914879016,1.0,1.0,0.8964851293935883,0.625,1.0,0.0,0.6666666666666666,0.9106151910642619,1.0,0.9617847632241899,1.0,0.9996613957399669,0.004333333333333333,1.0,1.0,0.909482267442331,0.9369116064673172,0.9643409454923034,0
2783,0.11064621106462114,0.0,0.0,0.0075987841945288626,0.15625,0.2857142857142857,0.0,0.6666666666666666,0.024148895041035234,0.0,0.05267107603561838,0.8859619873291097,0.8887359609883642,0.0,0.753,0.5,0.5728408597106881,0.7773135394624351,0.981786219214182,0
2784,0.062382297551789145,0.0,0.9802120141342756,0.0075987841945288626,0.21875,0.2857142857142857,0.0,0.6666666666666666,0.024427832840879682,0.0,0.08054016047990264,0.9503167722574192,0.913053561806555,0.0,0.8676666666666667,1.0,0.7034229218018583,0.7495947214459313,0.7957665210900045,0
2785,0.0,0.0,0.0,0.0075987841945288626,0.15625,0.2857142857142857,0.0,0.6666666666666666,0.024148873889661582,0.0,0.05773774348107186,0.7342447482494165,0.7897104757203733,0.0,0.823,0.5,0.5061373184197245,0.6725129548122003,0.8388885912046761,0
2786,0.7659454835513936,1.0,0.9992932862190813,0.8964851293935883,0.4375,1.0,0.0,0.6666666666666666,0.9205244947280815,1.0,0.8537291821678555,1.0,0.9985149733332874,0.005333333333333333,1.0,1.0,0.8846486792518651,0.9206465212497801,0.956644363247695,0
2787,0.0,0.0,0.0,0.0075987841945288626,0.15625,0.2857142857142857,0.0,0.6666666666666666,0.024148882154330975,0.0,0.04215096230217752,0.8482827609203067,0.8144015992453051,0.0,0.908,0.0,0.6130885342486836,0.6228089386358375,0.6325293430229916,0
2788,0.11064621106462114,0.0,0.0,0.0075987841945288626,0.15625,0.2857142857142857,0.0,0.6666666666666666,0.024149458149015257,0.0,0.055018259937126834,0.8936312104034678,0.9024268302155902,0.0,0.7633333333333333,0.5,0.5995404468532886,0.7372325043135137,0.8749245617737389,0
2789,0.0,0.0,0.0,0.0075987841945288626,0.15625,0.2857142857142857,0.0,0.6666666666666666,0.0241488738896124,0.0,0.02473076243071337,0.7439146382127375,0.7617617582942457,0.0,0.8436666666666667,0.5,0.45921690852177866,0.672967199645818,0.8867174907698572,0
2790,0.13756436963239604,0.1,0.0,0.0075987841945288626,0.15625,0.2857142857142857,0.0,0.6666666666666666,0.024274663379671657,0.0,0.3498052193244803,0.9986662220740247,0.9847070319127159,0.0,0.846,0.5,0.6619831746266758,0.7952102334657157,0.9284372923047557,0
2791,0.4077954628178956,0.3,0.9978798586572438,0.19354838709677424,0.375,0.8571428571428571,0.0,0.6666666666666666,0.2653230895629226,0.0,0.45559406829122906,0.9996665555185061,0.9986231720879959,0.0,0.9993333333333333,1.0,0.8480647444542923,0.8485321634647591,0.8489995824752259,0
2792,0.0,0.0,0.0,0.0075987841945288626,0.15625,0.2857142857142857,0.0,0.6666666666666666,0.0241488738896124,0.0,0.04403943077116712,0.6872290763587863,0.6530080655382249,0.0,0.9353333333333333,0.0,0.43986444836160693,0.5433475478302714,0.6468306472989358,0
2793,0.18166893833734843,0.0,0.0,0.0075987841945288626,0.15625,0.2857142857142857,0.0,0.6666666666666666,0.024262191679081835,0.0,0.1017895841098716,0.9613204401467156,0.9364267238142476,0.0,0.841,0.5,0.6589955103937414,0.7507134005123347,0.842431290630928,0
2794,0.0,0.0,0.0,0.0075987841945288626,0.15625,0.2857142857142857,0.0,0.6666666666666666,0.024148873889612843,0.0,0.03829960675929811,0.7305768589529844,0.7793110566489918,0.0,0.808,0.5,0.4815270240575147,0.7154582783468604,0.9493895326362062,0
2795,0.11064621106462114,0.0,0.0,0.0075987841945288626,0.15625,0.2857142857142857,0.0,0.6666666666666666,0.02423899237950633,0.0,0.06296291955844413,0.970323441147049,0.9434780948520375,0.0,0.825,0.5,0.6646001378899813,0.7246051812680543,0.7846102246461274,0
2796,0.0,0.0,0.0,0.0075987841945288626,0.15625,0.2857142857142857,0.0,0.6666666666666666,0.0241488738896124,0.0,0.06423929127073658,0.7149049683227743,0.698109971602469,0.0,0.9390000000000001,0.0,0.5002835422501145,0.5435203263630645,0.5867571104760144,0
2797,0.5214874632531324,0.4,0.9957597173144876,0.07936507936507942,0.28125,0.7142857142857143,0.0,0.6666666666666666,0.08693364903434442,0.3333333333333333,0.17609667337572288,0.9993331110370124,0.9854992309410048,0.0003333333333333333,0.9986666666666667,1.0,0.6987529052088233,0.7498831213840462,0.8010133375592692,0
2798,0.19059750976591983,0.0,0.9469964664310954,0.0075987841945288626,0.15625,0.2857142857142857,0.0,0.6666666666666666,0.025275559282891047,0.0,0.07231973147973014,0.9849949983327776,0.9575560376949203,0.0,0.8676666666666667,1.0,0.7166548081515367,0.7334546003278891,0.7502543925042415,0
2799,0.5744621294845622,0.9,0.9992932862190813,0.8964851293935883,0.53125,1.0,0.0,0.6666666666666666,0.8410815668845583,1.0,0.5907018842920497,1.0,0.9952132225920969,0.001,1.0,1.0,0.9128617763453098,0.9216083917444269,0.930355007143544,0
2800,0.0,0.0,0.0,0.0075987841945288626,0.15625,0.2857142857142857,0.0,0.6666666666666666,0.0241488738896124,0.0,0.06986637938225959,0.6945648549516505,0.7057103821448107,0.0,0.913,0.0,0.45275107032963285,0.5554989012709308,0.6582467322122287,0
2801,0.11064621106462114,0.0,0.0,0.0075987841945288626,0.15625,0.2857142857142857,0.0,0.6666666666666666,0.024148936653055064,0.0,0.06392949492526201,0.9403134378126042,0.9183483943034335,0.0,0.7523333333333333,0.5,0.5823581857691997,0.7652500814389525,0.9481419771087051,0
2802,0.0,0.0,0.0,0.0075987841945288626,0.15625,0.2857142857142857,0.0,0.6666666666666666,0.024148873889612843,0.0,0.03795035386586898,0.7079026342114039,0.7658116349386341,0.0,0.8363333333333334,0.5,0.48786995119006915,0.6154082772607894,0.7429466033315096,0
2803,0.8462144345014018,0.9,1.0,0.7424749163879598,0.9375,1.0,0.0,0.6666666666666666,0.8724907823876198,1.0,0.8241507264288693,1.0,0.9982379026244141,0.0016666666666666668,1.0,1.0,0.7920196408295501,0.8895492705863013,0.9870789003430526,0
2804,0.6786957541141642,0.8,1.0,0.8964851293935883,0.40625,1.0,0.0,0.6666666666666666,0.8789673870124862,0.6666666666666666,0.8168838378154605,1.0,0.9991624159968554,0.004333333333333333,1.0,1.0,0.8743387463692165,0.8962321069893479,0.9181254676094792,0
2805,0.0,0.0,0.0,0.0075987841945288626,0.15625,0.2857142857142857,0.0,0.6666666666666666,0.024148883605170868,0.0,0.030527642021071055,0.816272090696899,0.8590778091717166,0.0,0.7873333333333333,0.5,0.5691029739297165,0.7002761815514453,0.8314493891731742,0
2806,0.09631086898036045,0.0,0.9696113074204947,0.020408163265306145,0.125,0.42857142857142855,0.0,0.6666666666666666,0.03003552367359985,0.0,0.1418365268704932,0.9963321107035679,0.9694873622653373,0.0,0.9013333333333333,1.0,0.7645418937373994,0.7807558398976421,0.7969697860578847,0
2807,0.8789469318890716,1.0,1.0,0.8964851293935883,0.5625,1.0,0.0,0.6666666666666666,0.9202159605697291,1.0,0.7377393486167023,1.0,0.9964223569558404,0.005,1.0,1.0,0.879243751778992,0.8914146636447661,0.9035855755105401,0
2808,0.11064621106462114,0.0,0.9674911660777386,0.19696969696969702,0.125,0.42857142857142855,0.0,0.6666666666666666,0.027197593519588725,0.0,0.23686769487636028,0.9963321107035679,0.9527337904515666,0.0,0.959,0.5,0.6350665410011497,0.7671882074314968,0.899309873861844,0
2809,0.20753100730286567,0.2,0.9957597173144876,0.0075987841945288626,0.5,0.2857142857142857,0.0,0.6666666666666666,0.030814241995470892,0.5,0.34789555269176786,0.9993331110370124,0.9915849481266972,0.0,0.9903333333333333,1.0,0.7290420568398046,0.777984090343891,0.8269261238479775,0
2810,0.13553057739209573,0.2,0.9936395759717315,0.0075987841945288626,0.4375,0.2857142857142857,0.0,0.6666666666666666,0.04145799409078599,0.0,0.37377169667370125,0.9986662220740247,0.9870430450235917,0.0,0.9986666666666667,1.0,0.7379552243601127,0.8433327284425496,0.9487102325249863,0
2811,0.8766742046163444,1.0,1.0,0.8964851293935883,0.75,1.0,0.0,0.6666666666666666,0.9088907104557177,1.0,0.9285239861473344,1.0,0.9991564601655795,0.003,1.0,1.0,0.8471986885088073,0.8587402116062233,0.8702817347036393,0
2812,0.45420992194390575,0.4,0.9964664310954063,0.5964912280701755,0.40625,0.8571428571428571,0.0,0.6666666666666666,0.456145583025231,0.0,0.32516434167584174,0.9989996665555185,0.9924795155889625,0.0,0.9993333333333333,1.0,0.7760266531558933,0.8208569087939883,0.8656871644320834,0
2813,0.11064621106462114,0.0,0.0,0.0075987841945288626,0.15625,0.2857142857142857,0.0,0.6666666666666666,0.024150692547982744,0.0,0.0780491348736656,0.9033011003667889,0.8844484492320395,0.0,0.8743333333333333,0.5,0.6379855263423057,0.6708810356450943,0.703776544947883,0
2814,0.4460920152604253,0.5,0.9985865724381625,0.5964912280701755,0.28125,0.8571428571428571,0.0,0.6666666666666666,0.18403646399909623,1.0,0.8009970140525206,1.0,0.9967282233666978,0.001,1.0,1.0,0.7849143513840576,0.8017772629767914,0.8186401745695253,0
2815,0.062382297551789145,0.0,0.8671378091872791,0.0075987841945288626,0.1875,0.2857142857142857,0.0,0.6666666666666666,0.02414899966264894,0.0,0.007322976285362159,0.9036345448482828,0.817011951455653,0.0,0.9313333333333333,0.5,0.6422662389712739,0.6603985379226789,0.6785308368740839,0
2816,0.34983806933418626,0.4,0.9879858657243816,0.0075987841945288626,0.28125,0.2857142857142857,0.0,0.6666666666666666,0.05042609113687502,0.5,0.07390351396377592,0.9989996665555185,0.9874370609017201,0.0,0.9976666666666667,1.0,0.7594076508032659,0.8392417730341893,0.9190758952651128,0
2817,0.11064621106462114,0.0,0.8671378091872791,0.0075987841945288626,0.1875,0.2857142857142857,0.0,0.6666666666666666,0.02419719448994795,0.0,0.042925575874791955,0.9533177725908636,0.9193452973367919,0.0,0.883,1.0,0.6834499074232693,0.6925422343256775,0.7016345612280859,0
2818,0.6365320575957976,0.8,0.9964664310954063,0.679144385026738,0.5,0.8571428571428571,0.0,0.6666666666666666,0.6956553136155009,0.5,0.5171004878985294,1.0,0.9956031583083468,0.001,0.9996666666666667,1.0,0.8167403836473381,0.899784014386984,0.9828276451266297,0
2819,0.19518245185086192,0.0,0.9469964664310954,0.0075987841945288626,0.15625,0.2857142857142857,0.0,0.6666666666666666,0.028195589588603354,0.0,0.12485908457966333,0.9869956652217405,0.9630591415874418,0.0,0.9410000000000001,1.0,0.733538466192143,0.7538407108871812,0.7741429555822192,0
2820,0.11064621106462114,0.0,0.0,0.0075987841945288626,0.15625,0.2857142857142857,0.0,0.6666666666666666,0.024166466672502107,0.0,0.10068493357390618,0.920973657885962,0.9023959351648976,0.0,0.8666666666666667,0.5,0.6559843926903551,0.6945528725645211,0.733121352438687,0
2821,0.11064621106462114,0.0,0.0,0.0075987841945288626,0.15625,0.2857142857142857,0.0,0.6666666666666666,0.024156351387707442,0.0,0.011447028819673744,0.930643547849283,0.9209741794210755,0.0,0.804,0.5,0.6246776290354559,0.7459600022764716,0.8672423755174873,0
2822,0.11064621106462114,0.0,0.8671378091872791,0.0075987841945288626,0.1875,0.2857142857142857,0.0,0.6666666666666666,0.024150521260758118,0.0,0.053110053899259824,0.9113037679226409,0.858979669603789,0.0,0.91,0.5,0.6400826389000286,0.6556583259093929,0.6712340129187572,0
2823,0.062382297551789145,0.0,0.0,0.0075987841945288626,0.15625,0.2857142857142857,0.0,0.6666666666666666,0.0241495125967065,0.0,0.03129585450487171,0.8666222074024674,0.8378089651987742,0.0,0.8883333333333333,0.5,0.6468910873251305,0.6828047786895264,0.7187184700539224,0
2824,0.0,0.0,0.0,0.0075987841945288626,0.15625,0.2857142857142857,0.0,0.6666666666666666,0.0241488738899287,0.0,0.054229149001158605,0.7335778592864288,0.7980887630082231,0.0,0.775,0.5,0.508162558119461,0.7417922808599807,0.9754220036005005,0
2825,0.42240967907808913,0.4,0.995053003533569,0.39669421487603307,0.375,0.5714285714285714,0.0,0.6666666666666666,0.40124097537928116,0.0,0.39999613021025826,0.9996665555185061,0.9967934148279923,0.0003333333333333333,0.9993333333333333,1.0,0.8157378608510376,0.8384711432642493,0.8612044256774611,0
2826,0.907869531796675,1.0,0.9992932862190813,0.8964851293935883,0.625,1.0,0.0,0.6666666666666666,0.9168417613861072,1.0,0.8850461556826976,1.0,0.9990370831609873,0.007666666666666666,1.0,1.0,0.9949815756454995,0.9962903574277207,0.9975991392099419,0
2827,0.37621397663238676,0.5,0.992226148409894,0.19696969696969702,0.375,0.42857142857142855,0.0,0.6666666666666666,0.4501276516496776,0.3333333333333333,0.3159397145094396,0.9993331110370124,0.9865262624430015,0.0,0.9993333333333333,1.0,0.7097187393528729,0.8181001735219819,0.9264816076910909,0
2828,0.20946212948456222,0.1,0.9484098939929329,0.0075987841945288626,0.25,0.2857142857142857,0.0,0.6666666666666666,0.027290111433726838,0.5,0.20288425489886963,0.9976658886295432,0.9850217608879772,0.0003333333333333333,0.9873333333333333,1.0,0.7173991753033768,0.8123305350224832,0.9072618947415897,0
2829,0.11064621106462114,0.0,0.0,0.0075987841945288626,0.15625,0.2857142857142857,0.0,0.6666666666666666,0.024148897505883893,0.0,0.011758528965134962,0.839946648882961,0.8716310663688486,0.0,0.6859999999999999,0.5,0.5725279468017413,0.7548388909582082,0.9371498351146752,0
2830,0.062382297551789145,0.0,0.0,0.0075987841945288626,0.15625,0.2857142857142857,0.0,0.6666666666666666,0.02414892869621621,0.0,0.03739653194177883,0.835945315105035,0.8537515433700025,0.0,0.852,0.5,0.5951183090444117,0.7018575204983338,0.808596731952256,0
2831,0.46407634574475576,0.7,0.9978798586572438,0.5964912280701755,0.34375,0.8571428571428571,0.0,0.6666666666666666,0.6579913462345938,0.6666666666666666,0.4137062899264302,0.9993331110370124,0.9955489997735673,0.001,0.9996666666666667,1.0,0.8484147092688074,0.8501606234998413,0.8519065377308753,0
2832,0.706473531891942,0.8,0.9992932862190813,0.8964851293935883,0.53125,1.0,0.0,0.6666666666666666,0.8912910492238475,1.0,0.7275504838329994,1.0,0.997882996669094,0.001,1.0,1.0,0.8389173253384878,0.900018869686529,0.9611204140345702,0
2833,0.0,0.0,0.0,0.0075987841945288626,0.15625,0.2857142857142857,0.0,0.6666666666666666,0.024148873889722422,0.0,0.030277324595058608,0.7545848616205402,0.7887857174138517,0.0,0.8643333333333334,0.5,0.5171425177380238,0.6072118988749213,0.6972812800118189,0
2834,0.0,0.0,0.0,0.0075987841945288626,0.15625,0.2857142857142857,0.0,0.6666666666666666,0.0241488738896124,0.0,0.0363196323071977,0.6962320773591197,0.6910852267378331,0.0,0.9163333333333333,0.5,0.4259947664999969,0.5520910777242436,0.6781873889484903,0
2835,0.062382297551789145,0.0,0.0,0.0075987841945288626,0.15625,0.2857142857142857,0.0,0.6666666666666666,0.024150230525427197,0.0,0.03347797078758674,0.8729576525508502,0.8662018634336521,0.0,0.864,0.5,0.6326095738866615,0.7070619388899457,0.78151430389323,0
2836,0.0,0.0,0.0,0.0075987841945288626,0.15625,0.2857142857142857,0.0,0.6666666666666666,0.02414887388963749,0.0,0.012472659798144825,0.7389129709903302,0.7954410087167455,0.0,0.7876666666666666,0.5,0.4969452410055486,0.7215735205583356,0.9462018001111224,0
2837,0.0,0.0,0.0,0.0075987841945288626,0.15625,0.2857142857142857,0.0,0.6666666666666666,0.0241488738896124,0.0,0.0290766782844345,0.7032344114704902,0.740324560488509,0.0,0.8456666666666667,0.5,0.45123094009270137,0.695216779424194,0.9392026187556867,0
2838,0.0,0.0,0.0,0.0075987841945288626,0.15625,0.2857142857142857,0.0,0.6666666666666666,0.0241488738896124,0.0,0.024287599904768364,0.7455818606202067,0.7740077611363827,0.0,0.8293333333333334,0.5,0.4727547042804339,0.6765705120695605,0.8803863198586871,0
2839,0.11064621106462114,0.0,0.0,0.0075987841945288626,0.15625,0.2857142857142857,0.0,0.6666666666666666,0.024148877655240875,0.0,0.017285358013210295,0.8136045348449483,0.8597324965943375,0.0,0.7156666666666667,0.5,0.5601105092202212,0.7260849540951579,0.8920593989700948,0
2840,0.062382297551789145,0.0,0.0,0.0075987841945288626,0.15625,0.2857142857142857,0.0,0.6666666666666666,0.0241499428478813,0.0,0.021582236425051304,0.9139713237745916,0.9030288272466535,0.0,0.841,0.5,0.6142050494284073,0.7387635120557843,0.8633219746831614,0
2841,0.11064621106462114,0.0,0.8671378091872791,0.0075987841945288626,0.1875,0.2857142857142857,0.0,0.6666666666666666,0.024152338081308677,0.0,0.060836446741365235,0.9226408802934312,0.8649932562293816,0.0,0.9136666666666666,0.5,0.6376535160139143,0.6611514424665761,0.6846493689192379,0
2842,0.13553057739209573,0.0,0.9837455830388693,0.0075987841945288626,0.40625,0.2857142857142857,0.0,0.6666666666666666,0.04702501228863354,0.0,0.24007824370928066,0.9946648882960987,0.9748939562067643,0.0,0.996,1.0,0.7444424340923723,0.8232536151533008,0.9020647962142292,0
2843,0.062382297551789145,0.0,0.9816254416961131,0.14084507042253525,0.1875,0.2857142857142857,0.0,0.6666666666666666,0.024149387599454064,0.0,0.10585177502369592,0.9839946648882961,0.8481299193415607,0.0,0.984,0.5,0.5783022911092166,0.7214897020660259,0.8646771130228352,0
2844,0.11064621106462114,0.0,0.9469964664310954,0.0075987841945288626,0.15625,0.2857142857142857,0.0,0.6666666666666666,0.024496056881367467,0.0,0.10242015735556165,0.9773257752584195,0.9322137753220832,0.0,0.928,0.5,0.6536292282095221,0.708639625776139,0.763650023342756,0
2845,0.11064621106462114,0.0,0.8671378091872791,0.0075987841945288626,0.1875,0.2857142857142857,0.0,0.6666666666666666,0.02418574503947335,0.0,0.07491353227760933,0.9276425475158386,0.902775428995986,0.0,0.8743333333333333,1.0,0.6717656994526615,0.6949207635374806,0.7180758276222996,0
2846,0.13756436963239604,0.0,0.8671378091872791,0.0075987841945288626,0.1875,0.2857142857142857,0.0,0.6666666666666666,0.02520605939461884,0.0,0.20076887522420284,0.9939979993331111,0.974758750796028,0.0,0.993,1.0,0.6927593304384946,0.8181042424995806,0.9434491545606666,0
2847,0.0,0.4,0.9674911660777386,0.19696969696969702,0.125,0.42857142857142855,0.0,0.6666666666666666,0.030351301491772675,0.0,0.45331448351082226,0.9989996665555185,0.973130724144839,0.0,0.9953333333333333,0.5,0.6482821087404075,0.7169320032369468,0.7855818977334862,0
2848,0.062382297551789145,0.0,0.0,0.0075987841945288626,0.15625,0.2857142857142857,0.0,0.6666666666666666,0.024149379025050988,0.0,0.029890772453140868,0.8602867622540847,0.854262967011997,0.0,0.87,0.5,0.6277608500534237,0.694357307805612,0.7609537655578004,0
2849,0.19059750976591983,0.0,0.9469964664310954,0.0075987841945288626,0.15625,0.2857142857142857,0.0,0.6666666666666666,0.025047609567692253,0.0,0.17367113546815705,0.980326775591864,0.9509778356693159,0.0,0.8756666666666667,1.0,0.7181200606701988,0.7275321386918618,0.7369442167135247,0
2850,0.11064621106462114,0.0,0.0,0.0075987841945288626,0.15625,0.2857142857142857,0.0,0.6666666666666666,0.024149293956141737,0.0,0.07944227440340446,0.863621207069023,0.8766596614916162,0.0,0.8353333333333334,0.5,0.6086898308813635,0.6823566189795772,0.7560234070777909,0
2851,0.07131086898036054,0.0,0.9816254416961131,0.14084507042253525,0.1875,0.2857142857142857,0.0,0.6666666666666666,0.02653892461070273,0.0,0.15912517174369656,0.9933311103701233,0.9482873014113158,0.0,0.9410000000000001,1.0,0.6938414721926855,0.7854042175547571,0.8769669629168287,0
2852,0.13630898943153524,0.0,0.8671378091872791,0.0075987841945288626,0.1875,0.2857142857142857,0.0,0.6666666666666666,0.024971811146552003,0.0,0.14224652540687177,0.9846615538512837,0.9628983140733027,0.0,0.9616666666666667,1.0,0.6841516513082952,0.8374628050917459,0.9907739588751965,0
2853,0.11064621106462114,0.0,0.0,0.0075987841945288626,0.15625,0.2857142857142857,0.0,0.6666666666666666,0.024149776627701458,0.0,0.08228977508820745,0.9616538846282094,0.9368148404966612,0.0,0.766,0.5,0.6048025928987038,0.7796322636952899,0.9544619344918762,0
2854,0.37446212948456226,0.3,0.9957597173144876,0.19354838709677424,0.34375,0.8571428571428571,0.0,0.6666666666666666,0.34287027815584104,0.0,0.47662785966042487,0.9996665555185061,0.9959538182995992,0.0,1.0,1.0,0.8386913931715569,0.8598449505860892,0.8809985080006216,0
2855,0.37446212948456226,0.3,0.9957597173144876,0.19354838709677424,0.34375,0.8571428571428571,0.0,0.6666666666666666,0.3641958105540908,0.0,0.473034981698626,0.9996665555185061,0.9964852272245751,0.0,0.9996666666666667,1.0,0.8430228795543311,0.8606065592415788,0.8781902389288265,0
2856,0.8837789310345882,0.9,0.9992932862190813,0.8964851293935883,0.5,1.0,0.0,0.6666666666666666,0.9169201001867642,1.0,0.7446811102717974,1.0,0.9986880585848563,0.005,1.0,1.0,0.950599874040489,0.9590950381319614,0.967590202223434,0
2857,0.07131086898036054,0.0,0.9816254416961131,0.14084507042253525,0.1875,0.2857142857142857,0.0,0.6666666666666666,0.025726940446209157,0.0,0.14093312075431874,0.9923307769256419,0.9380251318906179,0.0,0.94,1.0,0.6896671743411672,0.776880651732643,0.8640941291241186,0
2858,0.8064556253813717,0.8,0.9978798586572438,0.4782608695652174,0.34375,0.7142857142857143,0.0,0.6666666666666666,0.4679636301106809,1.0,0.6542030305719366,1.0,0.9902501919402336,0.0,1.0,1.0,0.7260960633602138,0.7977173714524237,0.8693386795446335,0
2859,0.07131086898036054,0.0,0.9519434628975265,0.0075987841945288626,0.1875,0.2857142857142857,0.0,0.6666666666666666,0.024393596153187813,0.0,0.10834674218333318,0.952650883627876,0.9179797042953723,0.0,0.873,1.0,0.705481831286871,0.7453961992196398,0.7853105671524085,0
2860,0.062382297551789145,0.0,0.0,0.0075987841945288626,0.15625,0.2857142857142857,0.0,0.6666666666666666,0.024149002330308367,0.0,0.033471159472327705,0.9179726575525176,0.9049445003500834,0.0,0.7823333333333333,0.5,0.5908637723829008,0.7473331679131081,0.9038025634433153,0
2861,0.15217391304347827,0.1,0.9964664310954063,0.14084507042253525,0.1875,0.2857142857142857,0.0,0.6666666666666666,0.028881021994027534,0.0,0.2664770189618191,0.9973324441480493,0.960126733175219,0.0,0.994,1.0,0.6839790439445559,0.7387760445952087,0.7935730452458615,0
2862,0.062382297551789145,0.0,0.0,0.0075987841945288626,0.15625,0.2857142857142857,0.0,0.6666666666666666,0.024148873889661804,0.0,0.01868977711755293,0.713571190396799,0.7670716315730046,0.0,0.849,0.5,0.5125389363234762,0.6425476961942461,0.772556456065016,0
2863,0.11064621106462114,0.0,0.0,0.0075987841945288626,0.15625,0.2857142857142857,0.0,0.6666666666666666,0.02414894817676927,0.0,0.03291500825403515,0.8772924308102701,0.8869292914528526,0.0,0.798,0.5,0.5875113299378222,0.6923862812520867,0.7972612325663512,0
2864,0.2703581207765309,0.1,0.9971731448763251,0.10169491525423724,0.3125,0.5714285714285714,0.0,0.6666666666666666,0.06739604592808845,0.0,0.08029010776042178,0.9976658886295432,0.9836366803284374,0.0,0.998,1.0,0.7498850073033031,0.7777758391344458,0.8056666709655884,0
2865,0.062382297551789145,0.0,0.0,0.0075987841945288626,0.15625,0.2857142857142857,0.0,0.6666666666666666,0.02415502278400883,0.0,0.031878264742390194,0.9039679893297766,0.8856795403353517,0.0,0.8613333333333333,0.5,0.646845143171939,0.7206195931355797,0.7943940430992203,0
2866,0.11064621106462114,0.0,0.0,0.0075987841945288626,0.15625,0.2857142857142857,0.0,0.6666666666666666,0.024173434991341725,0.0,0.0650443982530382,0.9283094364788262,0.9192353906537648,0.0,0.857,0.5,0.6362114331005916,0.7733683477374415,0.9105252623742913,0
2867,0.062382297551789145,0.0,0.0,0.0075987841945288626,0.15625,0.2857142857142857,0.0,0.6666666666666666,0.02414887389660547,0.0,0.0401821146312793,0.7932644214738246,0.7566750661550766,0.0,0.9146666666666666,0.0,0.5710805120920142,0.6110230491363056,0.6509655861805969,0
2868,0.5375972692656793,0.5,0.9971731448763251,0.5964912280701755,0.53125,0.8571428571428571,0.0,0.6666666666666666,0.5464847240252781,0.3333333333333333,0.2753877816512854,0.9996665555185061,0.994434601209791,0.0003333333333333333,0.9996666666666667,1.0,0.8288599080976335,0.9051541504223146,0.9814483927469958,0
2869,0.0,0.0,0.8671378091872791,0.0075987841945288626,0.1875,0.2857142857142857,0.0,0.6666666666666666,0.024148904189660203,0.0,0.08633163214158379,0.9056352117372457,0.8009918965348244,0.0,0.954,0.5,0.5755536945608247,0.627155671943364,0.6787576493259032,0
2870,0.0,0.0,0.0,0.0075987841945288626,0.15625,0.2857142857142857,0.0,0.6666666666666666,0.0241488738896124,0.0,0.008689139955877057,0.6768922974324775,0.7156158853100476,0.0,0.883,0.5,0.4690211188260653,0.6095425066793922,0.7500638945327192,0
2871,0.11064621106462114,0.0,0.0,0.0075987841945288626,0.15625,0.2857142857142857,0.0,0.6666666666666666,0.02414980571485703,0.0,0.05973865397319378,0.940646882294098,0.9209957367834296,0.0,0.742,0.5,0.6040117230907102,0.7918663334573176,0.979720943823925,0
2872,0.11064621106462114,0.0,0.0,0.0075987841945288626,0.15625,0.2857142857142857,0.0,0.6666666666666666,0.024155426850661077,0.0,0.07357812415256082,0.9349783261087029,0.9208805931971328,0.0,0.8483333333333334,0.5,0.6216541826006875,0.7921555964342999,0.9626570102679122,0
2873,0.19059750976591983,0.0,0.9519434628975265,0.0075987841945288626,0.1875,0.2857142857142857,0.0,0.6666666666666666,0.024627443228713797,0.0,0.07137806678385161,0.9719906635545181,0.9429271234019918,0.0,0.8723333333333333,1.0,0.7051425902456588,0.7220283112767296,0.7389140323078003,0
2874,0.11064621106462114,0.0,0.0,0.0075987841945288626,0.15625,0.2857142857142857,0.0,0.6666666666666666,0.02416336620735937,0.0,0.05313978933416663,0.9233077692564188,0.9156784234899269,0.0,0.7823333333333333,0.5,0.633740054444919,0.7375517411006611,0.8413634277564034,0
2875,0.062382297551789145,0.0,0.0,0.0075987841945288626,0.15625,0.2857142857142857,0.0,0.6666666666666666,0.024153339771971094,0.0,0.08699928205739704,0.8922974324774925,0.8613984010701642,0.0,0.8856666666666667,0.5,0.6651965366067261,0.6995438299014642,0.7338911231962024,0
2876,0.7367959872143972,0.9,0.9992932862190813,0.5964912280701755,0.46875,0.8571428571428571,0.0,0.6666666666666666,0.8300919345977615,1.0,0.9186497989235071,1.0,0.9992320950501472,0.0026666666666666666,1.0,1.0,0.875815929702797,0.8979192012651876,0.9200224728275783,0
2877,0.8007724317400066,0.8,1.0,0.8964851293935883,0.5,1.0,0.0,0.6666666666666666,0.8555944715560965,0.5,0.7211537602194324,1.0,0.9970848631273681,0.002,1.0,1.0,0.8043121365372744,0.8684433931445453,0.9325746497518163,0
2878,0.11064621106462114,0.0,0.0,0.0075987841945288626,0.15625,0.2857142857142857,0.0,0.6666666666666666,0.02419691548170455,0.0,0.10080300953928079,0.9549849949983328,0.9356629196052579,0.0,0.829,0.5,0.6464211226812878,0.7532358921997315,0.8600506617181752,0
2879,0.12686642453591612,0.0,0.9830388692579506,0.14084507042253525,0.1875,0.2857142857142857,0.0,0.6666666666666666,0.040156213546322705,0.0,0.3533127372886734,0.9956652217405801,0.9601792346558353,0.0,0.9536666666666667,1.0,0.7379367824345425,0.8077320770463,0.8775273716580575,0
2880,0.11064621106462114,0.0,0.8671378091872791,0.0075987841945288626,0.1875,0.2857142857142857,0.0,0.6666666666666666,0.024164842701802747,0.0,0.11063949309599597,0.9399799933311104,0.9028482859829543,0.0,0.889,1.0,0.674972912253808,0.6801766654630891,0.6853804186723702,0
2881,0.11064621106462114,0.0,0.0,0.0075987841945288626,0.15625,0.2857142857142857,0.0,0.6666666666666666,0.024299422385922753,0.0,0.08874547503447638,0.9693231077025675,0.9484312309807753,0.0,0.8723333333333333,0.5,0.659095209784684,0.7787276224626591,0.8983600351406342,0
2882,0.11064621106462114,0.0,0.0,0.0075987841945288626,0.15625,0.2857142857142857,0.0,0.6666666666666666,0.02414901562835503,0.0,0.030432614797313295,0.8746248749583194,0.8877343652127717,0.0,0.7096666666666667,0.5,0.5863654931504727,0.7638722287619288,0.941378964373385,0
2883,0.11064621106462114,0.0,0.0,0.0075987841945288626,0.15625,0.2857142857142857,0.0,0.6666666666666666,0.02415305317487848,0.0,0.043871190210357125,0.9366455485161721,0.9226781339599588,0.0,0.8,0.5,0.6244506350592136,0.7130473344235984,0.8016440337879831,0
2884,0.062382297551789145,0.0,0.0,0.0075987841945288626,0.15625,0.2857142857142857,0.0,0.6666666666666666,0.024148882741715005,0.0,0.05107588959291676,0.8306102034011337,0.852855747964546,0.0,0.8193333333333334,0.5,0.576611121793682,0.7052995336028979,0.8339879454121137,0
2885,0.0,0.0,0.0,0.0075987841945288626,0.15625,0.2857142857142857,0.0,0.6666666666666666,0.0241488738896124,0.0,0.020760784583442438,0.6825608536178727,0.6437605104716444,0.0,0.9466666666666667,0.0,0.41001246854276024,0.5150897134474328,0.6201669583521053,0
2886,0.610513935932346,0.6,0.9964664310954063,0.5964912280701755,0.59375,0.8571428571428571,0.0,0.6666666666666666,0.6255147343168816,1.0,0.5703627213516042,1.0,0.9956052839323124,0.0003333333333333333,1.0,1.0,0.8346351470309696,0.9136721522608184,0.9927091574906673,0
2887,0.70586650003491,0.5,0.9992932862190813,0.8964851293935883,0.625,1.0,0.0,0.6666666666666666,0.8808981762189435,1.0,0.6587651496040794,1.0,0.9979689123118406,0.0003333333333333333,1.0,1.0,0.9347103015433743,0.944527167735311,0.9543440339272476,0
2888,0.11064621106462114,0.0,0.8671378091872791,0.0075987841945288626,0.1875,0.2857142857142857,0.0,0.6666666666666666,0.024223046151447658,0.0,0.09107298257871965,0.9596532177392464,0.9253352203405624,0.0,0.888,1.0,0.6933991988601407,0.6948561119221806,0.6963130249842205,0
2889,0.11064621106462114,0.0,0.8671378091872791,0.0075987841945288626,0.1875,0.2857142857142857,0.0,0.6666666666666666,0.024149806776850746,0.0,0.07979980061082548,0.9133044348116038,0.8460458250314512,0.0,0.9296666666666666,0.5,0.6216132072547975,0.650121048696656,0.6786288901385145,0
2890,0.19059750976591983,0.0,0.9469964664310954,0.0075987841945288626,0.15625,0.2857142857142857,0.0,0.6666666666666666,0.02619287565723505,0.0,0.0630136890162476,0.9836612204068023,0.9584997881900743,0.0,0.9353333333333333,1.0,0.7259959002222777,0.7413879414863203,0.7567799827503628,0
2891,0.0,0.0,0.0,0.0075987841945288626,0.15625,0.2857142857142857,0.0,0.6666666666666666,0.02414887517438502,0.0,0.0433162656313677,0.8206068689563187,0.8133560086155809,0.0,0.895,0.0,0.5866383512047231,0.6202036291171265,0.6537689070295298,0
2892,0.0,0.0,0.0,0.0075987841945288626,0.15625,0.2857142857142857,0.0,0.6666666666666666,0.0241488738896124,0.0,0.04071070563248613,0.7742580860286762,0.7607347307207344,0.0,0.8593333333333333,0.5,0.4416452857484558,0.6894724253847853,0.9372995650211147,0
2893,0.20946212948456222,0.0,0.9484098939929329,0.0075987841945288626,0.25,0.2857142857142857,0.0,0.6666666666666666,0.029515673810825538,0.0,0.06488519953524274,0.9936645548516172,0.9718640151295722,0.0,0.9856666666666667,1.0,0.7294855171710054,0.814754765193123,0.9000240132152405,0
2894,0.0,0.0,0.0,0.0075987841945288626,0.15625,0.2857142857142857,0.0,0.6666666666666666,0.0241488738896124,0.0,0.024189267075744758,0.705568522840947,0.7609721908653084,0.0,0.8176666666666667,0.5,0.47366853814342486,0.7227319400248798,0.9717953419063348,0
2895,0.1373542855987826,0.0,0.8671378091872791,0.0075987841945288626,0.1875,0.2857142857142857,0.0,0.6666666666666666,0.02481804550930866,0.0,0.16549997867890276,0.9929976658886296,0.9724901627221864,0.0,0.9233333333333333,1.0,0.6798538018341679,0.8075197134896612,0.9351856251451545,0
2896,0.19059750976591983,0.0,0.9469964664310954,0.0075987841945288626,0.15625,0.2857142857142857,0.0,0.6666666666666666,0.028854340888261887,0.0,0.25820397956714214,0.9949983327775925,0.9759515845381542,0.0,0.948,1.0,0.7459953995682909,0.7495679126389063,0.7531404257095219,0
2897,0.250863602368969,0.1,0.9802120141342756,0.0075987841945288626,0.28125,0.2857142857142857,0.0,0.6666666666666666,0.08923738771534295,0.0,0.08935630533098737,0.9969989996665555,0.982041447044426,0.0,0.9983333333333333,1.0,0.7666029491117916,0.8798853578634809,0.99316776661517,0
2898,0.1373542855987826,0.1,0.8671378091872791,0.0075987841945288626,0.1875,0.2857142857142857,0.0,0.6666666666666666,0.024885804992676563,0.0,0.1134300275297434,0.9983327775925308,0.984228892153023,0.0,0.925,1.0,0.6814082629775273,0.8164452711085591,0.951482279239591,0
2899,0.4173961471750224,0.7,0.9985865724381625,0.7424749163879598,0.40625,1.0,0.0,0.6666666666666666,0.6325082127666614,0.3333333333333333,0.23503306902107413,0.9993331110370124,0.9923352216487443,0.0003333333333333333,0.9993333333333333,1.0,0.7611584720383013,0.8393594068727811,0.9175603417072609,0
2900,0.0,0.0,0.0,0.0075987841945288626,0.15625,0.2857142857142857,0.0,0.6666666666666666,0.0241488739667578,0.0,0.03418614895807914,0.7595865288429476,0.8283577997196274,0.0,0.7623333333333333,0.5,0.5382775977866683,0.6838233663722058,0.8293691349577432,0
2901,0.3266345220766619,0.0,0.976678445229682,0.07936507936507942,0.1875,0.7142857142857143,0.0,0.6666666666666666,0.025403408728924437,0.0,0.2217582600395025,0.9926642214071357,0.9213936858572501,0.0,0.9963333333333333,0.5,0.6241447588716439,0.7999158972211791,0.9756870355707142,0
2902,0.09631086898036045,0.0,0.9830388692579506,0.14084507042253525,0.1875,0.2857142857142857,0.0,0.6666666666666666,0.09101391036057593,0.0,0.06223209244059569,0.9966655551850617,0.9778719505546747,0.0,0.997,1.0,0.7601144199236656,0.8352043985123375,0.9102943771010095,0
2903,0.062382297551789145,0.0,0.0,0.0075987841945288626,0.15625,0.2857142857142857,0.0,0.6666666666666666,0.02418454279309079,0.0,0.07181155763286073,0.9579859953317773,0.931553074233162,0.0,0.845,0.5,0.6557261107384215,0.7542985298999334,0.8528709490614452,0
2904,0.11064621106462114,0.0,0.9519434628975265,0.0075987841945288626,0.1875,0.2857142857142857,0.0,0.6666666666666666,0.024167122437508293,0.0,0.08317686161817384,0.9419806602200733,0.8833145946546692,0.0,0.9293333333333333,0.5,0.6363710033965384,0.6759621295106071,0.7155532556246759,0
2905,0.7524317803739201,0.8,0.9985865724381625,0.4782608695652174,0.28125,0.7142857142857143,0.0,0.6666666666666666,0.6034737012147715,1.0,0.821724199361747,1.0,0.9978651367912784,0.0013333333333333333,1.0,1.0,0.7553726778462877,0.7841220368725987,0.8128713958989097,0
2906,0.062382297551789145,0.0,0.0,0.0075987841945288626,0.15625,0.2857142857142857,0.0,0.6666666666666666,0.02414887388993381,0.0,0.05790155126522045,0.7832610870290097,0.8180846795556976,0.0,0.798,0.5,0.5118571811153042,0.6992013164663251,0.886545451817346,0
2907,0.0,0.0,0.9674911660777386,0.19696969696969702,0.125,0.42857142857142855,0.0,0.6666666666666666,0.024858742214154073,0.0,0.1896833194478048,0.9936645548516172,0.9333170474716095,0.0,0.968,0.5,0.6085961628406075,0.7627204318443255,0.9168447008480436,0
2908,0.062382297551789145,0.0,0.0,0.0075987841945288626,0.15625,0.2857142857142857,0.0,0.6666666666666666,0.02414887688958056,0.0,0.05384323713458683,0.8896298766255418,0.8858465283156056,0.0,0.7693333333333333,0.5,0.5614107988953277,0.7418062367872433,0.9222016746791589,0
2909,0.548375172962823,0.8,0.9992932862190813,0.8964851293935883,0.40625,1.0,0.0,0.6666666666666666,0.7073711792350755,0.5,0.33656686350529874,0.9996665555185061,0.993415158999062,0.0003333333333333333,0.9996666666666667,1.0,0.8640567818952058,0.8888490003416645,0.9136412187881231,0
2910,0.0,0.0,0.0,0.0075987841945288626,0.15625,0.2857142857142857,0.0,0.6666666666666666,0.0241488738896124,0.0,0.06418748639630933,0.6858952984328109,0.695639592711445,0.0,0.9066666666666666,0.5,0.4268300118084367,0.5674511681689529,0.708072324529469,0
2911,0.11064621106462114,0.0,0.0,0.0075987841945288626,0.15625,0.2857142857142857,0.0,0.6666666666666666,0.024149027038426585,0.0,0.038183555029647875,0.8669556518839613,0.8813787026748539,0.0,0.714,0.5,0.5873618248776864,0.7840709167417459,0.9807800086058054,0
2912,0.0,0.0,0.0,0.0075987841945288626,0.15625,0.2857142857142857,0.0,0.6666666666666666,0.024148873965599726,0.0,0.053459821849619615,0.8232744248082694,0.7653406004787698,0.0,0.9306666666666666,0.0,0.5871008285413047,0.5926966256979518,0.5982924228545988,0
2913,0.0,0.0,0.0,0.0075987841945288626,0.15625,0.2857142857142857,0.0,0.6666666666666666,0.0241488738896124,0.0,0.02247757064864908,0.7025675225075025,0.7216630117861262,0.0,0.9003333333333333,0.5,0.46023438426829166,0.5667720021988891,0.6733096201294867,0
2914,0.11064621106462114,0.0,0.0,0.0075987841945288626,0.15625,0.2857142857142857,0.0,0.6666666666666666,0.024148948054284025,0.0,0.05425423480084168,0.8599533177725909,0.8802556431114275,0.0,0.7136666666666667,0.5,0.5812047985209432,0.7590756860237555,0.9369465735265677,0
2915,0.07131086898036054,0.0,0.8671378091872791,0.0075987841945288626,0.1875,0.2857142857142857,0.0,0.6666666666666666,0.024149746958233798,0.0,0.027009138378783604,0.9156385461820606,0.8410230548524644,0.0,0.924,0.5,0.6637518404670267,0.676068382564464,0.6883849246619014,0
2916,0.8394464827828878,1.0,1.0,0.8964851293935883,0.65625,1.0,0.0,0.6666666666666666,0.8710742810933421,1.0,0.7458497833442213,1.0,0.9936327387342506,0.003,1.0,1.0,0.7867740374807404,0.8617978572060203,0.9368216769313001,0
2917,0.29204730996572004,0.2,0.9985865724381625,0.10169491525423724,0.3125,0.5714285714285714,0.0,0.6666666666666666,0.03392354975214429,0.5,0.5198946047951023,1.0,0.9901207817286596,0.0003333333333333333,0.9956666666666667,1.0,0.6943719118660501,0.7551632293654034,0.8159545468647565,0
2918,0.45489614717502236,0.6,0.9992932862190813,0.19696969696969702,0.34375,0.42857142857142855,0.0,0.6666666666666666,0.49227427771765064,0.6666666666666666,0.661526287852483,1.0,0.9983106219349374,0.001,0.9993333333333333,1.0,0.7305046527294988,0.8404863584924943,0.9504680642554898,0
2919,0.11064621106462114,0.0,0.9469964664310954,0.0075987841945288626,0.15625,0.2857142857142857,0.0,0.6666666666666666,0.025175670629965063,0.0,0.0908319768446243,0.9866622207402468,0.9555866068356865,0.0,0.9176666666666666,1.0,0.6764130833023938,0.7211800825039878,0.7659470817055817,0
2920,0.11064621106462114,0.0,0.9816254416961131,0.10169491525423724,0.21875,0.5714285714285714,0.0,0.6666666666666666,0.025237988178010706,0.0,0.09016338236148969,0.9886628876292097,0.9538590401158575,0.0,0.926,0.5,0.6647057719388549,0.7234761958561987,0.7822466197735425,0
2921,0.5030335580559908,0.7,1.0,0.8964851293935883,0.4375,1.0,0.0,0.6666666666666666,0.7362146220326146,1.0,0.6550275240026262,1.0,0.9970375557809458,0.001,1.0,1.0,0.8866295210273808,0.8932867840451122,0.8999440470628435,0
2922,0.11064621106462114,0.0,0.0,0.0075987841945288626,0.15625,0.2857142857142857,0.0,0.6666666666666666,0.024159428370535863,0.0,0.048807825006568106,0.9489829943314438,0.9289411380170135,0.0,0.8206666666666667,0.5,0.6352373683041278,0.7163593147706029,0.797481261237078,0
2923,0.11064621106462114,0.0,0.9519434628975265,0.0075987841945288626,0.1875,0.2857142857142857,0.0,0.6666666666666666,0.02469130689043375,0.0,0.08778494329587361,0.9709903301100367,0.9403905299271947,0.0,0.8766666666666667,1.0,0.7110957729537154,0.7210369475777938,0.7309781222018721,0
2924,0.11064621106462114,0.0,0.0,0.0075987841945288626,0.15625,0.2857142857142857,0.0,0.6666666666666666,0.02414887431685231,0.0,0.028656407264884498,0.7902634211403801,0.8394482175386273,0.0,0.7256666666666667,0.5,0.5460678813751211,0.7634648552397221,0.9808618291043231,0
2925,0.062382297551789145,0.0,0.9802120141342756,0.0075987841945288626,0.21875,0.2857142857142857,0.0,0.6666666666666666,0.024267269904510447,0.0,0.12408536088777533,0.9496498832944315,0.9076720460525298,0.0,0.8806666666666667,1.0,0.7043021102694045,0.7322969059110023,0.7602917015526,0
2926,0.1373542855987826,0.0,0.0,0.0075987841945288626,0.15625,0.2857142857142857,0.0,0.6666666666666666,0.0242681031632489,0.0,0.11094073580873143,0.9846615538512837,0.9595178341672463,0.0,0.908,0.5,0.6565743377311816,0.827793065966198,0.9990117942012143,0
2927,0.11064621106462114,0.0,0.0,0.0075987841945288626,0.15625,0.2857142857142857,0.0,0.6666666666666666,0.024148887318645174,0.0,0.007795449154357925,0.8099366455485162,0.8451630127187165,0.0,0.8466666666666667,0.5,0.5832005721503166,0.6581721595389668,0.733143746927617,0
2928,0.062382297551789145,0.0,0.0,0.0075987841945288626,0.15625,0.2857142857142857,0.0,0.6666666666666666,0.024148873893694245,0.0,0.021230121252671652,0.7349116372124042,0.7767237561796523,0.0,0.878,0.5,0.539125128635912,0.6438880725620217,0.7486510164881314,0
2929,0.5348336638235025,0.4,0.9992932862190813,0.39669421487603307,0.53125,0.5714285714285714,0.0,0.6666666666666666,0.45942687832932716,0.0,0.39664301262531565,0.9996665555185061,0.992347287802716,0.0,0.9993333333333333,1.0,0.8137414840482212,0.867444700258089,0.9211479164679567,0
2930,0.13553057739209573,0.2,0.9957597173144876,0.39669421487603307,0.3125,0.5714285714285714,0.0,0.6666666666666666,0.11611030157380053,0.0,0.21100607744929623,0.9976658886295432,0.980676338419885,0.0,0.9993333333333333,1.0,0.7718992802503628,0.8480551324687363,0.9242109846871098,0
2931,0.11064621106462114,0.0,0.0,0.0075987841945288626,0.15625,0.2857142857142857,0.0,0.6666666666666666,0.024148900407288454,0.0,0.014001210918177187,0.8292764254751583,0.8673193106460638,0.0,0.7816666666666667,0.5,0.5761540233603213,0.7064940222768026,0.836834021193284,0
2932,0.8685050162132378,0.9,0.9992932862190813,0.8964851293935883,0.84375,1.0,0.0,0.6666666666666666,0.9188412108097411,1.0,0.843984537135478,1.0,0.9988219260914711,0.001,1.0,1.0,0.8637879751998347,0.8913523341872065,0.9189166931745781,0
2933,0.5678196174072675,0.9,0.9992932862190813,0.679144385026738,0.3125,0.8571428571428571,0.0,0.6666666666666666,0.7350240554138678,1.0,0.7552750133188899,1.0,0.996702025671694,0.0026666666666666666,1.0,1.0,0.8327896191077497,0.9079790495063178,0.9831684799048859,0
2934,0.19059750976591983,0.0,0.9469964664310954,0.0075987841945288626,0.15625,0.2857142857142857,0.0,0.6666666666666666,0.02588539678403412,0.0,0.20630043445821356,0.9866622207402468,0.9607651927382589,0.0,0.8766666666666667,1.0,0.7321249499588559,0.734284650167866,0.7364443503768762,0
2935,0.0,0.0,0.0,0.0075987841945288626,0.15625,0.2857142857142857,0.0,0.6666666666666666,0.02414887433811419,0.0,0.0346132245843771,0.8209403134378126,0.7923700019604001,0.0,0.9113333333333333,0.0,0.5911059547845527,0.607647376736604,0.6241887986886552,0
2936,0.828130515295956,1.0,1.0,0.7424749163879598,0.59375,1.0,0.0,0.6666666666666666,0.8837397655366194,1.0,0.6755913855680282,1.0,0.9958003597024794,0.0033333333333333335,1.0,1.0,0.8028588858466521,0.8963542969571368,0.9898497080676214,0
2937,0.4494621294845622,0.7,0.9992932862190813,0.8964851293935883,0.5,1.0,0.0,0.6666666666666666,0.5866655574610802,0.3333333333333333,0.47094272115808433,0.9996665555185061,0.9934908136338865,0.0003333333333333333,0.9996666666666667,1.0,0.8683568926946723,0.8751262452205714,0.8818955977464704,0
2938,0.5515003304901691,0.7,0.9985865724381625,0.5964912280701755,0.625,0.8571428571428571,0.0,0.6666666666666666,0.5802538157473314,1.0,0.5234360105778286,1.0,0.9948981562628677,0.0003333333333333333,1.0,1.0,0.8274027408972429,0.8663032009476118,0.9052036609979808,0
2939,0.11064621106462114,0.0,0.0,0.0075987841945288626,0.15625,0.2857142857142857,0.0,0.6666666666666666,0.0241506994521703,0.0,0.027827259948857597,0.9686562187395799,0.9434820381994707,0.0,0.7656666666666667,0.5,0.6114813209563066,0.7828427356946641,0.9542041504330215,0
2940,0.6766345220766619,0.7,0.9978798586572438,0.4782608695652174,0.34375,0.7142857142857143,0.0,0.6666666666666666,0.5529626743237046,1.0,0.6052446260601616,1.0,0.9932076992754544,0.0,1.0,1.0,0.7281921954130517,0.8231030885996019,0.9180139817861521,0
2941,0.062382297551789145,0.0,0.0,0.0075987841945288626,0.15625,0.2857142857142857,0.0,0.6666666666666666,0.02414887388988085,0.0,0.03955529781742917,0.7259086362120707,0.7867193815266784,0.0,0.8273333333333334,0.5,0.5161676016637126,0.6648274438311272,0.813487285998542,0
2942,0.34983806933418626,0.2,0.9802120141342756,0.0075987841945288626,0.28125,0.2857142857142857,0.0,0.6666666666666666,0.05117073283005136,0.0,0.33422743921298737,0.9986662220740247,0.9933559881887181,0.0,0.9973333333333333,1.0,0.7555786399177664,0.8491312705322929,0.9426839011468194,0
2943,0.0,0.0,0.0,0.0075987841945288626,0.15625,0.2857142857142857,0.0,0.6666666666666666,0.024148873889616063,0.0,0.00614244869180669,0.7079026342114039,0.7808030888489474,0.0,0.802,0.5,0.4905175680434745,0.6647196832546893,0.8389217984659042,0
2944,0.11064621106462114,0.0,0.9519434628975265,0.0075987841945288626,0.1875,0.2857142857142857,0.0,0.6666666666666666,0.02419039188873906,0.0,0.03973985408817404,0.9476492164054685,0.901819362372889,0.0,0.9036666666666666,0.5,0.6616158283890701,0.6844115924064478,0.7072073564238256,0
2945,0.062382297551789145,0.0,0.0,0.0075987841945288626,0.15625,0.2857142857142857,0.0,0.6666666666666666,0.02414888504938406,0.0,0.03437555165647732,0.8066022007335778,0.8180034346669075,0.0,0.8766666666666667,0.5,0.5964214888772078,0.6691748763100638,0.7419282637429198,0
2946,0.11064621106462114,0.0,0.8671378091872791,0.0075987841945288626,0.1875,0.2857142857142857,0.0,0.6666666666666666,0.024184650174050026,0.0,0.054968878948954636,0.9483161053684561,0.9066610438155889,0.0,0.8946666666666667,1.0,0.6757561999996037,0.6847906205902239,0.6938250411808441,0
2947,0.11064621106462114,0.0,0.9816254416961131,0.10169491525423724,0.21875,0.5714285714285714,0.0,0.6666666666666666,0.02653323412065367,0.0,0.29291721405507887,0.9953317772590864,0.9685620041675422,0.0,0.9323333333333333,1.0,0.6671534410078962,0.7360466201516462,0.8049397992953963,0
2948,0.11064621106462114,0.0,0.0,0.0075987841945288626,0.15625,0.2857142857142857,0.0,0.6666666666666666,0.0241504413865975,0.0,0.027176200902229386,0.9676558852950984,0.9421828175258888,0.0,0.766,0.5,0.6100222923368908,0.7820147708980577,0.9540072494592247,0
2949,0.07131086898036054,0.0,0.9696113074204947,0.020408163265306145,0.125,0.42857142857142855,0.0,0.6666666666666666,0.025150054405506217,0.0,0.03326886794750794,0.9826608869623208,0.9257116587192,0.0,0.9173333333333333,1.0,0.7219402649424134,0.7540724019873914,0.7862045390323694,0
2950,0.0,0.0,0.0,0.0075987841945288626,0.15625,0.2857142857142857,0.0,0.6666666666666666,0.024148874979372792,0.0,0.04182001103001476,0.8196065355118373,0.8160575340728896,0.0,0.894,0.0,0.5826786793292491,0.6217752777337258,0.6608718761382024,0
2951,0.4335185800476764,0.2,0.9957597173144876,0.4782608695652174,0.25,0.7142857142857143,0.0,0.6666666666666666,0.2374728123417189,0.5,0.46249066102005276,0.9996665555185061,0.992449583060461,0.0003333333333333333,0.9966666666666667,1.0,0.7265218426687671,0.8068097117318729,0.8870975807949786,0
2952,0.0,0.0,0.0,0.0075987841945288626,0.15625,0.2857142857142857,0.0,0.6666666666666666,0.024148874518469143,0.0,0.024727807754490683,0.8136045348449483,0.827412298649349,0.0,0.8653333333333333,0.5,0.5701510444355087,0.6292527947455666,0.6883545450556244,0
2953,0.0,0.0,0.9674911660777386,0.19696969696969702,0.125,0.42857142857142855,0.0,0.6666666666666666,0.02445189159402239,0.0,0.1594401773539591,0.9906635545181727,0.918118376131685,0.0,0.9693333333333334,0.5,0.5991498963956764,0.750563164437376,0.9019764324790758,0
2954,0.0,0.0,0.0,0.0075987841945288626,0.15625,0.2857142857142857,0.0,0.6666666666666666,0.0241488738896124,0.0,0.013110130497146155,0.6998999666555519,0.7061888256240315,0.0,0.9033333333333333,0.5,0.438012948684493,0.5609234898558557,0.6838340310272185,0
2955,0.19518245185086192,0.0,0.9802120141342756,0.0075987841945288626,0.21875,0.2857142857142857,0.0,0.6666666666666666,0.024940714514646967,0.0,0.12290686429655806,0.9909969989996665,0.9689935042427618,0.0,0.9186666666666666,1.0,0.6990732037991382,0.7409443621332825,0.7828155204674268,0
2956,0.13630898943153524,0.0,0.9802120141342756,0.0075987841945288626,0.28125,0.2857142857142857,0.0,0.6666666666666666,0.03460544339308991,0.0,0.17588169639225726,0.9899966655551851,0.9618191355412349,0.0,0.9946666666666667,1.0,0.731909707360924,0.853778288550167,0.9756468697394102,0
2957,0.0,0.0,0.9674911660777386,0.19696969696969702,0.125,0.42857142857142855,0.0,0.6666666666666666,0.02414887645992625,0.0,0.3389047066591906,0.9956652217405801,0.8293224750318768,0.0,0.9983333333333333,0.5,0.49782341597843877,0.6393844911544294,0.78094556633042,0
2958,0.0,0.0,0.0,0.0075987841945288626,0.15625,0.2857142857142857,0.0,0.6666666666666666,0.024148881730423843,0.0,0.04182297249963651,0.839946648882961,0.8363640611636032,0.0,0.887,0.5,0.5935743859607713,0.634866955769442,0.6761595255781127,0
2959,0.4077954628178956,0.3,0.9696113074204947,0.020408163265306145,0.125,0.42857142857142855,0.0,0.6666666666666666,0.132190518480091,0.0,0.3758714097034115,0.9983327775925308,0.9893830084831045,0.0,0.9983333333333333,1.0,0.8060230151797391,0.8416700992126371,0.8773171832455352,0
2960,0.21274563318777295,0.0,0.976678445229682,0.07936507936507942,0.1875,0.7142857142857143,0.0,0.6666666666666666,0.02414887429796797,0.0,0.1780296533775082,0.9913304434811604,0.8220211246547946,0.0,0.9973333333333333,0.5,0.5060746293521985,0.6981111288102426,0.8901476282682866,0
2961,0.062382297551789145,0.0,0.9802120141342756,0.0075987841945288626,0.21875,0.2857142857142857,0.0,0.6666666666666666,0.024186975707170766,0.0,0.061730942162849134,0.9286428809603201,0.882744517296942,0.0,0.892,1.0,0.7003722504477083,0.7160235420423222,0.7316748336369362,0
2962,0.13553057739209573,0.1,0.9802120141342756,0.0075987841945288626,0.21875,0.2857142857142857,0.0,0.6666666666666666,0.026902929521561703,0.0,0.2876963423594374,0.9976658886295432,0.9853365634196677,0.0,0.9693333333333334,1.0,0.704028667004602,0.8025349425289166,0.9010412180532312,0
2963,0.062382297551789145,0.0,0.0,0.0075987841945288626,0.15625,0.2857142857142857,0.0,0.6666666666666666,0.024148890649164256,0.0,0.04008086007130007,0.8266088696232077,0.794337180100939,0.0,0.9046666666666666,0.5,0.625322901925271,0.6522656277421854,0.6792083535590999,0
2964,0.11064621106462114,0.0,0.0,0.0075987841945288626,0.15625,0.2857142857142857,0.0,0.6666666666666666,0.02414892913593214,0.0,0.02625471946308644,0.9286428809603201,0.9114738694464831,0.0,0.7536666666666667,0.5,0.580961967866348,0.7690944386633811,0.9572269094604142,0
2965,0.11064621106462114,0.0,0.0,0.0075987841945288626,0.15625,0.2857142857142857,0.0,0.6666666666666666,0.024149767995554572,0.0,0.04420028042704016,0.8986328776258753,0.8712503997543959,0.0,0.8883333333333333,0.5,0.6411641234134281,0.6586705987622974,0.6761770741111666,0
2966,0.4218855929493329,0.2,0.9830388692579506,0.14084507042253525,0.1875,0.2857142857142857,0.0,0.6666666666666666,0.1495325442968094,0.0,0.11367259887375192,0.9989996665555185,0.9835320321820903,0.0,0.999,1.0,0.7498165766885725,0.8647777039589546,0.9797388312293367,0
2967,0.11064621106462114,0.0,0.0,0.0075987841945288626,0.15625,0.2857142857142857,0.0,0.6666666666666666,0.024153473191854458,0.0,0.05991622725382817,0.9233077692564188,0.8896031436168397,0.0,0.886,0.5,0.6583278020780449,0.6708783388416697,0.6834288756052945,0
2968,0.19518245185086192,0.0,0.9469964664310954,0.0075987841945288626,0.15625,0.2857142857142857,0.0,0.6666666666666666,0.02630393695505806,0.0,0.13042661409647405,0.9913304434811604,0.9723573108596311,0.0,0.928,1.0,0.7203111244748034,0.7474835306682425,0.7746559368616815,0
2969,0.07131086898036054,0.0,0.9484098939929329,0.0075987841945288626,0.25,0.2857142857142857,0.0,0.6666666666666666,0.02696450273726536,0.0,0.197338221233478,0.9866622207402468,0.951914042612924,0.0,0.879,1.0,0.7553530215331482,0.7732053981722651,0.7910577748113818,0
2970,0.6851060105244206,0.8,1.0,0.8964851293935883,0.4375,1.0,0.0,0.6666666666666666,0.8281826908984018,1.0,0.6386443336860135,1.0,0.9976474778397134,0.0006666666666666666,1.0,1.0,0.8389900538704913,0.8690854191355984,0.8991807844007056,0
2971,0.13947068771518478,0.0,0.8671378091872791,0.0075987841945288626,0.1875,0.2857142857142857,0.0,0.6666666666666666,0.025057909786417865,0.0,0.08276762316755748,0.9853284428142715,0.9630020132271098,0.0,0.9483333333333334,1.0,0.6850575287251743,0.7973926765183702,0.9097278243115661,0
2972,0.8912028651300082,1.0,1.0,0.8964851293935883,0.625,1.0,0.0,0.6666666666666666,0.9140870565480078,1.0,0.9357187714449517,1.0,0.999445087703484,0.007666666666666666,1.0,1.0,0.9832905853229705,0.9848530569945547,0.9864155286661389,0
2973,0.11064621106462114,0.0,0.0,0.0075987841945288626,0.15625,0.2857142857142857,0.0,0.6666666666666666,0.024151988719847806,0.0,0.05211775712768807,0.9173057685895298,0.9149776022525506,0.0,0.7636666666666667,0.5,0.6154699784643695,0.7432873334532692,0.8711046884421692,0
2974,0.0,0.0,0.0,0.0075987841945288626,0.15625,0.2857142857142857,0.0,0.6666666666666666,0.0241488738896124,0.0,0.013549984565473516,0.6898966322107369,0.6436304816152545,0.0,0.95,0.0,0.3885475197859218,0.5246592674091005,0.6607710150322792,0
2975,0.39115967907808913,0.4,1.0,0.39669421487603307,0.46875,0.5714285714285714,0.0,0.6666666666666666,0.29683161256299084,1.0,0.6911037460037266,1.0,0.9964630349621144,0.0003333333333333333,1.0,1.0,0.808722424864272,0.8269740290577465,0.8452256332512209,0
2976,0.0,0.0,0.0,0.0075987841945288626,0.15625,0.2857142857142857,0.0,0.6666666666666666,0.0241488738896124,0.0,0.012540336813510189,0.6972324108036012,0.7039415547497592,0.0,0.8963333333333333,0.5,0.41868648284050264,0.5962448801598071,0.7738032774791116,0
2977,0.07131086898036054,0.0,0.9879858657243816,0.0075987841945288626,0.28125,0.2857142857142857,0.0,0.6666666666666666,0.024234746461492707,0.0,0.12187008896641616,0.9576525508502834,0.8786717089526925,0.0,0.9283333333333333,1.0,0.6831800337732896,0.7233360842326353,0.7634921346919811,0
2978,0.5765003304901691,0.7,1.0,0.5964912280701755,0.78125,0.8571428571428571,0.0,0.6666666666666666,0.6772848167617843,1.0,0.5999456926291111,1.0,0.9979060318336583,0.001,1.0,1.0,0.8400957279154093,0.8726127900619679,0.9051298522085265,0
2979,0.15217391304347827,0.0,0.9752650176678446,0.14084507042253525,0.15625,0.2857142857142857,0.0,0.6666666666666666,0.024159779377523782,0.0,0.16700969614171612,0.9873291097032344,0.858828013284651,0.0,0.9963333333333333,0.5,0.6484549286876643,0.6621724817758263,0.6758900348639885,0
2980,0.747212653881064,0.9,0.9992932862190813,0.5964912280701755,0.46875,0.8571428571428571,0.0,0.6666666666666666,0.8242197761446979,1.0,0.6650655387052073,1.0,0.9957294713918392,0.0026666666666666666,1.0,1.0,0.8746603313580222,0.8908677513199285,0.9070751712818347,0
2981,0.11064621106462114,0.0,0.0,0.0075987841945288626,0.15625,0.2857142857142857,0.0,0.6666666666666666,0.0241489544779383,0.0,0.07780137258331354,0.8629543181060353,0.8618778588261341,0.0,0.86,0.5,0.6060769032079739,0.6541193207933178,0.7021617383786616,0
2982,0.062382297551789145,0.0,0.0,0.0075987841945288626,0.15625,0.2857142857142857,0.0,0.6666666666666666,0.024163418120020097,0.0,0.06791820416220795,0.9546515505168389,0.9272080179486725,0.0,0.844,0.5,0.6426889196772149,0.7528134969105237,0.8629380741438325,0
2983,0.455976502040242,0.3,0.9964664310954063,0.4782608695652174,0.34375,0.7142857142857143,0.0,0.6666666666666666,0.12837678211949477,0.3333333333333333,0.15195571509248285,0.9983327775925308,0.9849748202019928,0.0,0.998,1.0,0.7412032293543558,0.781369778072428,0.8215363267905001,0
2984,0.11064621106462114,0.0,0.8671378091872791,0.0075987841945288626,0.1875,0.2857142857142857,0.0,0.6666666666666666,0.02421905102358901,0.0,0.01676544323675777,0.9356452150716905,0.9091821052284217,0.0,0.876,1.0,0.6809302691020432,0.7002184651080747,0.7195066611141061,0
2985,0.11064621106462114,0.0,0.0,0.0075987841945288626,0.15625,0.2857142857142857,0.0,0.6666666666666666,0.02416898766115938,0.0,0.07589777585998214,0.944648216072024,0.9271283888010031,0.0,0.8633333333333333,0.5,0.6339950348885814,0.8034441400547265,0.9728932452208716,0
2986,0.5030335580559908,0.5,0.9992932862190813,0.5964912280701755,0.40625,0.8571428571428571,0.0,0.6666666666666666,0.5975598588034166,1.0,0.8590140240333322,1.0,0.9989913308521964,0.0006666666666666666,1.0,1.0,0.8638452047583515,0.8802780556406706,0.8967109065229898,0
2987,0.5030335580559908,0.8,1.0,0.5964912280701755,0.4375,0.8571428571428571,0.0,0.6666666666666666,0.6350090645587236,1.0,0.775641396803359,1.0,0.996325192296409,0.001,1.0,1.0,0.8762806247165659,0.881634818202591,0.8869890116886162,0
2988,0.062382297551789145,0.0,0.0,0.0075987841945288626,0.15625,0.2857142857142857,0.0,0.6666666666666666,0.024148874121331487,0.0,0.015353844381426951,0.8516172057352451,0.8630010965700532,0.0,0.7826666666666666,0.5,0.5457584409342852,0.726896782584915,0.9080351242355448,0
2989,0.13553057739209573,0.2,0.9936395759717315,0.0075987841945288626,0.4375,0.2857142857142857,0.0,0.6666666666666666,0.036742455937885166,0.0,0.28543537973440936,0.9979993331110371,0.9824431513116194,0.0,0.9966666666666667,1.0,0.7316444805637288,0.83687252216296,0.9421005637621914,0
2990,0.5688472692656793,0.7,0.9971731448763251,0.39669421487603307,0.5,0.5714285714285714,0.0,0.6666666666666666,0.4299511330459478,1.0,0.5069233745745837,1.0,0.997718556283346,0.0,1.0,1.0,0.8151160756599868,0.9036558311257057,0.9921955865914247,0
2991,0.5765003304901691,0.5,0.9837455830388693,0.0075987841945288626,0.40625,0.2857142857142857,0.0,0.6666666666666666,0.07873181548855068,0.3333333333333333,0.2952221566232369,0.9989996665555185,0.988705939502011,0.0003333333333333333,0.998,1.0,0.7626267501362132,0.8284835440321525,0.894340337928092,0
2992,0.1373542855987826,0.0,0.8671378091872791,0.0075987841945288626,0.1875,0.2857142857142857,0.0,0.6666666666666666,0.02456541032171533,0.0,0.1655508051445176,0.9876625541847283,0.965541267220291,0.0,0.9203333333333333,1.0,0.6730578170011017,0.8210758027697298,0.9690937885383579,0
2993,0.11064621106462114,0.0,0.0,0.0075987841945288626,0.15625,0.2857142857142857,0.0,0.6666666666666666,0.02414887468562754,0.0,0.012439139336280713,0.8012670890296766,0.8434567773921888,0.0,0.8093333333333333,0.5,0.5569352201423374,0.6650519663893661,0.7731687126363948,0
2994,0.21274563318777295,0.0,0.976678445229682,0.07936507936507942,0.1875,0.7142857142857143,0.0,0.6666666666666666,0.024170454467240865,0.0,0.21862904424837726,0.9903301100366789,0.882736492811546,0.0,0.9953333333333333,0.5,0.5783360552288832,0.7735399903261508,0.9687439254234185,0
2995,0.4680988108327947,0.6,0.9992932862190813,0.5964912280701755,0.53125,0.8571428571428571,0.0,0.6666666666666666,0.5495492020500027,0.5,0.807104400828648,1.0,0.9987899577742194,0.0003333333333333333,1.0,1.0,0.7940862112062634,0.8287627610969971,0.8634393109877307,0
2996,0.27003100730286567,0.1,0.9901060070671378,0.0075987841945288626,0.46875,0.2857142857142857,0.0,0.6666666666666666,0.03501386122050021,0.5,0.6225545192291291,1.0,0.9961766416227748,0.0003333333333333333,0.998,1.0,0.7327981046984704,0.798853699745641,0.8649092947928118,0
2997,0.062382297551789145,0.0,0.0,0.0075987841945288626,0.15625,0.2857142857142857,0.0,0.6666666666666666,0.024148873926378767,0.0,0.03463171851741342,0.8126042014004669,0.8440707418639684,0.0,0.7433333333333334,0.5,0.5324476797947174,0.7594197398105309,0.9863917998263443,0
2998,0.2943063009747111,0.1,0.9971731448763251,0.10169491525423724,0.3125,0.5714285714285714,0.0,0.6666666666666666,0.1266200821020942,0.5,0.6421798249898825,1.0,0.9958879837043626,0.0003333333333333333,0.9996666666666667,1.0,0.7933953247041732,0.7975034157240188,0.8016115067438645,0
2999,0.6994562436246536,0.8,0.9992932862190813,0.8964851293935883,0.5625,1.0,0.0,0.6666666666666666,0.8537677209194742,0.5,0.6604685586866681,1.0,0.9985558733258663,0.0016666666666666668,0.9993333333333333,1.0,0.9004722564234031,0.9377335392382404,0.9749948220530779,0
3000,0.06374338553980785,0.0,0.9371024734982332,0.10351487060641174,0.5625,1.0,0.0,0.6666666666666666,0.0758908215934676,0.0,0.12745922985705516,0.9786595531843948,0.9500941372337256,0.0,0.9873333333333333,1.0,0.918775910980867,0.9306475922579565,0.9425192735350458,1
3001,0.3773568312930913,0.4,0.9957597173144876,0.320855614973262,0.40625,0.8571428571428571,0.0,0.6666666666666666,0.5636305800196844,0.5,0.4926613524976676,0.9996665555185061,0.9924648507186572,0.0006666666666666666,0.999,1.0,0.7622136135485638,0.8098577946207564,0.857501975692949,1
3002,0.11021104128529491,0.0,0.9879858657243816,0.10351487060641174,0.5625,1.0,0.0,0.6666666666666666,0.14925483714253918,0.0,0.24222605326303603,0.9926642214071357,0.946778451981267,0.0,0.9966666666666667,1.0,0.7890156249085383,0.823265020541766,0.8575144161749936,1
3003,0.17186948470404395,0.1,0.9696113074204947,0.10351487060641174,0.46875,1.0,0.0,0.6666666666666666,0.1173776851846281,0.0,0.2592592401702568,0.9969989996665555,0.9773250909190575,0.0,0.996,1.0,0.8195412961676833,0.8946577083794771,0.9697741205912708,1
3004,0.12496397202183218,0.1,0.9915194346289753,0.10351487060641174,0.875,1.0,0.0,0.6666666666666666,0.09429779316738607,0.0,0.10840147389536448,0.9973324441480493,0.9808626404384698,0.0,0.9976666666666667,1.0,0.8509427290569734,0.8521749656462946,0.8534072022356157,1
3005,0.36346794240420244,0.4,0.9858657243816255,0.320855614973262,0.28125,0.8571428571428571,0.0,0.6666666666666666,0.5479183521272426,0.0,0.4284834455230323,0.9986662220740247,0.9784946474736916,0.0003333333333333333,0.9993333333333333,1.0,0.7977842835507882,0.8808275489219646,0.9638708142931409,1
3006,0.11848249054035076,0.1,0.9886925795053003,0.10351487060641174,0.71875,1.0,0.0,0.6666666666666666,0.09386620866014339,0.0,0.23013615542797394,0.9979993331110371,0.9857547171084631,0.0,0.9963333333333333,1.0,0.8311577345925986,0.9015742761693042,0.9719908177460097,1
3007,0.21014432737297617,0.1,0.9674911660777386,0.10351487060641174,0.4375,1.0,0.0,0.6666666666666666,0.09255298408800083,0.0,0.16128308824474247,0.9973324441480493,0.9856182489154032,0.0,0.9966666666666667,1.0,0.8823965974759564,0.9238835466610059,0.9653704958460554,1
3008,0.37605870384877116,0.0,0.9879858657243816,0.10351487060641174,0.5,1.0,0.0,0.6666666666666666,0.10425310888624695,0.0,0.07620224501339401,0.995998666222074,0.9798687703127666,0.0,0.998,1.0,0.9058963583472528,0.9352456075725382,0.9645948567978234,1
3009,0.08149498378676212,0.0,0.9371024734982332,0.10351487060641174,0.5625,1.0,0.0,0.6666666666666666,0.07798852465673489,0.0,0.1222528984098954,0.9809936645548516,0.953400505648299,0.0,0.9913333333333333,1.0,0.8838166343192265,0.9170833980746488,0.950350161830071,1
3010,0.11482831712009545,0.1,0.9787985865724381,0.10351487060641174,0.875,1.0,0.0,0.6666666666666666,0.07963265031318412,0.0,0.21280991662730742,0.9986662220740247,0.989413107056016,0.0,0.9966666666666667,1.0,0.8707843281801926,0.9007688173539128,0.9307533065276331,1
3011,0.1349660070238673,0.2,0.9964664310954063,0.10351487060641174,0.8125,1.0,0.0,0.6666666666666666,0.0938234053315774,0.0,0.46531328085985646,0.9989996665555185,0.9824536196975215,0.0,0.999,1.0,0.8432780290863721,0.9212105327641542,0.9991430364419365,1
3012,0.06374338553980785,0.0,0.9526501766784452,0.10351487060641174,0.5625,1.0,0.0,0.6666666666666666,0.07606541754575513,0.0,0.17605098618105997,0.9923307769256419,0.9690610764682401,0.0,0.988,1.0,0.9215936197466054,0.9245019764856517,0.9274103332246981,1
3013,0.11949056811092829,0.1,0.984452296819788,0.10351487060641174,0.5625,1.0,0.0,0.6666666666666666,0.09526542569357466,0.0,0.4926852470703732,0.9996665555185061,0.9867184897058805,0.0,0.997,1.0,0.824761282675855,0.8599577268790608,0.8951541710822667,1
3014,0.10222018388377885,0.1,0.976678445229682,0.10351487060641174,0.71875,1.0,0.0,0.6666666666666666,0.09586988836053789,0.5,0.6836126377587564,1.0,0.9946333963175579,0.0003333333333333333,0.998,1.0,0.8203406873849395,0.875717515169302,0.9310943429536644,1
3015,0.3237854027216627,0.2,0.9957597173144876,0.320855614973262,0.46875,0.8571428571428571,0.0,0.6666666666666666,0.3613228840618269,0.5,0.5442981149378339,1.0,0.9909655935205284,0.0,0.9993333333333333,1.0,0.8030031636436127,0.8691407519844979,0.9352783403253832,1
3016,0.2733654779233381,0.3,0.995053003533569,0.5217391304347826,0.28125,0.7142857142857143,0.0,0.6666666666666666,0.3241137363269091,0.0,0.4042486293246391,0.9993331110370124,0.9767590210058923,0.0,0.9996666666666667,1.0,0.7403081790438331,0.851683461253329,0.9630587434628252,1
3017,0.4006799159699833,0.2,0.9971731448763251,0.10351487060641174,0.75,1.0,0.0,0.6666666666666666,0.13548380473015342,0.0,0.11432012025590188,0.9983327775925308,0.9791351652706414,0.0,0.9986666666666667,1.0,0.8860526348819898,0.9361480819672132,0.9862435290524367,1
3018,0.19543844502003493,0.0,0.9731448763250884,0.10351487060641174,0.59375,1.0,0.0,0.6666666666666666,0.09734041119552972,0.0,0.053365469372715135,0.9939979993331111,0.9707387217950817,0.0,0.9963333333333333,1.0,0.8572716494495193,0.9135855133383546,0.9698993772271899,1
3019,0.10717129520975577,0.1,0.9978798586572438,0.10351487060641174,0.78125,1.0,0.0,0.6666666666666666,0.08228250399891712,0.5,0.6134890292875025,1.0,0.9960289702133552,0.0003333333333333333,0.999,1.0,0.9669159670099593,0.9740541620548109,0.9811923570996626,1
3020,0.07775953050387341,0.0,0.9371024734982332,0.10351487060641174,0.5625,1.0,0.0,0.6666666666666666,0.08517220314020779,0.0,0.17606311882800296,0.9936645548516172,0.9700033223555604,0.0,0.9963333333333333,1.0,0.9302498382920001,0.9414127686786649,0.9525756990653295,1
3021,0.294023497959758,0.3,0.9985865724381625,0.320855614973262,0.53125,0.8571428571428571,0.0,0.6666666666666666,0.4508244266157351,0.5,0.5054965417337112,1.0,0.9834678796605659,0.0,0.9996666666666667,1.0,0.7830186625720077,0.8158309990201302,0.8486433354682527,1
3022,0.25278734611893605,0.4,0.9957597173144876,0.4035087719298246,0.59375,0.8571428571428571,0.0,0.6666666666666666,0.20335208758552825,0.0,0.24101870066799536,0.9986662220740247,0.980962151135027,0.0,0.999,1.0,0.8645941714979765,0.8875050790987293,0.9104159866994821,1
3023,0.22690436472124875,0.0,0.9738515901060071,0.10351487060641174,0.59375,1.0,0.0,0.6666666666666666,0.09093540242901388,0.0,0.11480396528778491,0.9963321107035679,0.9815982365246697,0.0,0.9923333333333333,1.0,0.9550833862577287,0.9558870106176305,0.9566906349775324,1
3024,0.08149498378676212,0.0,0.9371024734982332,0.10351487060641174,0.5625,1.0,0.0,0.6666666666666666,0.0792323054792684,0.0,0.07352382641074284,0.9949983327775925,0.9736706725599376,0.0,0.995,1.0,0.8756394870169514,0.9178007396869599,0.9599619923569682,1
3025,0.235426235007825,0.1,1.0,0.10351487060641174,0.53125,1.0,0.0,0.6666666666666666,0.1177295171622259,0.0,0.36700296144554334,0.9989996665555185,0.9876641448440916,0.0,0.9973333333333333,1.0,0.9054034255617092,0.9089679107574489,0.9125323959531886,1
3026,0.06374338553980785,0.0,0.9371024734982332,0.10351487060641174,0.5625,1.0,0.0,0.6666666666666666,0.07583369481690938,0.0,0.15116067215369444,0.9849949983327776,0.9603857381181455,0.0,0.987,1.0,0.9233079114394243,0.9318334132468571,0.9403589150542899,1
3027,0.45522537051543777,0.4,0.9971731448763251,0.10351487060641174,0.75,1.0,0.0,0.6666666666666666,0.13077603980827146,0.5,0.5298390020560845,1.0,0.9867650830813206,0.0,0.999,1.0,0.894677469897155,0.9365054419658834,0.9783334140346116,1
3028,0.08078016857973047,0.1,0.9681978798586572,0.10351487060641174,0.625,1.0,0.0,0.6666666666666666,0.08112775618164492,0.0,0.2500272545638429,0.9986662220740247,0.9870864506483896,0.0,0.998,1.0,0.8954643059752266,0.9405267861747109,0.9855892663741951,1
3029,0.15058043729346993,0.2,0.9886925795053003,0.2575250836120402,0.6875,1.0,0.0,0.6666666666666666,0.17765501292392027,0.5,0.5231372919104379,1.0,0.9915966109543582,0.0,0.999,1.0,0.7678615269096245,0.8808905445352262,0.9939195621608278,1
3030,0.06374338553980785,0.0,0.9371024734982332,0.10351487060641174,0.5625,1.0,0.0,0.6666666666666666,0.07590932705090814,0.0,0.01713645205483383,0.9726575525175059,0.9431209424381687,0.0,0.9863333333333333,1.0,0.9184951678941996,0.9260265164801804,0.9335578650661613,1
3031,0.10324157931443612,0.0,0.9717314487632509,0.10351487060641174,0.59375,1.0,0.0,0.6666666666666666,0.07899381160932306,0.0,0.14300926461725105,0.9953317772590864,0.9775801503684178,0.0,0.9976666666666667,1.0,0.9621284328604299,0.9762114091656706,0.9902943854709114,1
3032,0.28586547792333816,0.2,0.9985865724381625,0.10351487060641174,0.78125,1.0,0.0,0.6666666666666666,0.16740076187746045,0.3333333333333333,0.37958707870895014,0.9996665555185061,0.9851386010532225,0.0003333333333333333,0.999,1.0,0.7695251789110608,0.8621995659890354,0.9548739530670101,1
3033,0.1217632953836556,0.1,0.995053003533569,0.2575250836120402,0.40625,1.0,0.0,0.6666666666666666,0.11070238819380473,0.0,0.37218743533573284,0.9989996665555185,0.9878362992134702,0.0,0.9986666666666667,1.0,0.8024449912601922,0.8467244527865296,0.8910039143128672,1
3034,0.1055373082816512,0.1,0.9978798586572438,0.10351487060641174,0.53125,1.0,0.0,0.6666666666666666,0.10048795974435054,0.3333333333333333,0.3615588445519138,0.9996665555185061,0.9946375740357569,0.0,0.999,1.0,0.9569370275297114,0.9620497859670233,0.9671625444043351,1
3035,0.19321704634685477,0.0,0.9681978798586572,0.10351487060641174,0.625,1.0,0.0,0.6666666666666666,0.08893103998558216,0.0,0.19208918156615074,0.9886628876292097,0.9612081898585061,0.0,0.9956666666666667,1.0,0.8935323053847037,0.9187529466408907,0.9439735878970776,1
3036,0.06374338553980785,0.1,0.9371024734982332,0.10351487060641174,0.5625,1.0,0.0,0.6666666666666666,0.07608384084673836,0.0,0.09550543350212015,0.9973324441480493,0.9798130467862631,0.0,0.988,1.0,0.9226602618014744,0.940005431813713,0.9573506018259516,1
3037,0.24678512586673462,0.2,0.9936395759717315,0.10351487060641174,0.46875,1.0,0.0,0.6666666666666666,0.17344824891806632,0.0,0.05853388213190591,0.9976658886295432,0.9754222076976361,0.0,0.998,1.0,0.8495623052577042,0.8562959953388174,0.8630296854199307,1
3038,0.30669881125667153,0.4,0.9943462897526502,0.5217391304347826,0.3125,0.7142857142857143,0.0,0.6666666666666666,0.48510120083634367,1.0,0.7683686749503417,1.0,0.9944301172098541,0.0003333333333333333,1.0,1.0,0.7246365150295327,0.8314945057075214,0.9383524963855101,1
3039,0.43677051949164436,0.4,0.9943462897526502,0.2575250836120402,0.46875,1.0,0.0,0.6666666666666666,0.3194164047402164,0.0,0.3519399356398244,0.9983327775925308,0.9741847466974654,0.0,0.9996666666666667,1.0,0.754300888352124,0.8505622160923225,0.946823543832521,1
3040,0.07936838553980785,0.1,0.9371024734982332,0.10351487060641174,0.5625,1.0,0.0,0.6666666666666666,0.07613316485695576,0.5,0.49596354781129925,0.9996665555185061,0.9901022147793522,0.0,0.9866666666666667,1.0,0.9400336667725971,0.9422262088863453,0.9444187510000936,1
3041,0.4136331086106759,0.4,1.0,0.10351487060641174,0.875,1.0,0.0,0.6666666666666666,0.16924922736244374,0.3333333333333333,0.3243232351751216,0.9996665555185061,0.9892049267738573,0.0003333333333333333,0.9993333333333333,1.0,0.8979223909219114,0.9149393824239923,0.9319563739260732,1
3042,0.13247758109794128,0.2,0.9943462897526502,0.10351487060641174,0.59375,1.0,0.0,0.6666666666666666,0.10367618534100331,0.0,0.19094666314456188,0.9989996665555185,0.9858343378304346,0.0,0.9993333333333333,1.0,0.8072083240367086,0.8636992500158269,0.9201901759949452,1
3043,0.4969664419440092,0.4,1.0,0.4035087719298246,0.375,0.8571428571428571,0.0,0.6666666666666666,0.3263044794964425,0.3333333333333333,0.44553700887959413,0.9986662220740247,0.9821387919726176,0.0,0.999,1.0,0.874468065188415,0.8878382534266291,0.9012084416648433,1
3044,0.06762227384288833,0.0,0.9371024734982332,0.10351487060641174,0.5625,1.0,0.0,0.6666666666666666,0.07811560712727816,0.0,0.1814611542751533,0.9943314438146049,0.974513509899422,0.0,0.993,1.0,0.9138363661219568,0.9537046417336117,0.9935729173452665,1
3045,0.09699029973464257,0.2,0.9703180212014134,0.10351487060641174,0.75,1.0,0.0,0.6666666666666666,0.09018321090991044,0.0,0.025290289592729276,0.9989996665555185,0.9883625764610161,0.0,0.9966666666666667,1.0,0.9781181340195236,0.9814596448936506,0.9848011557677775,1
3046,0.4006799159699833,0.2,0.9929328621908127,0.10351487060641174,0.5625,1.0,0.0,0.6666666666666666,0.13123946114533047,0.0,0.13765416963072785,0.9989996665555185,0.9893963771407551,0.0,0.998,1.0,0.8811327900530732,0.9367625886403509,0.9923923872276286,1
3047,0.19922756825999344,0.3,0.9964664310954063,0.10351487060641174,0.5625,1.0,0.0,0.6666666666666666,0.1776135686448257,1.0,0.6073220417362732,1.0,0.987915574816843,0.0003333333333333333,0.9996666666666667,1.0,0.7935317920630334,0.8572079964203096,0.9208842007775859,1
3048,0.21698372980061387,0.1,0.9915194346289753,0.10351487060641174,0.71875,1.0,0.0,0.6666666666666666,0.08365346080289926,0.3333333333333333,0.3116006817741026,0.9986662220740247,0.99071971208997,0.0,0.9936666666666667,1.0,0.9237650425036102,0.954371022425994,0.9849770023483778,1
3049,0.63420269003428,0.7,1.0,0.2575250836120402,0.59375,1.0,0.0,0.6666666666666666,0.7232007341226392,1.0,0.8608068371854793,1.0,0.9953227494377703,0.0006666666666666666,1.0,1.0,0.731390949532633,0.8127760201426439,0.8941610907526549,1
3050,0.24352621251569717,0.1,0.9703180212014134,0.10351487060641174,0.53125,1.0,0.0,0.6666666666666666,0.14309432018401103,0.0,0.15637092635832772,0.9969989996665555,0.9843101396480082,0.0,0.9963333333333333,1.0,0.8954113381119114,0.9468288002031523,0.9982462622943932,1
3051,0.09034954657016114,0.1,0.9816254416961131,0.10351487060641174,0.5625,1.0,0.0,0.6666666666666666,0.08919006359291637,0.0,0.47463552997029623,0.9989996665555185,0.9880938325399448,0.0,0.9966666666666667,1.0,0.846346833337953,0.9209144851390123,0.9954821369400716,1
3052,0.32811440705066697,0.5,0.9992932862190813,0.8591549295774648,0.25,0.2857142857142857,0.0,0.6666666666666666,0.633143891458241,0.0,0.3740942824428084,0.9986662220740247,0.9684708131455807,0.0,0.9996666666666667,1.0,0.7735653254422024,0.8524382349143329,0.9313111443864636,1
3053,0.4311527307343207,0.7,0.9985865724381625,0.4035087719298246,0.625,0.8571428571428571,0.0,0.6666666666666666,0.42342884550078663,0.6666666666666666,0.44953370106327617,0.9996665555185061,0.9919438576331812,0.0006666666666666666,0.9996666666666667,1.0,0.8302786493518765,0.9123768527635854,0.9944750561752944,1
3054,0.0983257953836556,0.1,0.9901060070671378,0.10351487060641174,0.59375,1.0,0.0,0.6666666666666666,0.08060138667984296,0.0,0.4811710049419995,0.9996665555185061,0.9843537015910007,0.0,0.9983333333333333,1.0,0.883727365011558,0.8852300245406448,0.8867326840697317,1
3055,0.19834023073432072,0.0,0.9646643109540636,0.10351487060641174,0.59375,1.0,0.0,0.6666666666666666,0.07835205497204933,0.0,0.04975059978984686,0.9939979993331111,0.9735254804161225,0.0,0.9956666666666667,1.0,0.8861580081456647,0.907555531663226,0.9289530551807873,1
3056,0.12332579538365562,0.1,0.9964664310954063,0.10351487060641174,0.8125,1.0,0.0,0.6666666666666666,0.08336919616150817,0.0,0.13701978933222814,0.9993331110370124,0.9884916909690885,0.0,0.998,1.0,0.8684110171459335,0.8756743852194269,0.8829377532929201,1
3057,0.19834023073432072,0.0,0.9646643109540636,0.10351487060641174,0.59375,1.0,0.0,0.6666666666666666,0.07795427398416632,0.0,0.23742640147248706,0.991997332444148,0.9714294185272816,0.0,0.9946666666666667,1.0,0.8907397846304571,0.9126043706151509,0.9344689565998446,1
3058,0.14832579538365553,0.2,0.9901060070671378,0.10351487060641174,0.65625,1.0,0.0,0.6666666666666666,0.08702280043032962,0.5,0.7549694224647794,1.0,0.9974298385052902,0.0003333333333333333,0.999,1.0,0.8490191723687293,0.868934737548174,0.8888503027276187,1
3059,0.6580746514062413,0.9,1.0,0.8983050847457628,0.15625,0.5714285714285714,0.0,0.6666666666666666,0.943729004383344,1.0,0.8932096428255474,1.0,0.9972738992571542,0.0026666666666666666,1.0,1.0,0.7707759773950436,0.7851614570229284,0.7995469366508132,1
3060,0.09034954657016114,0.0,0.9816254416961131,0.10351487060641174,0.5625,1.0,0.0,0.6666666666666666,0.08609129143630534,0.0,0.05799205699160437,0.9953317772590864,0.9731752441372714,0.0,0.997,1.0,0.8568812030075168,0.9262279075999262,0.9955746121923356,1
3061,0.06762227384288833,0.0,0.9371024734982332,0.10351487060641174,0.5625,1.0,0.0,0.6666666666666666,0.07876128482779221,0.0,0.11538960610620042,0.9909969989996665,0.9690546496089301,0.0,0.9923333333333333,1.0,0.9291179723041834,0.9629156980858178,0.9967134238674521,1
3062,0.4136331086106759,0.3,0.9992932862190813,0.10351487060641174,0.84375,1.0,0.0,0.6666666666666666,0.16750784423887877,0.5,0.26855100191478776,0.9996665555185061,0.9858781161428072,0.0003333333333333333,0.9993333333333333,1.0,0.8963704047542301,0.9156090042038858,0.9348476036535415,1
3063,0.30047091255250247,0.2,0.9943462897526502,0.10351487060641174,0.53125,1.0,0.0,0.6666666666666666,0.11875715684396027,0.0,0.433233294779778,0.9989996665555185,0.9818648053778339,0.0,0.9996666666666667,1.0,0.8428039268761959,0.8915237958949971,0.9402436649137982,1
3064,0.43677051949164436,0.2,0.9957597173144876,0.2575250836120402,0.46875,1.0,0.0,0.6666666666666666,0.34859493726219226,1.0,0.5077394572659559,1.0,0.9853699013578212,0.0,0.999,1.0,0.775330506175347,0.8381177824123358,0.9009050586493246,1
3065,0.19834023073432072,0.1,0.9646643109540636,0.10351487060641174,0.59375,1.0,0.0,0.6666666666666666,0.07843973263065729,0.0,0.3483346594061094,0.9976658886295432,0.9796742133018942,0.0,0.995,1.0,0.8927319040521493,0.9229674377449397,0.95320297143773,1
3066,0.13047756825999335,0.1,0.9943462897526502,0.10351487060641174,0.6875,1.0,0.0,0.6666666666666666,0.09030018307743182,0.3333333333333333,0.3993397306582561,0.9996665555185061,0.9929730560658898,0.0003333333333333333,0.9986666666666667,1.0,0.8531377080716908,0.9140069748216689,0.9748762415716471,1
3067,0.10900953050387341,0.2,0.9915194346289753,0.10351487060641174,0.59375,1.0,0.0,0.6666666666666666,0.09410240032284178,0.0,0.2641231340294411,0.9976658886295432,0.9775730592827208,0.0,0.998,1.0,0.9232714261433959,0.9342056047011322,0.9451397832588686,1
3068,0.1408942349266601,0.2,0.9992932862190813,0.10351487060641174,0.625,1.0,0.0,0.6666666666666666,0.12327676039604274,0.5,0.45523785765069646,0.9993331110370124,0.9874510980641565,0.0003333333333333333,0.9976666666666667,1.0,0.8150163135170196,0.8792650459981428,0.9435137784792659,1
3069,0.21835735617424024,0.0,0.9519434628975265,0.10351487060641174,0.46875,1.0,0.0,0.6666666666666666,0.0873487381796384,0.0,0.2183321334339836,0.9903301100366789,0.9692793670068853,0.0,0.9896666666666667,1.0,0.9647728202608589,0.9675757679826373,0.9703787157044159,1
3070,0.09994745661105164,0.0,0.976678445229682,0.10351487060641174,0.71875,1.0,0.0,0.6666666666666666,0.0962191878407418,0.0,0.26981644805546434,0.9966655551850617,0.9764699043236075,0.0,0.9976666666666667,1.0,0.8205513230744158,0.8701876830145554,0.9198240429546949,1
3071,0.35353399912959527,0.5,0.9964664310954063,0.2575250836120402,0.46875,1.0,0.0,0.6666666666666666,0.40124944449007893,0.3333333333333333,0.5178328194520965,1.0,0.9863237004621188,0.0003333333333333333,0.9996666666666667,1.0,0.750572253241341,0.7800402531887878,0.8095082531362345,1
3072,0.6590905020943851,1.0,0.9985865724381625,0.9924012158054711,0.25,0.2857142857142857,0.0,0.6666666666666666,0.9719090432654377,1.0,0.7101512390163081,1.0,0.9742268027250024,0.007333333333333333,1.0,1.0,0.7182776682173352,0.8235876236389634,0.9288975790605916,1
3073,0.409610780620942,0.3,0.9929328621908127,0.4035087719298246,0.59375,0.8571428571428571,0.0,0.6666666666666666,0.36900369460725324,0.0,0.32223648363069335,0.9989996665555185,0.9849971745844575,0.0,0.9993333333333333,1.0,0.8341272574207926,0.867150536973196,0.9001738165255994,1
3074,0.29413349996509,0.2,0.9738515901060071,0.10351487060641174,0.59375,1.0,0.0,0.6666666666666666,0.1084438336109721,0.3333333333333333,0.5175377814568585,1.0,0.991200766406686,0.0003333333333333333,0.999,1.0,0.9466978643503239,0.9541500659264108,0.9616022675024978,1
3075,0.22690436472124875,0.1,0.9858657243816255,0.10351487060641174,0.71875,1.0,0.0,0.6666666666666666,0.09037165417147575,0.0,0.18974392348707403,0.9973324441480493,0.9847939030641871,0.0,0.9923333333333333,1.0,0.9497017084164396,0.9537814864773717,0.9578612645383038,1
3076,0.43628602336761335,0.2,0.9886925795053003,0.2575250836120402,0.6875,1.0,0.0,0.6666666666666666,0.20855413709237725,0.0,0.35094854575416123,0.9983327775925308,0.973373045921656,0.0,0.9993333333333333,1.0,0.7515571662488003,0.8457500667337945,0.9399429672187887,1
3077,0.217210423042013,0.0,0.9738515901060071,0.10351487060641174,0.59375,1.0,0.0,0.6666666666666666,0.09549125855934748,0.0,0.13571347966835068,0.9946648882960987,0.9744004841965792,0.0,0.9966666666666667,1.0,0.9568330660715828,0.9767950484109276,0.9967570307502724,1
3078,0.29846042304201303,0.4,0.9978798586572438,0.10351487060641174,0.65625,1.0,0.0,0.6666666666666666,0.12920036495482323,0.5,0.44205929238625585,0.9996665555185061,0.9950437304496894,0.0003333333333333333,0.9983333333333333,1.0,0.8999833138016793,0.908634508153561,0.9172857025054427,1
3079,0.409610780620942,0.3,1.0,0.4035087719298246,0.78125,0.8571428571428571,0.0,0.6666666666666666,0.33718279756459346,0.3333333333333333,0.4246003741614408,0.9993331110370124,0.9870652679537296,0.0003333333333333333,0.9996666666666667,1.0,0.8387465528354617,0.8684594654130504,0.898172377990639,1
3080,0.16172756825999335,0.2,0.9908127208480565,0.10351487060641174,0.53125,1.0,0.0,0.6666666666666666,0.11197856460377353,1.0,0.5306000713308122,1.0,0.9913308729852272,0.0003333333333333333,1.0,1.0,0.8351082798220386,0.8838994984870447,0.9326907171520508,1
3081,0.1134299620503223,0.1,0.984452296819788,0.10351487060641174,0.5625,1.0,0.0,0.6666666666666666,0.09673618297560205,0.0,0.28547506337616435,0.9983327775925308,0.978895876569232,0.0,0.999,1.0,0.8186939068409894,0.8659211465085006,0.9131483861760118,1
3082,0.11942619717054004,0.3,0.9795053003533569,0.10351487060641174,0.875,1.0,0.0,0.6666666666666666,0.08890236733279222,0.0,0.1811871942947859,0.9979993331110371,0.9766420300024058,0.0,0.9976666666666667,1.0,0.954341880909593,0.968336067693868,0.982330254478143,1
3083,0.12233880153665833,0.2,0.9717314487632509,0.10351487060641174,0.625,1.0,0.0,0.6666666666666666,0.08528155572709761,0.5,0.4683205214532067,0.9996665555185061,0.9953741467648547,0.0,0.9966666666666667,1.0,0.9870182522176865,0.9921005917798953,0.9971829313421041,1
3084,0.7791022970342707,1.0,1.0,0.9924012158054711,0.1875,0.2857142857142857,0.0,0.6666666666666666,0.9756528790259918,1.0,0.871349678718066,1.0,0.9866624353348671,0.16066666666666668,1.0,0.5,0.6666666666666666,0.8065963896602663,0.9465261126538659,1
3085,0.6046418792234692,0.7,0.9992932862190813,0.4035087719298246,0.4375,0.8571428571428571,0.0,0.6666666666666666,0.7136601705709629,0.5,0.6210456044566708,1.0,0.9878939180320407,0.0003333333333333333,1.0,1.0,0.7579463806188316,0.8081783459780241,0.8584103113372167,1
3086,0.11942619717054004,0.0,0.9703180212014134,0.10351487060641174,0.75,1.0,0.0,0.6666666666666666,0.09559262362275667,0.0,0.12521576102910548,0.995998666222074,0.9806764892809344,0.0,0.9966666666666667,1.0,0.9522028047598095,0.969564300063098,0.9869257953663866,1
3087,0.11848249054035076,0.1,0.9724381625441696,0.10351487060641174,0.53125,1.0,0.0,0.6666666666666666,0.08355079258430143,0.0,0.33334825453333006,0.9989996665555185,0.9908279900789699,0.0,0.997,1.0,0.8541571209379543,0.8893535341932051,0.9245499474484559,1
3088,0.19834023073432072,0.1,0.9787985865724381,0.10351487060641174,0.6875,1.0,0.0,0.6666666666666666,0.08456646156497094,0.0,0.2957318618853463,0.9969989996665555,0.9817895847044651,0.0,0.997,1.0,0.912759293465785,0.9478580328816987,0.9829567722976124,1
3089,0.22446704634685477,0.1,0.984452296819788,0.10351487060641174,0.53125,1.0,0.0,0.6666666666666666,0.10141280452993762,0.5,0.49958409933917114,0.9996665555185061,0.9923056306961193,0.0003333333333333333,0.998,1.0,0.8997513725420437,0.9042292668829274,0.908707161223811,1
3090,0.24886106406765407,0.1,0.9929328621908127,0.10351487060641174,0.5625,1.0,0.0,0.6666666666666666,0.17303581481994312,0.25,0.49109633244932305,0.9996665555185061,0.9942804433213774,0.0,0.9973333333333333,1.0,0.8776282078116077,0.9324313856567943,0.987234563501981,1
3091,0.0884556071762217,0.1,0.9371024734982332,0.10351487060641174,0.5625,1.0,0.0,0.6666666666666666,0.08015557831105036,0.0,0.36258835813769696,0.9986662220740247,0.9887658789013001,0.0,0.996,1.0,0.9146816300745056,0.9497472120240963,0.9848127939736869,1
3092,0.2399376957692857,0.2,0.9929328621908127,0.10351487060641174,0.6875,1.0,0.0,0.6666666666666666,0.11540350114856646,0.5,0.505989689392037,1.0,0.9886850453249473,0.0,0.9993333333333333,1.0,0.9314196578097499,0.9506818478932748,0.9699440379767997,1
3093,0.09994745661105164,0.1,0.9915194346289753,0.10351487060641174,0.75,1.0,0.0,0.6666666666666666,0.09884406121361755,0.5,0.3711121241844907,0.9996665555185061,0.9909883793134342,0.0,0.998,1.0,0.8175374600593837,0.8638468859812383,0.910156311903093,1
3094,0.09699029973464257,0.0,0.9703180212014134,0.10351487060641174,0.75,1.0,0.0,0.6666666666666666,0.09086172414618465,0.0,0.2747487958756918,0.9949983327775925,0.9765253101189414,0.0,0.9983333333333333,1.0,0.9710035446556587,0.9793398318112281,0.9876761189667975,1
3095,0.2749027307343207,0.3,0.9957597173144876,0.10351487060641174,0.4375,1.0,0.0,0.6666666666666666,0.13594408315016515,0.6666666666666666,0.7457421465888542,1.0,0.9968531554285978,0.0006666666666666666,0.999,1.0,0.9168383999181918,0.9354762531203344,0.9541141063224771,1
3096,0.12332579538365562,0.1,0.9809187279151943,0.10351487060641174,0.78125,1.0,0.0,0.6666666666666666,0.09129971166212758,0.5,0.7850890362825198,1.0,0.9975605315804709,0.0003333333333333333,0.999,1.0,0.8462364637351052,0.8585919183165556,0.8709473728980061,1
3097,0.29133532591674727,0.2,1.0,0.320855614973262,0.5625,0.8571428571428571,0.0,0.6666666666666666,0.25300915242823185,0.5,0.6479078024120145,1.0,0.9920894437782231,0.0003333333333333333,0.999,1.0,0.8382025634907532,0.8399182441060211,0.8416339247212891,1
3098,0.12233880153665833,0.1,0.995053003533569,0.10351487060641174,0.75,1.0,0.0,0.6666666666666666,0.08511550918759214,0.0,0.37986731806471186,0.9986662220740247,0.9868658657611036,0.0,0.9986666666666667,1.0,0.9798006028048468,0.9845774760518302,0.9893543492988137,1
3099,0.29846042304201303,0.3,0.9893992932862191,0.10351487060641174,0.375,1.0,0.0,0.6666666666666666,0.12016201099230561,0.0,0.34976117977177634,0.9993331110370124,0.9900941177017288,0.0,0.998,1.0,0.9090095836019308,0.9100834871584979,0.9111573907150649,1
3100,0.12105306811092831,0.2,0.9809187279151943,0.10351487060641174,0.78125,1.0,0.0,0.6666666666666666,0.08719921668282804,0.0,0.32630429048699816,0.9989996665555185,0.9832619278735895,0.0,0.997,1.0,0.8446858150294482,0.8725649847379806,0.9004441544465129,1
3101,0.43855870384877116,0.2,0.9809187279151943,0.10351487060641174,0.46875,1.0,0.0,0.6666666666666666,0.13064954076231083,0.0,0.1958116434718672,0.9986662220740247,0.9866931260570505,0.0,0.9976666666666667,1.0,0.8713925797754071,0.9103139337903144,0.9492352878052218,1
3102,0.30047091255250247,0.3,0.9971731448763251,0.10351487060641174,0.59375,1.0,0.0,0.6666666666666666,0.13691674596807346,0.5,0.5278815766504663,1.0,0.9956454585767357,0.0003333333333333333,0.999,1.0,0.8340197935646004,0.8804668153026938,0.9269138370407872,1
3103,0.29413349996509,0.2,0.9964664310954063,0.10351487060641174,0.59375,1.0,0.0,0.6666666666666666,0.10801140137665843,0.0,0.1710885956277337,0.9983327775925308,0.9867015716077487,0.0,0.9993333333333333,1.0,0.9504388124839586,0.9537121320607105,0.9569854516374623,1
3104,0.11274498378676212,0.2,0.9985865724381625,0.10351487060641174,0.96875,1.0,0.0,0.6666666666666666,0.08307574630625258,0.0,0.4941404020298441,0.9996665555185061,0.98883121090305,0.0,0.9993333333333333,1.0,0.8530840809714618,0.894714518021879,0.9363449550722962,1
3105,0.14277317927548394,0.2,0.9915194346289753,0.10351487060641174,0.6875,1.0,0.0,0.6666666666666666,0.1399562679517795,0.0,0.4333177245206423,0.9996665555185061,0.9737679600845601,0.0,0.9996666666666667,1.0,0.7844311597482831,0.8876573912986605,0.9908836228490377,1
3106,0.13247758109794128,0.2,0.9985865724381625,0.10351487060641174,0.5625,1.0,0.0,0.6666666666666666,0.10150594631112464,0.0,0.17385981517937277,0.9979993331110371,0.9781337390373326,0.0,0.9993333333333333,1.0,0.8102310495590969,0.8701175521448012,0.9300040547305057,1
3107,0.11720926950104782,0.1,0.9936395759717315,0.10351487060641174,0.71875,1.0,0.0,0.6666666666666666,0.0786222203404634,0.0,0.3361064548878354,0.9983327775925308,0.9819268617270642,0.0,0.9986666666666667,1.0,0.8888933412361825,0.9340077467517496,0.9791221522673167,1
3108,0.06762227384288833,0.1,0.9851590106007068,0.10351487060641174,0.6875,1.0,0.0,0.6666666666666666,0.07801680421027823,0.0,0.21945165263221122,0.9969989996665555,0.985596412864251,0.0,0.9943333333333333,1.0,0.9040671901031656,0.9454485169824925,0.9868298438618195,1
3109,0.19543844502003493,0.0,0.9957597173144876,0.10351487060641174,0.46875,1.0,0.0,0.6666666666666666,0.09945617951477559,0.0,0.1733185175209535,0.9966655551850617,0.9770978428524854,0.0,0.9963333333333333,1.0,0.8576428619275448,0.9106837887794741,0.9637247156314033,1
3110,0.3237854027216627,0.5,0.9957597173144876,0.320855614973262,0.46875,0.8571428571428571,0.0,0.6666666666666666,0.3096698554199546,0.0,0.40160786233399604,0.9989996665555185,0.978607800777772,0.0,1.0,1.0,0.8105582708452584,0.8704736856793893,0.9303891005135203,1
3111,0.11395760366252272,0.0,0.9731448763250884,0.10351487060641174,0.59375,1.0,0.0,0.6666666666666666,0.08670698104873997,0.0,0.07858883972149078,0.9949983327775925,0.971181096724065,0.0,0.9973333333333333,1.0,0.8570143949937233,0.9194391883232338,0.9818639816527442,1
3112,0.09676329538365558,0.0,0.9696113074204947,0.10351487060641174,0.46875,1.0,0.0,0.6666666666666666,0.10547293189059759,0.0,0.22896800866858757,0.9953317772590864,0.9676673294374916,0.0,0.9976666666666667,1.0,0.8112355283790891,0.892778210167755,0.974320891956421,1
3113,0.24352621251569717,0.1,0.995053003533569,0.10351487060641174,0.65625,1.0,0.0,0.6666666666666666,0.13810713949452358,0.0,0.27291555212440166,0.9983327775925308,0.9906468223305436,0.0,0.9963333333333333,1.0,0.8984211437226722,0.9472836110940513,0.9961460784654305,1
3114,0.4255378705154379,0.2,0.9908127208480565,0.10351487060641174,0.5625,1.0,0.0,0.6666666666666666,0.16842519716680948,0.0,0.3599259218911496,0.9989996665555185,0.9862194172570437,0.0,0.9983333333333333,1.0,0.9033745295427894,0.920137811005217,0.9369010924676446,1
3115,0.3422045371821044,0.1,0.9703180212014134,0.10351487060641174,0.75,1.0,0.0,0.6666666666666666,0.1053339607621383,0.0,0.3302540555285124,0.9976658886295432,0.9857793514845132,0.0,0.997,1.0,0.928360873571998,0.956050067212451,0.983739260852904,1
3116,0.21757099996508988,0.1,0.9964664310954063,0.10351487060641174,0.8125,1.0,0.0,0.6666666666666666,0.08419727701256641,0.0,0.2373981809120761,0.9973324441480493,0.9801186358217949,0.0,0.999,1.0,0.8755638309742189,0.9331705096336822,0.9907771882931456,1
3117,0.12105306811092831,0.0,0.9809187279151943,0.10351487060641174,0.78125,1.0,0.0,0.6666666666666666,0.08407784208062385,0.0,0.07478520419798795,0.9963321107035679,0.978523515913265,0.0,0.9973333333333333,1.0,0.8566807438966069,0.8773901646901161,0.8980995854836255,1
3118,0.46069016462642465,0.9,0.9992932862190813,0.5217391304347826,0.28125,0.7142857142857143,0.0,0.6666666666666666,0.8475716156603752,1.0,0.7687604544576945,1.0,0.9850142485915266,0.003,1.0,1.0,0.7353048888046515,0.7874514263112664,0.8395979638178814,1
3119,0.1605535172171122,0.1,0.9681978798586572,0.10351487060641174,0.5,1.0,0.0,0.6666666666666666,0.11682562183493117,0.3333333333333333,0.4394328728730791,0.9989996665555185,0.9809962262249251,0.0003333333333333333,0.998,1.0,0.7954927535386942,0.8677974727072795,0.9401021918758647,1
3120,0.3702006657962619,0.4,0.9964664310954063,0.2575250836120402,0.46875,1.0,0.0,0.6666666666666666,0.2954055593610684,0.5,0.5937422125203695,1.0,0.9881518800451021,0.0003333333333333333,0.9993333333333333,1.0,0.7549011617354386,0.7922062483780608,0.8295113350206827,1
3121,0.06374338553980785,0.0,0.9526501766784452,0.10351487060641174,0.5625,1.0,0.0,0.6666666666666666,0.07724128396945706,0.0,0.16830315049778555,0.9939979993331111,0.9754948479121446,0.0,0.993,1.0,0.9138707126320185,0.935445031140717,0.9570193496494156,1
3122,0.06762227384288833,0.0,0.9371024734982332,0.10351487060641174,0.5625,1.0,0.0,0.6666666666666666,0.08106375104042829,0.0,0.2173755177765856,0.9956652217405801,0.9765326555479237,0.0,0.9956666666666667,1.0,0.9478809228696325,0.9641119940047674,0.9803430651399023,1
3123,0.06762227384288833,0.0,0.9851590106007068,0.10351487060641174,0.6875,1.0,0.0,0.6666666666666666,0.07925303523694383,0.0,0.1439103476268272,0.9929976658886296,0.9688638476409075,0.0,0.9976666666666667,1.0,0.897167348192443,0.9472213553178086,0.9972753624431743,1
3124,0.2261180085120985,0.1,0.9787985865724381,0.10351487060641174,0.6875,1.0,0.0,0.6666666666666666,0.0881254943888321,0.5,0.23129837468830983,0.9996665555185061,0.9928825424509536,0.0,0.9966666666666667,1.0,0.9105084685647573,0.9395080989897178,0.9685077294146781,1
3125,0.06762227384288833,0.0,0.9371024734982332,0.10351487060641174,0.5625,1.0,0.0,0.6666666666666666,0.08042323379077332,0.0,0.1635796888319916,0.9863287762587529,0.9595976293114203,0.0,0.9946666666666667,1.0,0.9336363220930529,0.9576676685573129,0.981699015021573,1
3126,0.07546380153665833,0.2,0.9519434628975265,0.10351487060641174,0.46875,1.0,0.0,0.6666666666666666,0.07863885772247603,0.0,0.4194200706585034,0.9993331110370124,0.9873431252466895,0.0,0.995,1.0,0.9688510082976255,0.9713878339473989,0.9739246595971722,1
3127,0.2733654779233381,0.2,0.995053003533569,0.5217391304347826,0.28125,0.7142857142857143,0.0,0.6666666666666666,0.2875664233681132,0.3333333333333333,0.6785525795204989,1.0,0.9924095440452004,0.0003333333333333333,0.999,1.0,0.7446348577115427,0.85050424266005,0.9563736276085572,1
3128,0.19912658694347096,0.0,0.9519434628975265,0.10351487060641174,0.46875,1.0,0.0,0.6666666666666666,0.08334710509011434,0.0,0.0974536103152549,0.9906635545181727,0.9725289716579316,0.0,0.9903333333333333,1.0,0.9331903137147346,0.9593314069387242,0.9854725001627138,1
3129,0.4321803825927325,0.3,0.9978798586572438,0.320855614973262,0.5625,0.8571428571428571,0.0,0.6666666666666666,0.25734422900752507,0.6666666666666666,0.524722217955973,1.0,0.9927529866122965,0.0003333333333333333,0.9993333333333333,1.0,0.8322642733231843,0.911447484171356,0.9906306950195277,1
3130,0.10048680323114612,0.1,0.9985865724381625,0.10351487060641174,0.96875,1.0,0.0,0.6666666666666666,0.08587846379731068,0.0,0.3542480238673301,0.9989996665555185,0.987320540058247,0.0,0.998,1.0,0.9655909241775812,0.9714975890040014,0.9774042538304217,1
3131,0.13999246205032223,0.2,0.9901060070671378,0.10351487060641174,0.65625,1.0,0.0,0.6666666666666666,0.08745275882790005,0.0,0.2886882783191843,0.9986662220740247,0.9828876325035721,0.0,0.999,1.0,0.8564725566564888,0.8650186761147212,0.8735647955729535,1
3132,0.09925172130958149,0.0,0.9724381625441696,0.10351487060641174,0.53125,1.0,0.0,0.6666666666666666,0.08764919080952138,0.0,0.09755390920129636,0.9929976658886296,0.9695957853540975,0.0,0.9976666666666667,1.0,0.840348860367521,0.8761185697554541,0.9118882791433871,1
3133,0.18258505464291486,0.1,0.9964664310954063,0.10351487060641174,0.75,1.0,0.0,0.6666666666666666,0.08701463428628264,0.5,0.3835979438845165,0.9996665555185061,0.9940428845529432,0.0003333333333333333,0.9986666666666667,1.0,0.8485427591934083,0.9072672136659452,0.9659916681384821,1
3134,0.15231885093921116,0.2,0.9964664310954063,0.2575250836120402,0.78125,1.0,0.0,0.6666666666666666,0.10802200564109954,0.5,0.46287383486222977,0.9996665555185061,0.9857974901596304,0.0,1.0,1.0,0.8026429658699863,0.8743715315925052,0.9461000973150242,1
3135,0.15187770795196165,0.1,0.9681978798586572,0.10351487060641174,0.5,1.0,0.0,0.6666666666666666,0.12190806503752183,0.0,0.31838587985378963,0.9993331110370124,0.9841251230191919,0.0003333333333333333,0.997,1.0,0.8006158746698759,0.83740048690051,0.8741850991311443,1
3136,0.0983257953836556,0.1,0.9809187279151943,0.10351487060641174,0.78125,1.0,0.0,0.6666666666666666,0.08813651357990282,0.0,0.20806720606986573,0.9989996665555185,0.9818784503236708,0.0,0.999,1.0,0.8525449386850281,0.8645310825151785,0.8765172263453289,1
3137,0.08874338553980787,0.0,0.9526501766784452,0.10351487060641174,0.5625,1.0,0.0,0.6666666666666666,0.07749192093766899,0.0,0.2484141675663022,0.9963321107035679,0.9826683456710796,0.0,0.9926666666666667,1.0,0.8978251423135296,0.9032573627900577,0.9086895832665858,1
3138,0.4969664419440092,0.3,0.9964664310954063,0.10351487060641174,0.5,1.0,0.0,0.6666666666666666,0.24421511930102713,1.0,0.8687398536128168,1.0,0.99867817135405,0.0003333333333333333,1.0,1.0,0.8850674551876226,0.8963707685628591,0.9076740819380956,1
3139,0.2599988845804745,0.2,0.9858657243816255,0.10351487060641174,0.65625,1.0,0.0,0.6666666666666666,0.09729634371966456,0.3333333333333333,0.424424540280974,0.9996665555185061,0.9944812342594094,0.0003333333333333333,0.999,1.0,0.9077825507390286,0.9255475522276455,0.9433125537162625,1
3140,0.5319011891672053,0.5,0.9985865724381625,0.4035087719298246,0.53125,0.8571428571428571,0.0,0.6666666666666666,0.45916611262987383,0.5,0.7144605633163794,1.0,0.9971831894779148,0.0003333333333333333,0.9996666666666667,1.0,0.7946181328872808,0.8281882023824142,0.8617582718775476,1
3141,0.14277317927548394,0.2,0.9915194346289753,0.10351487060641174,0.6875,1.0,0.0,0.6666666666666666,0.16980387756635817,1.0,0.5321582484602929,1.0,0.9756663890826038,0.0,0.9996666666666667,1.0,0.770833157314117,0.8767827840096152,0.9827324107051133,1
3142,0.08297415477057701,0.1,0.9809187279151943,0.10351487060641174,0.59375,1.0,0.0,0.6666666666666666,0.07737252577913345,0.0,0.4360464003341191,0.9993331110370124,0.9944344559078631,0.0,0.9973333333333333,1.0,0.932746013363978,0.9496963263198838,0.9666466392757895,1
3143,0.1746188988319315,0.2,0.9985865724381625,0.2575250836120402,0.9375,1.0,0.0,0.6666666666666666,0.13144373038768653,1.0,0.5973465637322879,1.0,0.9917864939060412,0.0,0.9996666666666667,1.0,0.785471155206249,0.8781804339760894,0.9708897127459297,1
3144,0.19321704634685477,0.1,0.9879858657243816,0.10351487060641174,0.5625,1.0,0.0,0.6666666666666666,0.1282346245653626,0.0,0.13218540092139552,0.9973324441480493,0.9733513617335194,0.0,0.999,1.0,0.844157709962923,0.8718066834382185,0.899455656913514,1
3145,0.32130424588583584,0.2,0.9943462897526502,0.10351487060641174,0.46875,1.0,0.0,0.6666666666666666,0.13202530607932517,0.5,0.3903685438173806,0.9996665555185061,0.9961867333016589,0.0003333333333333333,0.9983333333333333,1.0,0.8694812776011024,0.8895057994579125,0.9095303213147227,1
3146,0.42079007805609425,0.3,1.0,0.4035087719298246,0.5,0.8571428571428571,0.0,0.6666666666666666,0.6131189779472868,0.0,0.45349466545421857,0.9993331110370124,0.9779014007726964,0.0,1.0,1.0,0.8216021164379919,0.8285711494623313,0.835540182486671,1
3147,0.06762227384288833,0.1,0.9851590106007068,0.10351487060641174,0.6875,1.0,0.0,0.6666666666666666,0.07806068429562185,0.0,0.28115062106307576,0.9983327775925308,0.9896586503979478,0.0,0.994,1.0,0.9021126157609837,0.9440091030751954,0.9859055903894071,1
3148,0.11915912871698897,0.1,0.9809187279151943,0.10351487060641174,0.78125,1.0,0.0,0.6666666666666666,0.08936118283522321,0.5,0.36499506721228203,0.9996665555185061,0.9874130979876301,0.0,0.998,1.0,0.8406238722624888,0.8672251253309156,0.8938263783993423,1
3149,0.19834023073432072,0.0,0.9646643109540636,0.10351487060641174,0.59375,1.0,0.0,0.6666666666666666,0.07725945475037632,0.0,0.09006340856876616,0.9929976658886296,0.9718003180170914,0.0,0.993,1.0,0.9038415576853498,0.9250829118954231,0.9463242661054965,1
3150,0.2399376957692857,0.1,0.9929328621908127,0.10351487060641174,0.6875,1.0,0.0,0.6666666666666666,0.11733073627940727,0.0,0.10430676181979004,0.9979993331110371,0.9833105743912017,0.0,0.9986666666666667,1.0,0.9267750503445364,0.9507531037138629,0.9747311570831894,1
3151,0.0983257953836556,0.1,0.9809187279151943,0.10351487060641174,0.78125,1.0,0.0,0.6666666666666666,0.08963241721304371,0.5,0.5042364833851525,1.0,0.9911593653087439,0.0,0.9986666666666667,1.0,0.8495099097633481,0.8615474440918309,0.8735849784203138,1
3152,0.19912658694347096,0.0,0.9519434628975265,0.10351487060641174,0.46875,1.0,0.0,0.6666666666666666,0.07953052432066599,0.0,0.1575692357291829,0.9946648882960987,0.9753130303998088,0.0,0.993,1.0,0.9412524912343232,0.9652815870659085,0.9893106828974938,1
3153,0.08078016857973047,0.2,0.9851590106007068,0.10351487060641174,0.6875,1.0,0.0,0.6666666666666666,0.08161549488148001,0.0,0.32170571148069904,0.9979993331110371,0.9766545041630609,0.0,0.9983333333333333,1.0,0.8797848919037131,0.9381873800769596,0.996589868250206,1
3154,0.19543844502003493,0.0,0.9674911660777386,0.10351487060641174,0.4375,1.0,0.0,0.6666666666666666,0.10848902016857231,0.0,0.14445116355602672,0.991997332444148,0.9742787693820789,0.0,0.9953333333333333,1.0,0.8787668790516407,0.905633825077603,0.9325007711035652,1
3155,0.1531194847040439,0.2,0.9915194346289753,0.2575250836120402,0.4375,1.0,0.0,0.6666666666666666,0.20134221194477686,0.0,0.20955786271707044,0.9976658886295432,0.9749546394229704,0.0,0.999,1.0,0.7870344840179059,0.8615167433866162,0.9359990027553267,1
3156,0.14277317927548394,0.2,0.9681978798586572,0.10351487060641174,0.5,1.0,0.0,0.6666666666666666,0.1176707747392669,0.0,0.144530110355365,0.9976658886295432,0.9691080013731594,0.0,0.9976666666666667,1.0,0.8041064648485147,0.895398436291108,0.9866904077337014,1
3157,0.12359034564820581,0.1,0.9901060070671378,0.10351487060641174,0.65625,1.0,0.0,0.6666666666666666,0.09131676085483165,0.0,0.24481501895646862,0.9979993331110371,0.9836903544216393,0.0,0.9973333333333333,1.0,0.8424998054271562,0.8588016400857752,0.8751034747443943,1
3158,0.14378034083820102,0.2,0.995053003533569,0.10351487060641174,0.71875,1.0,0.0,0.6666666666666666,0.0799684266605214,0.3333333333333333,0.3734271991550584,0.9996665555185061,0.9958171369644124,0.0,0.9983333333333333,1.0,0.8740113132518728,0.9049674258195957,0.9359235383873186,1
3159,0.17186948470404395,0.1,0.9929328621908127,0.2575250836120402,0.46875,1.0,0.0,0.6666666666666666,0.12472804163469597,0.0,0.30299080853039617,0.9993331110370124,0.9882801210305114,0.0,0.997,1.0,0.8010746794775361,0.8964173922728048,0.9917601050680735,1
3160,0.5678260869565217,0.9,1.0,0.8591549295774648,0.28125,0.2857142857142857,0.0,0.6666666666666666,0.9186313901508621,1.0,0.6043904379415788,1.0,0.9797679785463326,0.0006666666666666666,1.0,1.0,0.7300350156072241,0.8269015935106359,0.9237681714140477,1
3161,0.15378556549859812,0.0,0.9886925795053003,0.2575250836120402,0.6875,1.0,0.0,0.6666666666666666,0.1822500462785468,0.0,0.2240497706857394,0.9963321107035679,0.9698935680938918,0.0,0.9986666666666667,1.0,0.7635507506139322,0.8720092595388191,0.9804677684637062,1
3162,0.23804375637534636,0.1,0.9738515901060071,0.10351487060641174,0.59375,1.0,0.0,0.6666666666666666,0.09802307942838684,0.0,0.331862815665249,0.9976658886295432,0.9841788537767151,0.0,0.998,1.0,0.9580635568449288,0.9691751363519931,0.9802867158590575,1
3163,0.31656939740098733,0.3,0.992226148409894,0.4035087719298246,0.4375,0.8571428571428571,0.0,0.6666666666666666,0.1789085034643043,0.5,0.5963841431196285,1.0,0.9925652996207713,0.0003333333333333333,0.9996666666666667,1.0,0.8728260817269357,0.9201645918902003,0.9675031020534649,1
3164,0.2348837130135214,0.2,0.9809187279151943,0.10351487060641174,0.46875,1.0,0.0,0.6666666666666666,0.12256879652301922,0.0,0.41456013971872974,0.9989996665555185,0.9858594475545157,0.0,0.998,1.0,0.8809106099320553,0.8872063448189041,0.893502079705753,1
3165,0.1774250402595995,0.2,0.9943462897526502,0.2575250836120402,0.46875,1.0,0.0,0.6666666666666666,0.23290559591811244,0.3333333333333333,0.8795147440504574,1.0,0.9980470120156911,0.0003333333333333333,0.9996666666666667,1.0,0.7724597129712774,0.8586563191441834,0.9448529253170894,1
3166,0.22153734611893605,0.1,0.9858657243816255,0.10351487060641174,0.65625,1.0,0.0,0.6666666666666666,0.0973523219961051,0.3333333333333333,0.16229008047371107,0.9996665555185061,0.9913556383709208,0.0003333333333333333,0.998,1.0,0.9219675885710747,0.9313566832730774,0.9407457779750801,1
3167,0.235426235007825,0.0,0.9929328621908127,0.10351487060641174,0.5,1.0,0.0,0.6666666666666666,0.13005792596323085,0.0,0.09843321967309426,0.9956652217405801,0.979970816471492,0.0,0.9973333333333333,1.0,0.9007465818909579,0.9035009438905481,0.9062553058901383,1
3168,0.21579325361013768,0.1,0.9971731448763251,0.10351487060641174,0.6875,1.0,0.0,0.6666666666666666,0.1007988629247496,0.0,0.07683014159990798,0.9996665555185061,0.9951521039467623,0.0,0.9993333333333333,1.0,0.9363310086967319,0.9548056515922698,0.9732802944878076,1
3169,0.22185385967074378,0.1,0.9858657243816255,0.10351487060641174,0.71875,1.0,0.0,0.6666666666666666,0.0897204340489739,0.0,0.3102399896471024,0.9969989996665555,0.9840265065206101,0.0,0.9923333333333333,1.0,0.9468064851362017,0.9532489196478388,0.9596913541594758,1
3170,0.06374338553980785,0.0,0.9371024734982332,0.10351487060641174,0.5625,1.0,0.0,0.6666666666666666,0.0761278618464577,0.0,0.05613813783194688,0.9949983327775925,0.9750557164802961,0.0,0.989,1.0,0.9190338307387179,0.938242807396931,0.9574517840551441,1
3171,0.217210423042013,0.0,0.9738515901060071,0.10351487060641174,0.59375,1.0,0.0,0.6666666666666666,0.0963651173816833,0.0,0.12790534057346192,0.9936645548516172,0.9726418083152107,0.0,0.9966666666666667,1.0,0.9542622373638583,0.975902664751914,0.9975430921399696,1
3172,0.35615273073432063,0.4,0.9957597173144876,0.4035087719298246,0.5,0.8571428571428571,0.0,0.6666666666666666,0.2813289211225637,0.5,0.5009913021119814,1.0,0.9945904570646151,0.0003333333333333333,0.999,1.0,0.8504920722977936,0.9234842883815619,0.9964765044653302,1
3173,0.30989651383277383,0.2,0.9858657243816255,0.320855614973262,0.28125,0.8571428571428571,0.0,0.6666666666666666,0.4391570943611066,0.0,0.41721558984536977,0.9996665555185061,0.986014373359709,0.0,0.9993333333333333,1.0,0.8143098682139265,0.8840751088558755,0.9538403494978245,1
3174,0.10717129520975577,0.2,0.995053003533569,0.10351487060641174,0.75,1.0,0.0,0.6666666666666666,0.08297486449247882,1.0,0.5236247017161608,1.0,0.9908650137133082,0.0,0.9993333333333333,1.0,0.9750204936277721,0.9785447364986297,0.9820689793694874,1
3175,0.08149498378676212,0.0,0.9371024734982332,0.10351487060641174,0.5625,1.0,0.0,0.6666666666666666,0.07682087689066719,0.0,0.05214305527426877,0.9943314438146049,0.9735219656510127,0.0,0.99,1.0,0.8987645780248638,0.9265570515604782,0.9543495250960925,1
3176,0.35615273073432063,0.4,1.0,0.4035087719298246,0.46875,0.8571428571428571,0.0,0.6666666666666666,0.2834387048964543,0.5,0.561447599996548,1.0,0.9901825690522611,0.0006666666666666666,0.9993333333333333,1.0,0.8479847651862193,0.9182020950043266,0.988419424822434,1
3177,0.4707900780560942,0.0,0.9872791519434629,0.4035087719298246,0.375,0.8571428571428571,0.0,0.6666666666666666,0.2793616395507361,0.0,0.28415740791812083,0.9956652217405801,0.9729447291736961,0.0,0.9973333333333333,1.0,0.8360891158590652,0.8511453788739765,0.8662016418888876,1
3178,0.12267472933832435,0.0,0.9816254416961131,0.10351487060641174,0.5625,1.0,0.0,0.6666666666666666,0.09796036685675147,0.0,0.33492066976880475,0.9966655551850617,0.9838828883823026,0.0,0.998,1.0,0.8221270775668472,0.905000508904785,0.9878739402427227,1
3179,0.45235683129309123,0.9,0.9971731448763251,0.8591549295774648,0.15625,0.2857142857142857,0.0,0.6666666666666666,0.8288115605083779,0.5,0.6326989060919873,1.0,0.9883433657821585,0.0016666666666666668,0.9996666666666667,1.0,0.7668107628932197,0.795844742543199,0.8248787221931784,1
3180,0.4707900780560942,0.3,1.0,0.10351487060641174,0.59375,1.0,0.0,0.6666666666666666,0.23803873914773244,1.0,0.6307668931215082,1.0,0.9888648621580715,0.0,1.0,1.0,0.8195018655302261,0.8529710070844142,0.8864401486386023,1
3181,0.23405451644860642,0.1,0.9908127208480565,0.10351487060641174,0.78125,1.0,0.0,0.6666666666666666,0.07898586608519464,0.0,0.3336957190022851,0.9989996665555185,0.9876098427103507,0.0,0.9953333333333333,1.0,0.8844394074992399,0.915725717455776,0.9470120274123122,1
3182,0.19912658694347096,0.0,0.9519434628975265,0.10351487060641174,0.46875,1.0,0.0,0.6666666666666666,0.08430731030434102,0.0,0.02703444208454453,0.9916638879626543,0.9703653448435782,0.0,0.989,1.0,0.9423313213999905,0.9614221287922006,0.9805129361844106,1
3183,0.451624827037177,0.3,0.9992932862190813,0.10351487060641174,0.625,1.0,0.0,0.6666666666666666,0.23923490404460102,0.5,0.5106750945906944,1.0,0.9869442542542176,0.0,0.9996666666666667,1.0,0.8747714838153418,0.897389415022558,0.9200073462297742,1
3184,0.16819186681222698,0.1,0.9696113074204947,0.10351487060641174,0.46875,1.0,0.0,0.6666666666666666,0.09309531387824221,0.3333333333333333,0.2973906476563808,0.9989996665555185,0.9877153436447483,0.0,0.998,1.0,0.8260801320638451,0.8834097266534705,0.9407393212430959,1
3185,0.22412658694347098,0.1,0.9985865724381625,0.10351487060641174,0.71875,1.0,0.0,0.6666666666666666,0.08889046908697151,0.0,0.19046309445444143,0.9976658886295432,0.9823804155112268,0.0,0.9973333333333333,1.0,0.9298168929701045,0.9461674396627224,0.9625179863553402,1
3186,0.29296591754750745,0.2,0.9703180212014134,0.10351487060641174,0.53125,1.0,0.0,0.6666666666666666,0.13154857021119737,0.0,0.38550785102226637,0.9989996665555185,0.9923218260467004,0.0,0.9983333333333333,1.0,0.8971520918319776,0.9142031829598819,0.9312542740877862,1
3187,0.2920595934794188,0.1,0.9858657243816255,0.10351487060641174,0.65625,1.0,0.0,0.6666666666666666,0.10605248524777267,0.0,0.3264934923881361,0.9976658886295432,0.9804757819133194,0.0,0.9973333333333333,1.0,0.9313823662436487,0.961499924559484,0.9916174828753191,1
3188,0.19834023073432072,0.0,0.9646643109540636,0.10351487060641174,0.59375,1.0,0.0,0.6666666666666666,0.07760273522507233,0.0,0.10733344533966349,0.9883294431477159,0.9633143533775719,0.0,0.9943333333333333,1.0,0.8979749942745676,0.9212215297926134,0.9444680653106591,1
3189,0.40513460907086907,0.9,0.9992932862190813,0.8591549295774648,0.25,0.2857142857142857,0.0,0.6666666666666666,0.7661514724820755,1.0,0.9099007218359934,1.0,0.996981066055557,0.001,1.0,1.0,0.7780428641759802,0.8613629875739843,0.9446831109719885,1
3190,0.22690436472124875,0.1,0.9908127208480565,0.10351487060641174,0.6875,1.0,0.0,0.6666666666666666,0.10225101397845993,0.3333333333333333,0.3400200120478315,0.9989996665555185,0.9899148951920841,0.0,0.997,1.0,0.9305004238012038,0.9320668694577456,0.9336333151142876,1
3191,0.21579325361013768,0.0,0.9738515901060071,0.10351487060641174,0.59375,1.0,0.0,0.6666666666666666,0.09565784337299066,0.0,0.26943629872112995,0.9943314438146049,0.9783201092287421,0.0,0.996,1.0,0.9453718800573572,0.9542977482638769,0.9632236164703967,1
3192,0.12978616628847095,0.1,0.9816254416961131,0.10351487060641174,0.5625,1.0,0.0,0.6666666666666666,0.09244695529469771,0.0,0.4576763185594417,0.9993331110370124,0.9863706763232616,0.0,0.9983333333333333,1.0,0.8328052757247999,0.9104912821210387,0.9881772885172774,1
3193,0.25278734611893605,0.5,0.9957597173144876,0.4035087719298246,0.59375,0.8571428571428571,0.0,0.6666666666666666,0.2309832307911427,0.5,0.5454830378152165,1.0,0.9881940515631138,0.0006666666666666666,0.999,1.0,0.8568294768528826,0.8847268704675868,0.9126242640822911,1
3194,0.09034954657016114,0.1,0.9971731448763251,0.10351487060641174,0.75,1.0,0.0,0.6666666666666666,0.09001080669120642,0.3333333333333333,0.35258973829141127,0.9993331110370124,0.9889850413660184,0.0003333333333333333,0.997,1.0,0.8470206853531896,0.9176025268508647,0.9881843683485398,1
3195,0.48066209411792227,0.3,0.9992932862190813,0.4035087719298246,0.53125,0.8571428571428571,0.0,0.6666666666666666,0.5424555454751145,0.6666666666666666,0.5530103329887406,1.0,0.9887441907314948,0.0003333333333333333,0.9993333333333333,1.0,0.8306719664950563,0.8815641735077955,0.9324563805205346,1
3196,0.6512954462730136,0.7,1.0,0.320855614973262,0.4375,0.8571428571428571,0.0,0.6666666666666666,0.7338403036933236,1.0,0.7856452859316856,1.0,0.9957472708471968,0.001,1.0,1.0,0.7969185011426005,0.8537341605692992,0.9105498199959978,1
3197,0.49256685602268424,0.2,0.9964664310954063,0.4035087719298246,0.4375,0.8571428571428571,0.0,0.6666666666666666,0.329207657194197,0.0,0.31813089818149665,0.9976658886295432,0.9814264805594142,0.0,0.9996666666666667,1.0,0.8499359747186536,0.904825845785447,0.9597157168522404,1
3198,0.09213046820332504,0.0,0.9908127208480565,0.10351487060641174,0.5625,1.0,0.0,0.6666666666666666,0.07660199572299486,0.0,0.1531414843489698,0.9946648882960987,0.9780838176918637,0.0,0.9926666666666667,1.0,0.9421934088001912,0.9541766743691307,0.9661599399380701,1
3199,0.07775953050387341,0.1,0.9795053003533569,0.10351487060641174,0.875,1.0,0.0,0.6666666666666666,0.08845517420805837,0.0,0.17954989930320575,0.9973324441480493,0.9797995926580776,0.0,0.996,1.0,0.943270832729536,0.9488916358262078,0.9545124389228797,1
3200,0.24678512586673462,0.1,0.995053003533569,0.10351487060641174,0.5,1.0,0.0,0.6666666666666666,0.14906864046982904,0.5,0.430578238112979,0.9996665555185061,0.98942041930001,0.0003333333333333333,0.9986666666666667,1.0,0.866946871234408,0.8686183927031164,0.8702899141718247,1
3201,0.23405451644860642,0.1,0.9936395759717315,0.10351487060641174,0.65625,1.0,0.0,0.6666666666666666,0.08025871246377303,0.0,0.45389467315558285,0.9996665555185061,0.9912833118112923,0.0,0.9983333333333333,1.0,0.9033212183425,0.9441477184872071,0.9849742186319143,1
3202,0.43677051949164436,0.3,0.9978798586572438,0.2575250836120402,0.3125,1.0,0.0,0.6666666666666666,0.38234722966840173,0.5,0.25198213543697934,0.9996665555185061,0.9909117857357079,0.0003333333333333333,0.999,1.0,0.7511557716014209,0.8420929318785393,0.9330300921556578,1
3203,0.0983257953836556,0.0,0.9901060070671378,0.10351487060641174,0.59375,1.0,0.0,0.6666666666666666,0.08322700977024744,0.0,0.23485344327796764,0.9963321107035679,0.9766354562055398,0.0,0.9986666666666667,1.0,0.8751112231181506,0.875568123131174,0.8760250231441976,1
3204,0.22668844502003493,0.0,0.9908127208480565,0.10351487060641174,0.6875,1.0,0.0,0.6666666666666666,0.1050356711196907,0.0,0.12869026014503582,0.9926642214071357,0.9747086338955359,0.0,0.9963333333333333,1.0,0.8936951972033885,0.9130595909230799,0.9324239846427713,1
3205,0.29296591754750745,0.3,0.992226148409894,0.4035087719298246,0.4375,0.8571428571428571,0.0,0.6666666666666666,0.1952857708327912,1.0,0.7997751891094678,1.0,0.9968615604398707,0.0006666666666666666,1.0,1.0,0.8687654447838635,0.8835036407405257,0.8982418366971879,1
3206,0.22668844502003493,0.0,0.9858657243816255,0.10351487060641174,0.6875,1.0,0.0,0.6666666666666666,0.0942895314525326,0.0,0.14457003345426944,0.9963321107035679,0.9775964936645585,0.0,0.995,1.0,0.8708688172398252,0.9192095636130244,0.9675503099862235,1
3207,0.29846042304201303,0.3,0.9703180212014134,0.10351487060641174,0.53125,1.0,0.0,0.6666666666666666,0.1339662301594351,0.0,0.3068613196415765,0.9993331110370124,0.9859630838323926,0.0,0.9993333333333333,1.0,0.8960363016010415,0.907774094276647,0.9195118869522525,1
3208,0.19834023073432072,0.0,0.9787985865724381,0.10351487060641174,0.6875,1.0,0.0,0.6666666666666666,0.09009042278525492,0.0,0.2744766242181156,0.9963321107035679,0.9772118416773757,0.0,0.9963333333333333,1.0,0.8932849450296871,0.9305506129769596,0.967816280924232,1
3209,0.13149498378676217,0.1,0.9915194346289753,0.10351487060641174,0.875,1.0,0.0,0.6666666666666666,0.08397776159308612,0.3333333333333333,0.409080940164096,0.9996665555185061,0.9952781140608485,0.0,0.9983333333333333,1.0,0.8507078761920308,0.8864504107190115,0.9221929452459923,1
3210,0.31489398947557945,0.3,0.995053003533569,0.10351487060641174,0.46875,1.0,0.0,0.6666666666666666,0.164666955539868,0.5,0.5487294017831804,1.0,0.9938769063573579,0.0003333333333333333,0.9996666666666667,1.0,0.8405163596863313,0.8712989169522538,0.9020814742181762,1
3211,0.09994745661105164,0.1,0.9971731448763251,0.10351487060641174,0.5625,1.0,0.0,0.6666666666666666,0.10316237869313283,0.5,0.6702033425202651,1.0,0.9932683857396069,0.0003333333333333333,0.998,1.0,0.8109835287805267,0.8622414991341883,0.91349946948785,1
3212,0.30047091255250247,0.1,0.9943462897526502,0.10351487060641174,0.53125,1.0,0.0,0.6666666666666666,0.1252245857427754,0.5,0.45103791132746773,0.9996665555185061,0.9876792886432125,0.0,0.9986666666666667,1.0,0.8369406532784541,0.8869433380644594,0.9369460228504647,1
3213,0.11720926950104782,0.2,0.9936395759717315,0.10351487060641174,0.71875,1.0,0.0,0.6666666666666666,0.07710543771239176,0.0,0.24149720900761562,0.9989996665555185,0.9882038811611727,0.0,0.9966666666666667,1.0,0.9050316791346784,0.9385310334273544,0.9720303877200306,1
3214,0.06762227384288833,0.0,0.9371024734982332,0.10351487060641174,0.5625,1.0,0.0,0.6666666666666666,0.07735090226127972,0.0,0.2049640755106651,0.991997332444148,0.9709512426701327,0.0,0.9916666666666667,1.0,0.928322209488708,0.9567741887315988,0.9852261679744897,1
3215,0.25406939740098733,0.1,0.9703180212014134,0.10351487060641174,0.53125,1.0,0.0,0.6666666666666666,0.13820419398292716,0.0,0.07953319519219981,0.9979993331110371,0.9811724422529249,0.0,0.9986666666666667,1.0,0.8925012453968657,0.9221631027406196,0.9518249600843735,1
3216,0.07775953050387341,0.0,0.9795053003533569,0.10351487060641174,0.875,1.0,0.0,0.6666666666666666,0.08644727363223226,0.0,0.0177207231168216,0.9953317772590864,0.9783724946782706,0.0,0.9963333333333333,1.0,0.9531709137741269,0.9560996724363195,0.9590284310985122,1
3217,0.18258505464291486,0.2,0.9964664310954063,0.10351487060641174,0.75,1.0,0.0,0.6666666666666666,0.08691027508008453,0.0,0.45735346057281145,0.9993331110370124,0.9903125947399177,0.0,0.9986666666666667,1.0,0.8467085237808851,0.9030942765208199,0.9594800292607547,1
3218,0.1890665361243964,0.3,0.9992932862190813,0.10351487060641174,1.0,1.0,0.0,0.6666666666666666,0.10095568630043994,1.0,0.5359198184790948,1.0,0.9902389818119008,0.0003333333333333333,0.9986666666666667,1.0,0.8314039956544417,0.8444746856552549,0.857545375656068,1
3219,0.649136397631031,0.5,0.9985865724381625,0.4035087719298246,0.625,0.8571428571428571,0.0,0.6666666666666666,0.44223834227479564,0.0,0.4792758475953415,0.9993331110370124,0.9802164891174082,0.0,1.0,1.0,0.8234102762975385,0.8836201144826705,0.9438299526678025,1
3220,0.1055373082816512,0.2,0.9964664310954063,0.10351487060641174,0.59375,1.0,0.0,0.6666666666666666,0.10237823552122705,0.0,0.22871046079289137,0.9993331110370124,0.9910334291440016,0.0,0.9986666666666667,1.0,0.9590843941604055,0.9599450238049341,0.9608056534494627,1
3221,0.13047756825999335,0.3,0.9943462897526502,0.10351487060641174,0.6875,1.0,0.0,0.6666666666666666,0.08803340054692943,0.0,0.25773184598200505,0.9989996665555185,0.9808805025143996,0.0,0.9983333333333333,1.0,0.8648221416742782,0.9174993988738375,0.9701766560733968,1
3222,0.44521459479618475,0.2,0.9865724381625441,0.2575250836120402,0.375,1.0,0.0,0.6666666666666666,0.21740962540545694,0.5,0.3233116909475938,0.9993331110370124,0.9835438951475968,0.0003333333333333333,0.9986666666666667,1.0,0.7501835575577209,0.826512807909614,0.902842058261507,1
3223,0.12702949908735928,0.2,0.9915194346289753,0.10351487060641174,0.625,1.0,0.0,0.6666666666666666,0.08943663958383352,0.5,0.686175559684991,1.0,0.9957311980054109,0.0006666666666666666,0.9956666666666667,1.0,0.8351447468083208,0.8883030944232222,0.9414614420381234,1
3224,0.06762227384288833,0.0,0.9371024734982332,0.10351487060641174,0.5625,1.0,0.0,0.6666666666666666,0.07786271124346467,0.0,0.11395901375112438,0.9849949983327776,0.9604753146984131,0.0,0.9943333333333333,1.0,0.9275053779262548,0.9600323619140253,0.9925593459017958,1
3225,0.4651663361764975,0.3,1.0,0.6033057851239669,0.46875,0.5714285714285714,0.0,0.6666666666666666,0.7711975372454034,1.0,0.7532659068247174,1.0,0.9917310470734088,0.0003333333333333333,1.0,1.0,0.7920407345649529,0.8425141635970215,0.8929875926290899,1
3226,0.06762227384288833,0.1,0.9371024734982332,0.10351487060641174,0.5625,1.0,0.0,0.6666666666666666,0.07861727385575334,0.0,0.1535162855525678,0.9979993331110371,0.9797477072943558,0.0,0.995,1.0,0.9473860108987965,0.9718535752645621,0.9963211396303275,1
3227,0.22775199544020308,0.1,0.9802120141342756,0.10351487060641174,0.625,1.0,0.0,0.6666666666666666,0.079690714812364,0.0,0.18756249769741673,0.9996665555185061,0.9943374873582965,0.0,0.996,1.0,0.9305219442965231,0.9603273644877502,0.9901327846789774,1
3228,0.12496397202183218,0.0,0.9915194346289753,0.10351487060641174,0.875,1.0,0.0,0.6666666666666666,0.09678263580049928,0.0,0.17402842396507534,0.9966655551850617,0.9760793228232586,0.0,0.9976666666666667,1.0,0.8463507737037884,0.8486996423941349,0.8510485110844812,1
3229,0.16819186681222698,0.1,0.9696113074204947,0.10351487060641174,0.46875,1.0,0.0,0.6666666666666666,0.09279037897886011,0.0,0.2720803089982261,0.9969989996665555,0.9802380040693133,0.0,0.9973333333333333,1.0,0.8273016574783097,0.8862137423115422,0.9451258271447744,1
3230,0.1134299620503223,0.1,0.984452296819788,0.10351487060641174,0.5625,1.0,0.0,0.6666666666666666,0.09859488267122829,0.0,0.24249397359710612,0.9969989996665555,0.9820125518008465,0.0,0.996,1.0,0.8189876553598929,0.8560255940603143,0.8930635327607358,1
3231,0.17186948470404395,0.4,0.9992932862190813,0.2575250836120402,0.5,1.0,0.0,0.6666666666666666,0.2579516595747787,0.5,0.49832642421235807,0.9996665555185061,0.9845256016005048,0.0,1.0,1.0,0.797441085058206,0.8483651373538074,0.8992891896494087,1
3232,0.5775903209219109,0.6,0.9985865724381625,0.4035087719298246,0.625,0.8571428571428571,0.0,0.6666666666666666,0.4716245961286648,0.5,0.6636741424600338,1.0,0.9955839289095645,0.0003333333333333333,0.9996666666666667,1.0,0.8243443189501151,0.8541944060363633,0.8840444931226115,1
3233,0.1890665361243964,0.3,0.9915194346289753,0.10351487060641174,0.78125,1.0,0.0,0.6666666666666666,0.10600929254033509,0.5,0.4675758900215652,0.9996665555185061,0.9855509713803173,0.0003333333333333333,0.9983333333333333,1.0,0.8252037311156157,0.839449287879477,0.8536948446433384,1
3234,0.3699823149598823,0.1,0.9957597173144876,0.10351487060641174,0.71875,1.0,0.0,0.6666666666666666,0.13646097487869746,0.0,0.23534750784401803,0.9976658886295432,0.9845234784937855,0.0,0.998,1.0,0.9225024002732491,0.9297969481824357,0.9370914960916225,1
3235,0.09262227384288835,0.2,0.9851590106007068,0.10351487060641174,0.6875,1.0,0.0,0.6666666666666666,0.08134984114498034,0.5,0.723972577129061,1.0,0.9963039208087613,0.0003333333333333333,0.9986666666666667,1.0,0.8736967302639618,0.9323593113327409,0.9910218924015199,1
3236,0.06374338553980785,0.0,0.9526501766784452,0.10351487060641174,0.5625,1.0,0.0,0.6666666666666666,0.07657844028621974,0.0,0.05299666710792983,0.9866622207402468,0.9604419935502786,0.0,0.9926666666666667,1.0,0.9208826409521499,0.9349743838476638,0.9490661267431778,1
3237,0.11942619717054004,0.3,0.9795053003533569,0.10351487060641174,0.875,1.0,0.0,0.6666666666666666,0.08966042769309679,0.0,0.2212803622907874,0.9989996665555185,0.9819042209961052,0.0,0.998,1.0,0.9532982298696043,0.9694743373684735,0.9856504448673429,1
3238,0.3327006657962619,0.4,0.9978798586572438,0.2575250836120402,0.5,1.0,0.0,0.6666666666666666,0.6778688859031567,0.0,0.43475683449843916,0.9996665555185061,0.9804298362026086,0.0,0.999,1.0,0.7398143291967858,0.7594912500999588,0.7791681710031317,1
3239,0.19912658694347096,0.0,0.9519434628975265,0.10351487060641174,0.46875,1.0,0.0,0.6666666666666666,0.07994578507416272,0.0,0.05721591514134672,0.9936645548516172,0.9720621603885468,0.0,0.9923333333333333,1.0,0.9407846975257811,0.9667474986850323,0.9927102998442835,1
3240,0.1774250402595995,0.1,0.9915194346289753,0.2575250836120402,0.4375,1.0,0.0,0.6666666666666666,0.20199447840638973,0.0,0.4387427926296993,0.9989996665555185,0.9839700512642165,0.0,0.9993333333333333,1.0,0.7799766823281715,0.8640046476379473,0.9480326129477231,1
3241,0.24678512586673462,0.2,0.995053003533569,0.10351487060641174,0.5,1.0,0.0,0.6666666666666666,0.15577813851452005,0.0,0.28341068864189545,0.9983327775925308,0.9809944191513874,0.0,0.9983333333333333,1.0,0.8602207388741705,0.8636769396516537,0.867133140429137,1
3242,0.12978616628847095,0.1,0.9816254416961131,0.10351487060641174,0.5625,1.0,0.0,0.6666666666666666,0.09456182593885032,0.0,0.33434481750709377,0.9969989996665555,0.976948735365289,0.0,0.998,1.0,0.8301646607885425,0.9126993257127318,0.9952339906369213,1
3243,0.06374338553980785,0.0,0.984452296819788,0.10351487060641174,0.59375,1.0,0.0,0.6666666666666666,0.0796669143812484,0.0,0.1802248789397387,0.9939979993331111,0.9715735126972808,0.0,0.9956666666666667,1.0,0.879068631917352,0.8909121075266351,0.9027555831359183,1
3244,0.1492275682599934,0.2,0.984452296819788,0.10351487060641174,0.53125,1.0,0.0,0.6666666666666666,0.14237901422787713,0.0,0.47179924651999827,0.9993331110370124,0.9866046531747855,0.0,0.9986666666666667,1.0,0.8241610388436863,0.8644225426324701,0.904684046421254,1
3245,0.16423488629274652,0.1,0.9879858657243816,0.10351487060641174,0.5625,1.0,0.0,0.6666666666666666,0.21608653447227877,0.0,0.10450327521152802,0.9973324441480493,0.9555706007192318,0.0,0.9973333333333333,1.0,0.7801806094589008,0.8019920423568033,0.8238034752547059,1
3246,0.19321704634685477,0.1,0.984452296819788,0.10351487060641174,0.53125,1.0,0.0,0.6666666666666666,0.11072036731924373,0.5,0.20254299446287427,0.9993331110370124,0.9895247632494883,0.0003333333333333333,0.9966666666666667,1.0,0.8676449536018194,0.8866908409337452,0.905736728265671,1
3247,0.11942619717054004,0.1,0.9703180212014134,0.10351487060641174,0.75,1.0,0.0,0.6666666666666666,0.0906816454513355,0.0,0.30468319771597485,0.9983327775925308,0.9858019221271496,0.0,0.9976666666666667,1.0,0.9638546317107799,0.979595028288752,0.995335424866724,1
3248,0.10324157931443612,0.2,0.9717314487632509,0.10351487060641174,0.59375,1.0,0.0,0.6666666666666666,0.07839788105831147,0.5,0.4419682108336773,0.9996665555185061,0.9910664233903138,0.0,0.9966666666666667,1.0,0.9647727041395496,0.971696583371185,0.9786204626028205,1
3249,0.3968920371821044,0.1,0.9908127208480565,0.10351487060641174,0.4375,1.0,0.0,0.6666666666666666,0.17595222876618677,0.0,0.25406250907717964,0.9989996665555185,0.9827604524787654,0.0,0.9983333333333333,1.0,0.8668572303014599,0.9188570960780806,0.9708569618547013,1
3250,0.17186948470404395,0.1,0.9964664310954063,0.2575250836120402,0.78125,1.0,0.0,0.6666666666666666,0.12192227085642948,0.0,0.2784936881644172,0.9983327775925308,0.9861421400540139,0.0,0.9973333333333333,1.0,0.7999235275681819,0.8989037137070197,0.9978838998458576,1
3251,0.25406939740098733,0.3,0.9703180212014134,0.10351487060641174,0.53125,1.0,0.0,0.6666666666666666,0.13296847817408208,0.0,0.34214316746288886,0.9989996665555185,0.9850203125380818,0.0,0.9993333333333333,1.0,0.8969172555400702,0.9289242242560785,0.9609311929720866,1
3252,0.07722018388377883,0.2,0.9985865724381625,0.10351487060641174,0.96875,1.0,0.0,0.6666666666666666,0.08432025312350033,0.0,0.3684034833954859,0.9989996665555185,0.9845229545497143,0.0,0.9993333333333333,1.0,0.8487466702577652,0.8886014479350018,0.9284562256122385,1
3253,0.39966865925008055,0.4,0.9992932862190813,0.320855614973262,0.5625,0.8571428571428571,0.0,0.6666666666666666,0.33613319484238113,0.5,0.16889494260883242,0.9989996665555185,0.9773618928575951,0.0006666666666666666,0.9996666666666667,1.0,0.8156925638504043,0.8381402079313328,0.8605878520122613,1
3254,0.11211889883193149,0.1,0.9886925795053003,0.2575250836120402,0.6875,1.0,0.0,0.6666666666666666,0.18815247287705072,0.0,0.3905053546056614,0.9976658886295432,0.9759300682578068,0.0,0.997,1.0,0.7566997155922852,0.8417308490034027,0.9267619824145201,1
3255,0.19543844502003493,0.0,0.9731448763250884,0.10351487060641174,0.59375,1.0,0.0,0.6666666666666666,0.09023683020131557,0.0,0.22687616643363706,0.9966655551850617,0.9831788495625859,0.0,0.9943333333333333,1.0,0.8586849794228412,0.9267511843756988,0.9948173893285566,1
3256,0.31656939740098733,0.4,0.9908127208480565,0.10351487060641174,0.5625,1.0,0.0,0.6666666666666666,0.15717179030721828,0.0,0.4062791347005398,0.9993331110370124,0.9911641628489138,0.0,0.9996666666666667,1.0,0.8823398965309212,0.9240817074399027,0.9658235183488842,1
3257,0.11021104128529491,0.0,0.992226148409894,0.10351487060641174,0.625,1.0,0.0,0.6666666666666666,0.13000062530771295,0.0,0.19961343149556632,0.9966655551850617,0.9621845786854498,0.0,0.998,1.0,0.790218257230019,0.841335474127525,0.892452691025031,1
3258,0.12332579538365562,0.1,0.9901060070671378,0.10351487060641174,0.71875,1.0,0.0,0.6666666666666666,0.09100119675518292,0.0,0.403754607021944,0.9996665555185061,0.987883346913848,0.0,0.9986666666666667,1.0,0.850556085881881,0.8582054107774061,0.8658547356729311,1
3259,0.44521459479618475,0.0,0.9865724381625441,0.2575250836120402,0.375,1.0,0.0,0.6666666666666666,0.19709840059677952,0.0,0.21049049124018793,0.9966655551850617,0.9665128921770588,0.0,0.999,1.0,0.7561859716959082,0.8253530551206391,0.8945201385453699,1
3260,0.19543844502003493,0.0,0.9731448763250884,0.10351487060641174,0.59375,1.0,0.0,0.6666666666666666,0.08889517209924036,0.0,0.2927323178212421,0.9936645548516172,0.9705317222384456,0.0,0.9963333333333333,1.0,0.8541652398401213,0.9227706485986047,0.9913760573570881,1
3261,0.1492275682599934,0.4,0.9915194346289753,0.10351487060641174,0.625,1.0,0.0,0.6666666666666666,0.09027370942031987,0.5,0.40216369158469345,0.9993331110370124,0.9878217564199306,0.0,0.9996666666666667,1.0,0.8692587216908788,0.9120809401334655,0.9549031585760521,1
3262,0.5775903209219109,0.4,0.9985865724381625,0.4035087719298246,0.625,0.8571428571428571,0.0,0.6666666666666666,0.47543221279055603,0.0,0.39929206563389597,0.9993331110370124,0.9889614580944845,0.0,0.9996666666666667,1.0,0.8247938478224979,0.851885833382735,0.8789778189429722,1
3263,0.6463085458901359,0.7,0.9992932862190813,0.4035087719298246,0.5,0.8571428571428571,0.0,0.6666666666666666,0.863321107665719,0.6666666666666666,0.6912432793322748,1.0,0.9918522414580775,0.001,1.0,1.0,0.7525679365659278,0.7924677579894228,0.8323675794129178,1
3264,0.21014432737297617,0.0,0.9674911660777386,0.10351487060641174,0.4375,1.0,0.0,0.6666666666666666,0.09321794227536351,0.0,0.07317509679767531,0.9963321107035679,0.9794684450941237,0.0,0.9966666666666667,1.0,0.8838679143969269,0.9231907936644537,0.9625136729319803,1
3265,0.1219789940368543,0.2,0.9886925795053003,0.10351487060641174,0.71875,1.0,0.0,0.6666666666666666,0.08774145960902868,0.0,0.13686757407157557,0.9979993331110371,0.9837128201742025,0.0,0.998,1.0,0.8434954373828156,0.9007486689976816,0.9580019006125474,1
3266,0.06374338553980785,0.0,0.9526501766784452,0.10351487060641174,0.5625,1.0,0.0,0.6666666666666666,0.07717085015665182,0.0,0.02343937759654835,0.991997332444148,0.9726085328564132,0.0,0.991,1.0,0.8996496074155339,0.9061936071555055,0.912737606895477,1
3267,0.06762227384288833,0.0,0.9371024734982332,0.10351487060641174,0.5625,1.0,0.0,0.6666666666666666,0.07860411616248131,0.0,0.1630036412332544,0.991997332444148,0.9699649596112115,0.0,0.9923333333333333,1.0,0.9265033222841736,0.9624332096640913,0.9983630970440088,1
3268,0.5150903209219109,0.5,0.9978798586572438,0.6033057851239669,0.375,0.5714285714285714,0.0,0.6666666666666666,0.810805833365901,0.5,0.15038196140467552,0.9996665555185061,0.9872759189051005,0.0,0.9996666666666667,1.0,0.7884800408698749,0.8334718003068077,0.8784635597437405,1
3269,0.21926175597478859,0.3,1.0,0.2575250836120402,0.75,1.0,0.0,0.6666666666666666,0.14073863005263088,0.0,0.43022925719781546,0.9993331110370124,0.9911262957061666,0.0,0.9983333333333333,1.0,0.7765905472668169,0.8625463423712012,0.9485021374755855,1
3270,0.5664814199523237,0.9,0.9992932862190813,0.5217391304347826,0.28125,0.7142857142857143,0.0,0.6666666666666666,0.7065430926010026,1.0,0.7846006221195356,1.0,0.9837697951204878,0.0036666666666666666,1.0,1.0,0.7343135233373643,0.8085320740491106,0.882750624760857,1
3271,0.15566558673984043,0.2,0.9901060070671378,0.10351487060641174,0.71875,1.0,0.0,0.6666666666666666,0.10044322701603581,0.0,0.379094888937356,0.9996665555185061,0.9891931107585891,0.0,0.9983333333333333,1.0,0.8284588344243734,0.8477729746793038,0.8670871149342342,1
3272,0.1055373082816512,0.1,0.9795053003533569,0.10351487060641174,0.875,1.0,0.0,0.6666666666666666,0.09214864188680183,0.0,0.31386444366267763,0.9979993331110371,0.9797477520781136,0.0,0.9976666666666667,1.0,0.9358751894687257,0.9526906826842428,0.96950617589976,1
3273,0.4321803825927325,0.3,0.9978798586572438,0.320855614973262,0.5625,0.8571428571428571,0.0,0.6666666666666666,0.2397505241379133,0.0,0.29645495156634905,0.9989996665555185,0.9863522264747185,0.0,0.9993333333333333,1.0,0.8358193284590547,0.9145448218946209,0.9932703153301872,1
3274,0.21926175597478859,0.3,0.9886925795053003,0.2575250836120402,0.6875,1.0,0.0,0.6666666666666666,0.15276593562750307,0.5,0.47583205845875365,0.9996665555185061,0.9822841961702584,0.0003333333333333333,0.9996666666666667,1.0,0.7702647922324841,0.8577463666056886,0.9452279409788932,1
3275,0.07546380153665833,0.0,0.9519434628975265,0.10351487060641174,0.46875,1.0,0.0,0.6666666666666666,0.07944822709473198,0.0,0.2607529165502488,0.9926642214071357,0.9664562957020322,0.0,0.993,1.0,0.963894470871895,0.9740005197153945,0.9841065685588941,1
3276,0.06374338553980785,0.0,0.984452296819788,0.10351487060641174,0.59375,1.0,0.0,0.6666666666666666,0.07947396546248564,0.0,0.12417415476975557,0.9933311103701233,0.9676875472411511,0.0,0.997,1.0,0.8766611447961953,0.8937072154475361,0.9107532860988767,1
3277,0.2523568312930913,0.1,0.9943462897526502,0.320855614973262,0.46875,0.8571428571428571,0.0,0.6666666666666666,0.16959069370095503,0.0,0.19484274475655738,0.9969989996665555,0.9705003555763542,0.0,0.998,1.0,0.8483221722926012,0.8744248615503496,0.9005275508080981,1
3278,0.1134299620503223,0.2,0.9943462897526502,0.10351487060641174,0.59375,1.0,0.0,0.6666666666666666,0.10621093443556284,0.0,0.09166166677330245,0.9986662220740247,0.9887971868665895,0.0,0.999,1.0,0.8064305432795619,0.8520934258262938,0.8977563083730258,1
3279,0.15058043729346993,0.2,0.9929328621908127,0.2575250836120402,0.46875,1.0,0.0,0.6666666666666666,0.17515829056903287,0.3333333333333333,0.45908736183358423,0.9996665555185061,0.9949323613819219,0.0003333333333333333,0.9993333333333333,1.0,0.7707445362138738,0.884316991726046,0.9978894472382182,1
3280,0.0962971348699917,0.1,0.9717314487632509,0.10351487060641174,0.625,1.0,0.0,0.6666666666666666,0.088407729340093,0.0,0.32447045291512633,0.9993331110370124,0.9891438407027476,0.0,0.998,1.0,0.979140362083762,0.9890492418772018,0.9989581216706416,1
3281,0.12332579538365562,0.1,1.0,0.10351487060641174,0.59375,1.0,0.0,0.6666666666666666,0.08196366631171315,0.0,0.26635911604355367,0.9986662220740247,0.9863862290231667,0.0,0.9966666666666667,1.0,0.8741294573934744,0.8801655200524194,0.8862015827113644,1
3282,0.2523568312930913,0.0,1.0,0.320855614973262,0.40625,0.8571428571428571,0.0,0.6666666666666666,0.14778132970136126,0.0,0.3046157594478175,0.9966655551850617,0.9700735328888481,0.0,0.9973333333333333,1.0,0.860009859390945,0.8795248681967583,0.8990398770025717,1
3283,0.1218694847040439,0.0,0.9696113074204947,0.10351487060641174,0.46875,1.0,0.0,0.6666666666666666,0.10879389613538515,0.0,0.06660093535278422,0.9946648882960987,0.9717302450434443,0.0,0.9956666666666667,1.0,0.823288279878769,0.903220970716488,0.9831536615542069,1
3284,0.11274498378676212,0.1,0.976678445229682,0.10351487060641174,0.71875,1.0,0.0,0.6666666666666666,0.08842160339928518,0.0,0.41555717925539737,0.9986662220740247,0.979156011316121,0.0,0.997,1.0,0.8358302241405273,0.8879125661334284,0.9399949081263295,1
3285,0.11395760366252272,0.3,0.9971731448763251,0.10351487060641174,0.71875,1.0,0.0,0.6666666666666666,0.08313359530223052,0.5,0.7585631517480536,1.0,0.9978439245609574,0.0003333333333333333,0.9983333333333333,1.0,0.864805214758756,0.9150505649522213,0.9652959151456865,1
3286,0.21698372980061387,0.0,0.9915194346289753,0.10351487060641174,0.71875,1.0,0.0,0.6666666666666666,0.08162344154991252,0.0,0.16204999062865288,0.9933311103701233,0.9747651776454239,0.0,0.9943333333333333,1.0,0.9260334694613352,0.961198719118448,0.9963639687755608,1
3287,0.24352621251569717,0.1,0.995053003533569,0.10351487060641174,0.65625,1.0,0.0,0.6666666666666666,0.13307909498016524,0.0,0.2889250036491414,0.9976658886295432,0.9859568310001925,0.0,0.9976666666666667,1.0,0.9043280444549977,0.9496187956149268,0.9949095467748559,1
3288,0.07546380153665833,0.0,0.9908127208480565,0.10351487060641174,0.5625,1.0,0.0,0.6666666666666666,0.07717784224243152,0.0,0.19705248439756695,0.9933311103701233,0.9752126353243613,0.0,0.9926666666666667,1.0,0.9557168513048242,0.9608142766630265,0.9659117020212289,1
3289,0.09922756825999335,0.2,0.9908127208480565,0.10351487060641174,0.53125,1.0,0.0,0.6666666666666666,0.09450368670665488,0.0,0.2961114390179579,0.9993331110370124,0.9835558844372493,0.0,0.9953333333333333,1.0,0.870330956065426,0.9046428861942171,0.9389548163230081,1
3290,0.19834023073432072,0.1,0.9787985865724381,0.10351487060641174,0.6875,1.0,0.0,0.6666666666666666,0.085083446812527,0.0,0.327875161468963,0.9986662220740247,0.9850824738050342,0.0,0.9946666666666667,1.0,0.9014797873615881,0.9430561113768093,0.9846324353920306,1
3291,0.19834023073432072,0.1,0.9936395759717315,0.10351487060641174,0.65625,1.0,0.0,0.6666666666666666,0.08120930254346792,0.0,0.16226943133754868,0.9973324441480493,0.9825060446741444,0.0,0.997,1.0,0.8886410858445447,0.9350452312763258,0.9814493767081068,1
3292,0.42349966950983087,0.6,0.9992932862190813,0.6033057851239669,0.28125,0.5714285714285714,0.0,0.6666666666666666,0.8728940984993689,0.5,0.3280480071288667,0.9993331110370124,0.9755790350814926,0.0016666666666666668,0.9993333333333333,1.0,0.7756931800613576,0.8367243914531112,0.8977556028448648,1
3293,0.10879713486999165,0.2,0.9929328621908127,0.10351487060641174,0.625,1.0,0.0,0.6666666666666666,0.09073555942221923,0.0,0.4412096285908462,0.9996665555185061,0.9899989231449223,0.0,0.9973333333333333,1.0,0.9678270953763437,0.981597795430599,0.9953684954848543,1
3294,0.08149498378676212,0.0,0.9371024734982332,0.10351487060641174,0.5625,1.0,0.0,0.6666666666666666,0.07856807885213313,0.0,0.1667256353927623,0.9849949983327776,0.9596121554862121,0.0,0.9926666666666667,1.0,0.8787194894685608,0.9143312951276342,0.9499431007867076,1
3295,0.06762227384288833,0.0,0.9371024734982332,0.10351487060641174,0.5625,1.0,0.0,0.6666666666666666,0.07705581938006667,0.0,0.09564263477087753,0.9926642214071357,0.9724566760358204,0.0,0.993,1.0,0.9294149883997205,0.9548830816718549,0.9803511749439893,1
3296,0.11942619717054004,0.2,0.9971731448763251,0.10351487060641174,0.90625,1.0,0.0,0.6666666666666666,0.09215153732521142,0.5,0.5774923742028356,1.0,0.9935768655750912,0.0003333333333333333,0.998,1.0,0.9529873549325804,0.9760481887428658,0.9991090225531513,1
3297,0.2632040127856027,0.2,0.992226148409894,0.10351487060641174,0.6875,1.0,0.0,0.6666666666666666,0.10118669726971607,0.0,0.16934340912993173,0.9983327775925308,0.9877233394220888,0.0,0.9976666666666667,1.0,0.9025617368872801,0.9196246086032869,0.9366874803192936,1
3298,0.12105306811092831,0.1,0.9724381625441696,0.10351487060641174,0.53125,1.0,0.0,0.6666666666666666,0.07912996482119805,0.0,0.2622600838801874,0.9986662220740247,0.988379217447674,0.0,0.9966666666666667,1.0,0.8830592312033075,0.895059011032907,0.9070587908625064,1
3299,0.14649652709097272,0.2,0.9908127208480565,0.2575250836120402,0.34375,1.0,0.0,0.6666666666666666,0.15205387475023247,0.0,0.19942505889097473,0.9976658886295432,0.9696311926248056,0.0,0.9976666666666667,1.0,0.7771089988908665,0.8247158835218187,0.8723227681527709,1
3300,0.22185385967074378,0.1,0.9858657243816255,0.10351487060641174,0.71875,1.0,0.0,0.6666666666666666,0.09031539520043574,0.0,0.2085353020507983,0.9993331110370124,0.9935329425876971,0.0,0.997,1.0,0.9397503975426769,0.9486772874047762,0.9576041772668755,1
3301,0.11211889883193149,0.0,0.9929328621908127,0.2575250836120402,0.71875,1.0,0.0,0.6666666666666666,0.1279431287350946,0.0,0.18247733181575065,0.9956652217405801,0.9729318832507563,0.0,0.9976666666666667,1.0,0.7840549115957473,0.8629759417003952,0.9418969718050431,1
3302,0.4368673324629285,0.5,0.9971731448763251,0.803030303030303,0.34375,0.42857142857142855,0.0,0.6666666666666666,0.6785054063130778,0.5,0.5869467943228508,1.0,0.9726612254512246,0.0003333333333333333,0.9996666666666667,1.0,0.7192865571254942,0.7663508960163701,0.813415234907246,1
3303,0.11622106896541184,0.2,0.9795053003533569,0.10351487060641174,0.875,1.0,0.0,0.6666666666666666,0.0837550427981173,0.25,0.5746750892199213,1.0,0.9963570027623793,0.0003333333333333333,0.9986666666666667,1.0,0.9545587758801758,0.9598318568436137,0.9651049378070516,1
3304,0.22185385967074378,0.1,0.9858657243816255,0.10351487060641174,0.71875,1.0,0.0,0.6666666666666666,0.08995451309898372,0.5,0.2403130722924226,0.9993331110370124,0.994607607252584,0.0003333333333333333,0.997,1.0,0.9399285295750579,0.9493251395741826,0.9587217495733075,1
3305,0.11274498378676212,0.1,0.9915194346289753,0.10351487060641174,0.9375,1.0,0.0,0.6666666666666666,0.08356566092919993,0.0,0.3478777685223149,0.9973324441480493,0.9780474273484397,0.0,0.9953333333333333,1.0,0.8514432823155158,0.8998104004201686,0.9481775185248212,1
3306,0.11622106896541184,0.1,0.9795053003533569,0.10351487060641174,0.875,1.0,0.0,0.6666666666666666,0.08567743695669294,0.0,0.15129504144202488,0.9973324441480493,0.980575196198063,0.0,0.9966666666666667,1.0,0.9605712328507342,0.9638864495172731,0.967201666183812,1
3307,0.22153734611893605,0.2,0.9858657243816255,0.10351487060641174,0.65625,1.0,0.0,0.6666666666666666,0.09859405430468837,0.0,0.30066139811800496,0.9986662220740247,0.9830432317214064,0.0,0.999,1.0,0.9181885065413838,0.9284184144434835,0.9386483223455832,1
3308,0.11622106896541184,0.1,0.9795053003533569,0.10351487060641174,0.875,1.0,0.0,0.6666666666666666,0.08501580681709009,0.0,0.220154643113047,0.9989996665555185,0.9874646300391204,0.0,0.9966666666666667,1.0,0.9617536556533901,0.9622351945014491,0.9627167333495082,1
3309,0.21698372980061387,0.0,0.9915194346289753,0.10351487060641174,0.71875,1.0,0.0,0.6666666666666666,0.08552699860586932,0.0,0.28979526993007976,0.9943314438146049,0.97785528780104,0.0,0.9956666666666667,1.0,0.9291012742126172,0.9522475503103396,0.975393826408062,1
3310,0.1657665968408505,0.2,0.9879858657243816,0.10351487060641174,0.5625,1.0,0.0,0.6666666666666666,0.2275061606554778,0.0,0.30987020816610333,0.9993331110370124,0.9891743676579134,0.0,0.9986666666666667,1.0,0.7597723218549293,0.8175156373665589,0.8752589528781883,1
3311,0.21579325361013768,0.1,0.9858657243816255,0.10351487060641174,0.65625,1.0,0.0,0.6666666666666666,0.10360467212176971,0.0,0.34177357309175316,0.9989996665555185,0.9875761692551918,0.0,0.9986666666666667,1.0,0.9303769222942756,0.9490326987003505,0.9676884751064253,1
3312,0.29846042304201303,0.1,0.9936395759717315,0.10351487060641174,0.40625,1.0,0.0,0.6666666666666666,0.11272484767021185,0.0,0.2886374872258326,0.9976658886295432,0.9826080912172986,0.0,0.999,1.0,0.9093557121612046,0.9135130020669786,0.9176702919727527,1
3313,0.07775953050387341,0.1,0.9795053003533569,0.10351487060641174,0.875,1.0,0.0,0.6666666666666666,0.089195286122011,0.0,0.34063872804976114,0.9973324441480493,0.977604644606919,0.0,0.9973333333333333,1.0,0.9498482227711058,0.9633100870619524,0.9767719513527992,1
3314,0.217210423042013,0.0,0.9738515901060071,0.10351487060641174,0.59375,1.0,0.0,0.6666666666666666,0.09860849704243824,0.0,0.09016449831917994,0.9929976658886296,0.9700407395156705,0.0,0.996,1.0,0.9476746710479026,0.9733346711040947,0.9989946711602866,1
3315,0.4969664419440092,0.3,0.9985865724381625,0.10351487060641174,0.40625,1.0,0.0,0.6666666666666666,0.2485536829743923,1.0,0.6105847460193413,1.0,0.9939406438479416,0.0003333333333333333,1.0,1.0,0.8886168352939419,0.8958338156608961,0.9030507960278504,1
3316,0.5457900780560943,0.6,0.9978798586572438,0.4035087719298246,0.4375,0.8571428571428571,0.0,0.6666666666666666,0.44669534586037474,0.5,0.687202558055745,1.0,0.9977210594793883,0.0003333333333333333,0.9996666666666667,1.0,0.7845536471057744,0.8283649646600584,0.8721762822143424,1
3317,0.06374338553980785,0.0,0.9526501766784452,0.10351487060641174,0.5625,1.0,0.0,0.6666666666666666,0.07670268744051922,0.0,0.0797795088355252,0.9909969989996665,0.9675356075727385,0.0,0.9916666666666667,1.0,0.9112040316314985,0.911204833036775,0.9112056344420515,1
3318,0.11211889883193149,0.0,0.9936395759717315,0.2575250836120402,0.84375,1.0,0.0,0.6666666666666666,0.12490050491422933,0.0,0.28789015607994584,0.9963321107035679,0.9729311223170481,0.0,0.997,1.0,0.7857145890900357,0.8551247157269166,0.9245348423637976,1
3319,0.283425458007048,0.0,0.9908127208480565,0.10351487060641174,0.4375,1.0,0.0,0.6666666666666666,0.21161284245131617,0.0,0.18267191860850895,0.9966655551850617,0.976415763069267,0.0,0.9983333333333333,1.0,0.8420870053393933,0.8615892220265815,0.8810914387137696,1
3320,0.54045269003428,0.4,1.0,0.803030303030303,0.375,0.42857142857142855,0.0,0.6666666666666666,0.3941808051432867,1.0,0.7194887576337958,1.0,0.9896649496125087,0.001,1.0,1.0,0.7270743527215988,0.8531187392528898,0.9791631257841807,1
3321,0.06374338553980785,0.0,0.9526501766784452,0.10351487060641174,0.5625,1.0,0.0,0.6666666666666666,0.07646014424363345,0.0,0.07045151851473941,0.980326775591864,0.9520517148493458,0.0,0.9886666666666667,1.0,0.9089688834316875,0.9140412773335402,0.919113671235393,1
3322,0.1492275682599934,0.4,0.9915194346289753,0.10351487060641174,0.625,1.0,0.0,0.6666666666666666,0.09077563051414728,0.3333333333333333,0.6499774363915882,1.0,0.9959131987066949,0.0003333333333333333,0.9993333333333333,1.0,0.8651266342408314,0.9110238067678378,0.9569209792948442,1
3323,0.5775903209219109,0.8,0.9985865724381625,0.6033057851239669,0.34375,0.5714285714285714,0.0,0.6666666666666666,0.8610252829735237,1.0,0.5076873276022216,1.0,0.9805954156015395,0.0006666666666666666,1.0,1.0,0.7841315407420145,0.8191637793379803,0.8541960179339462,1
3324,0.25124941158102043,0.3,0.9943462897526502,0.320855614973262,0.46875,0.8571428571428571,0.0,0.6666666666666666,0.18912103583357676,0.0,0.3866639317980539,0.9983327775925308,0.97737714373872,0.0,0.9993333333333333,1.0,0.846658233625223,0.8593580180165459,0.8720578024078687,1
3325,0.2261180085120985,0.1,0.9985865724381625,0.10351487060641174,0.71875,1.0,0.0,0.6666666666666666,0.08967172659182676,0.0,0.47974422148466056,0.9996665555185061,0.9919656844703011,0.0,0.998,1.0,0.9125946018969238,0.9375941170122559,0.9625936321275881,1
3326,0.13494185397427916,0.1,0.9915194346289753,0.10351487060641174,0.625,1.0,0.0,0.6666666666666666,0.10334417570692578,0.5,0.43441277929927136,0.9996665555185061,0.9890650616527843,0.0,0.9986666666666667,1.0,0.8329259780779842,0.8950927689630233,0.9572595598480623,1
3327,0.3552253705154379,0.0,0.9908127208480565,0.10351487060641174,0.4375,1.0,0.0,0.6666666666666666,0.1517623086772255,0.0,0.14974602450974706,0.9963321107035679,0.9797918552016275,0.0,0.9973333333333333,1.0,0.8662302572161832,0.9298850554145859,0.9935398536129885,1
3328,0.11482831712009545,0.1,0.9787985865724381,0.10351487060641174,0.875,1.0,0.0,0.6666666666666666,0.07955782963050706,0.0,0.2947855964957581,0.9986662220740247,0.9918329576159988,0.0,0.9983333333333333,1.0,0.8714903928480634,0.9001306147917466,0.9287708367354298,1
3329,0.06374338553980785,0.0,0.9526501766784452,0.10351487060641174,0.5625,1.0,0.0,0.6666666666666666,0.07602555805988032,0.0,0.18789663363253295,0.9873291097032344,0.9613391845624214,0.0,0.9876666666666667,1.0,0.923799779769444,0.9273385349522437,0.9308772901350434,1
3330,0.3699823149598823,0.0,0.9908127208480565,0.10351487060641174,0.5625,1.0,0.0,0.6666666666666666,0.15701676587254887,0.0,0.20503626927746788,0.9953317772590864,0.973809833998585,0.0,0.9983333333333333,1.0,0.9063737235771783,0.9251788422280162,0.9439839608788541,1
3331,0.06374338553980785,0.0,0.9371024734982332,0.10351487060641174,0.5625,1.0,0.0,0.6666666666666666,0.07690397268292426,0.0,0.20886820747366874,0.9863287762587529,0.9573685181803502,0.0,0.9896666666666667,1.0,0.8948663038894576,0.9165580805651521,0.9382498572408466,1
3332,0.09164841939276225,0.1,0.9371024734982332,0.10351487060641174,0.5625,1.0,0.0,0.6666666666666666,0.08886686280969358,0.0,0.3296737264981555,0.9993331110370124,0.9924953995340802,0.0,0.9983333333333333,1.0,0.9384382631046514,0.9390433111045646,0.939648359104478,1
3333,0.12702949908735928,0.1,0.9992932862190813,0.10351487060641174,0.6875,1.0,0.0,0.6666666666666666,0.09121113271026648,0.0,0.09348266822218554,0.9976658886295432,0.9853033850174314,0.0,0.996,1.0,0.8311543670815688,0.8885545493990192,0.9459547317164697,1
3334,0.06374338553980785,0.0,0.9371024734982332,0.10351487060641174,0.5625,1.0,0.0,0.6666666666666666,0.07583791649860938,0.0,0.0824976961056958,0.9846615538512837,0.9596872408096992,0.0,0.9866666666666667,1.0,0.9266855386354819,0.9351078633530238,0.9435301880705657,1
3335,0.4136331086106759,0.3,0.9971731448763251,0.10351487060641174,0.65625,1.0,0.0,0.6666666666666666,0.19064835363730148,0.0,0.31735855440950045,0.9983327775925308,0.9810777508517574,0.0,0.9996666666666667,1.0,0.894951109648994,0.9082877041812032,0.9216242987134122,1
3336,0.24886106406765407,0.1,0.9908127208480565,0.10351487060641174,0.5625,1.0,0.0,0.6666666666666666,0.1659488141629426,0.0,0.16234469176412902,0.9969989996665555,0.9812281534590794,0.0,0.998,1.0,0.8821376399450117,0.9387305569859459,0.9953234740268802,1
3337,0.06762227384288833,0.1,0.9978798586572438,0.10351487060641174,0.6875,1.0,0.0,0.6666666666666666,0.08152445931105368,0.5,0.48385797120989127,0.9996665555185061,0.989882883988677,0.0,0.9976666666666667,1.0,0.9078036687535594,0.9420013237758045,0.9761989787980494,1
3338,0.23405451644860642,0.1,0.9908127208480565,0.10351487060641174,0.78125,1.0,0.0,0.6666666666666666,0.07948563999851588,0.0,0.4144810528620415,0.9986662220740247,0.9856198112409481,0.0,0.9986666666666667,1.0,0.8793737607236881,0.9118118857903355,0.9442500108569828,1
3339,0.09213046820332504,0.0,0.9717314487632509,0.10351487060641174,0.625,1.0,0.0,0.6666666666666666,0.08474259298835507,0.0,0.06534937324975587,0.9966655551850617,0.9870840196845183,0.0,0.9963333333333333,1.0,0.9966197980677015,0.9982363363745912,0.9998528746814809,1
3340,0.2796375792191692,0.2,0.9957597173144876,0.10351487060641174,0.46875,1.0,0.0,0.6666666666666666,0.12362521213933153,0.0,0.2694646963190028,0.9989996665555185,0.9854914881826086,0.0,0.999,1.0,0.8513429343453991,0.8894674561860212,0.9275919780266432,1
3341,0.14277317927548394,0.1,0.9681978798586572,0.10351487060641174,0.5,1.0,0.0,0.6666666666666666,0.12394514283717528,0.5,0.21918984630030114,0.9989996665555185,0.9769883968757184,0.0003333333333333333,0.997,1.0,0.7988333635561649,0.8928111272815646,0.9867888910069645,1
3342,0.09922756825999335,0.1,0.9908127208480565,0.10351487060641174,0.53125,1.0,0.0,0.6666666666666666,0.10171145669575155,0.0,0.2298876673396988,0.9979993331110371,0.9773975785254113,0.0,0.997,1.0,0.8616892845151447,0.8941816888130802,0.9266740931110159,1
3343,0.0983257953836556,0.1,0.9809187279151943,0.10351487060641174,0.78125,1.0,0.0,0.6666666666666666,0.08819526708804304,0.0,0.2590622751075844,0.9969989996665555,0.9758384624047355,0.0,0.998,1.0,0.8486611696399053,0.8658454829499496,0.8830297962599938,1
3344,0.3940234979597579,0.5,1.0,0.320855614973262,0.5,0.8571428571428571,0.0,0.6666666666666666,0.6144170892154,1.0,0.629978542516848,1.0,0.9894242343581576,0.0003333333333333333,1.0,1.0,0.7870119453748399,0.8035932146734142,0.8201744839719884,1
3345,0.06374338553980785,0.0,0.9371024734982332,0.10351487060641174,0.5625,1.0,0.0,0.6666666666666666,0.07601151246112892,0.0,0.05719110007032302,0.9719906635545181,0.9429919066964219,0.0,0.9866666666666667,1.0,0.9128817034649049,0.9253509859179384,0.9378202683709719,1
3346,0.06374338553980785,0.0,0.9526501766784452,0.10351487060641174,0.5625,1.0,0.0,0.6666666666666666,0.07659475330999554,0.0,0.11791137282455388,0.9859953317772591,0.9578817604502268,0.0,0.989,1.0,0.9054298768700357,0.9124719714837684,0.9195140660975009,1
3347,0.21579325361013768,0.0,0.9858657243816255,0.10351487060641174,0.65625,1.0,0.0,0.6666666666666666,0.10138074962511623,0.0,0.1878437617298554,0.9953317772590864,0.9794679851392929,0.0,0.9973333333333333,1.0,0.9332032640300318,0.9466085935377546,0.9600139230454773,1
3348,0.37605870384877116,0.0,0.9879858657243816,0.10351487060641174,0.5,1.0,0.0,0.6666666666666666,0.10392803400291906,0.0,0.07080662149375627,0.995998666222074,0.9781719377364654,0.0,0.998,1.0,0.9061512130809671,0.9347806506961915,0.963410088311416,1
3349,0.1492275682599934,0.2,0.9957597173144876,0.10351487060641174,0.625,1.0,0.0,0.6666666666666666,0.13405696273870882,0.0,0.411457306783756,0.9996665555185061,0.992789747232323,0.0,0.9986666666666667,1.0,0.824809251886972,0.8687555343140113,0.9127018167410507,1
3350,0.5457900780560943,0.5,0.9985865724381625,0.4035087719298246,0.46875,0.8571428571428571,0.0,0.6666666666666666,0.45999811349445163,1.0,0.7949263929151626,1.0,0.9955347060081581,0.0006666666666666666,1.0,1.0,0.8052777453978461,0.829692950637848,0.8541081558778498,1
3351,0.1218694847040439,0.0,0.9696113074204947,0.10351487060641174,0.46875,1.0,0.0,0.6666666666666666,0.10923788455201189,0.0,0.2494383337977656,0.9939979993331111,0.9678187923369992,0.0,0.9956666666666667,1.0,0.814167720697183,0.9064202602756471,0.9986727998541113,1
3352,0.11021104128529491,0.1,0.9879858657243816,0.10351487060641174,0.5625,1.0,0.0,0.6666666666666666,0.23757525704349047,0.0,0.307857935265767,0.9973324441480493,0.9646535934867667,0.0,0.998,1.0,0.7626918365308014,0.8088573914837234,0.8550229464366453,1
3353,0.1055373082816512,0.1,0.9703180212014134,0.10351487060641174,0.75,1.0,0.0,0.6666666666666666,0.09975731132850785,0.0,0.3443145234174979,0.9996665555185061,0.9942063106697815,0.0,0.9976666666666667,1.0,0.9565237166848475,0.9629971262680075,0.9694705358511676,1
3354,0.11848249054035076,0.1,0.9724381625441696,0.10351487060641174,0.53125,1.0,0.0,0.6666666666666666,0.08376794142379274,0.0,0.30319050885394816,0.9986662220740247,0.9895075990153646,0.0,0.997,1.0,0.8533179814768213,0.8877065274987094,0.9220950735205975,1
3355,0.1261035731614334,0.0,0.9724381625441696,0.10351487060641174,0.53125,1.0,0.0,0.6666666666666666,0.08097060283060709,0.0,0.27480565064691287,0.9943314438146049,0.9759007000092768,0.0,0.9966666666666667,1.0,0.8680905390875672,0.8912185698102717,0.9143466005329762,1
3356,0.37378602336761335,0.3,0.9992932862190813,0.803030303030303,0.375,0.42857142857142855,0.0,0.6666666666666666,0.3921013155495867,0.0,0.29597659149730726,0.9989996665555185,0.9537331813554168,0.0,0.9996666666666667,1.0,0.7253775691110962,0.8096649951942962,0.8939524212774964,1
3357,0.07936838553980785,0.0,0.9371024734982332,0.10351487060641174,0.5625,1.0,0.0,0.6666666666666666,0.07595168085895954,0.0,0.11680832646535855,0.9899966655551851,0.9664240109041095,0.0,0.9873333333333333,1.0,0.9330156101625803,0.9348265067476806,0.9366374033327811,1
3358,0.44251636709795705,0.6,0.9985865724381625,0.6033057851239669,0.3125,0.5714285714285714,0.0,0.6666666666666666,0.7329466314684402,1.0,0.6116484319634812,1.0,0.9935750728676879,0.0003333333333333333,1.0,1.0,0.8019575874632996,0.8842605723171808,0.9665635571710621,1
3359,0.06374338553980785,0.0,0.9371024734982332,0.10351487060641174,0.5625,1.0,0.0,0.6666666666666666,0.07646751223551818,0.0,0.05164849505068514,0.9883294431477159,0.9659499378202168,0.0,0.9926666666666667,1.0,0.9478180271256264,0.9517596706462436,0.9557013141668608,1
3360,0.22668844502003493,0.2,0.9858657243816255,0.10351487060641174,0.6875,1.0,0.0,0.6666666666666666,0.08784050313622327,0.0,0.2776163706402882,0.9989996665555185,0.9889883491800029,0.0,0.9973333333333333,1.0,0.869439945579746,0.9317993547638178,0.9941587639478896,1
3361,0.1657665968408505,0.2,0.9879858657243816,0.10351487060641174,0.5625,1.0,0.0,0.6666666666666666,0.2138961107884516,0.0,0.4160248844797181,0.9983327775925308,0.9788887058879512,0.0,0.9976666666666667,1.0,0.7646870170512141,0.8155964024806397,0.8665057879100653,1
3362,0.09213046820332504,0.0,0.9371024734982332,0.10351487060641174,0.5625,1.0,0.0,0.6666666666666666,0.07628981043276017,0.0,0.3293119466725639,0.995998666222074,0.9783393902140354,0.0,0.9933333333333333,1.0,0.9376630267592676,0.9491744156730026,0.9606858045867377,1
3363,0.12359034564820581,0.2,0.9901060070671378,0.10351487060641174,0.65625,1.0,0.0,0.6666666666666666,0.08806620484178163,0.25,0.5553758863898678,1.0,0.99347484710462,0.0,0.9986666666666667,1.0,0.8473949999382911,0.8660258709311879,0.8846567419240847,1
3364,0.06374338553980785,0.0,0.9371024734982332,0.10351487060641174,0.5625,1.0,0.0,0.6666666666666666,0.07600952038849063,0.0,0.05753877785712913,0.9929976658886296,0.9704815301344227,0.0,0.9866666666666667,1.0,0.9331623410414324,0.9430315635185514,0.9529007859956705,1
3365,0.2261180085120985,0.1,0.9978798586572438,0.10351487060641174,0.59375,1.0,0.0,0.6666666666666666,0.08879170689450144,0.0,0.1964364049364684,0.9983327775925308,0.9834746321853952,0.0,0.9986666666666667,1.0,0.9181793481418248,0.9412784169457138,0.9643774857496028,1
3366,0.1349660070238673,0.2,0.9936395759717315,0.10351487060641174,0.78125,1.0,0.0,0.6666666666666666,0.10039620870284016,0.0,0.10798700185867405,0.9989996665555185,0.989727790155432,0.0,0.999,1.0,0.8400332402194706,0.9103929956134283,0.9807527510073861,1
3367,0.22690436472124875,0.2,0.9858657243816255,0.10351487060641174,0.65625,1.0,0.0,0.6666666666666666,0.09923509425250043,0.0,0.2792530771699979,0.9996665555185061,0.9928299947027726,0.0,0.9993333333333333,1.0,0.9359462750483513,0.9377812681552149,0.9396162612620785,1
3368,0.09994745661105164,0.0,0.976678445229682,0.10351487060641174,0.71875,1.0,0.0,0.6666666666666666,0.09482905713694156,0.0,0.23018850346615416,0.995998666222074,0.9709337044053432,0.0,0.998,1.0,0.8233306936132986,0.8701716742501424,0.9170126548869861,1
3369,0.11848249054035076,0.1,0.9886925795053003,0.10351487060641174,0.71875,1.0,0.0,0.6666666666666666,0.09342450291207804,0.3333333333333333,0.33903721552490984,0.9993331110370124,0.9887711833032964,0.0,0.9966666666666667,1.0,0.833991459748561,0.9055400375237017,0.9770886152988425,1
3370,0.2599988845804745,0.2,0.9858657243816255,0.10351487060641174,0.65625,1.0,0.0,0.6666666666666666,0.09606019496889662,0.0,0.29796210910355025,0.9993331110370124,0.9903725636884583,0.0,0.9996666666666667,1.0,0.9081510797378431,0.9270858721883928,0.9460206646389424,1
3371,0.1349660070238673,0.2,0.9936395759717315,0.10351487060641174,0.78125,1.0,0.0,0.6666666666666666,0.10090833591242143,0.5,0.32520815455296104,0.9993331110370124,0.9930783329278117,0.0,0.999,1.0,0.8405178090063301,0.9095194228345399,0.9785210366627497,1
3372,0.11942619717054004,0.1,0.9971731448763251,0.10351487060641174,0.90625,1.0,0.0,0.6666666666666666,0.09107833561221101,0.0,0.4381933482912108,0.9993331110370124,0.9920485121461817,0.0,0.998,1.0,0.9607320764620427,0.9787731603476519,0.9968142442332613,1
3373,0.06374338553980785,0.0,0.9526501766784452,0.10351487060641174,0.5625,1.0,0.0,0.6666666666666666,0.07616495801085565,0.0,0.14956160563286858,0.9826608869623208,0.9537812797694364,0.0,0.9873333333333333,1.0,0.9137429392332016,0.9189072959476031,0.9240716526620046,1
3374,0.06762227384288833,0.1,0.9851590106007068,0.10351487060641174,0.6875,1.0,0.0,0.6666666666666666,0.07837333619475884,0.0,0.27946775157652615,0.9976658886295432,0.984874577810659,0.0,0.9943333333333333,1.0,0.899834416102448,0.9441207903195217,0.9884071645365955,1
3375,0.10717129520975577,0.1,0.9717314487632509,0.10351487060641174,0.625,1.0,0.0,0.6666666666666666,0.08137124404081009,0.0,0.4764315126046732,0.9993331110370124,0.9897618376232962,0.0,0.997,1.0,0.9681360991877414,0.9787946815343724,0.9894532638810036,1
3376,0.15926329538365558,0.1,0.9696113074204947,0.10351487060641174,0.46875,1.0,0.0,0.6666666666666666,0.10010420180313029,0.0,0.2404530800854776,0.9976658886295432,0.9778439660301594,0.0,0.9976666666666667,1.0,0.815341862227238,0.8862961330007186,0.9572504037741991,1
3377,0.11915912871698897,0.2,0.976678445229682,0.10351487060641174,0.71875,1.0,0.0,0.6666666666666666,0.09452746013320046,0.0,0.35182219146469296,0.9983327775925308,0.9771972626910592,0.0,0.999,1.0,0.8280969001018423,0.8619313219562408,0.8957657438106392,1
3378,0.23846794240420244,0.3,0.9858657243816255,0.320855614973262,0.28125,0.8571428571428571,0.0,0.6666666666666666,0.4756785055166296,0.0,0.4784297712507777,0.9993331110370124,0.9824170015532757,0.0,0.998,1.0,0.8020289933344171,0.8897640076064285,0.9774990218784398,1
3379,0.19543844502003493,0.0,0.9674911660777386,0.10351487060641174,0.4375,1.0,0.0,0.6666666666666666,0.11073218687934838,0.0,0.16884034832707784,0.9953317772590864,0.978713991404135,0.0,0.9956666666666667,1.0,0.8785453977751404,0.9038930184711984,0.9292406391672565,1
3380,0.14277317927548394,0.1,0.9985865724381625,0.10351487060641174,0.78125,1.0,0.0,0.6666666666666666,0.18879719223609703,0.3333333333333333,0.31741125871042297,0.9996665555185061,0.9843720898050023,0.0,0.9986666666666667,1.0,0.7690985861784827,0.8782497113568762,0.9874008365352698,1
3381,0.09925172130958149,0.0,0.9696113074204947,0.10351487060641174,0.46875,1.0,0.0,0.6666666666666666,0.09818659379328831,0.0,0.23331668572769748,0.9929976658886296,0.9650594073955452,0.0,0.997,1.0,0.8207683393177752,0.8937228909748742,0.9666774426319734,1
3382,0.28245992027680433,0.3,0.9992932862190813,0.10351487060641174,0.78125,1.0,0.0,0.6666666666666666,0.1049273079030274,0.5,0.4220832074220714,0.9996665555185061,0.991230355724963,0.0003333333333333333,0.9996666666666667,1.0,0.9262339388394574,0.9370977712647492,0.9479616036900412,1
3383,0.11211889883193149,0.1,0.9957597173144876,0.2575250836120402,0.5625,1.0,0.0,0.6666666666666666,0.17596183509084062,0.0,0.16110624727587186,0.9976658886295432,0.9765855522795106,0.0,0.9973333333333333,1.0,0.7606923285093523,0.8389902000429174,0.9172880715764824,1
3384,0.21995992027680433,0.1,0.9936395759717315,0.10351487060641174,0.40625,1.0,0.0,0.6666666666666666,0.1109795528901869,0.25,0.49762194517988767,0.9996665555185061,0.992919542149497,0.0,0.999,1.0,0.9181145759822408,0.9367783747678169,0.955442173553393,1
3385,0.11848249054035076,0.2,0.9915194346289753,0.10351487060641174,0.625,1.0,0.0,0.6666666666666666,0.08625741019727284,0.0,0.39750603423902586,0.9986662220740247,0.9837352076397536,0.0,0.9993333333333333,1.0,0.8442168159898478,0.8899202865026894,0.935623757015531,1
3386,0.2682170463468547,0.3,0.9985865724381625,0.10351487060641174,0.5625,1.0,0.0,0.6666666666666666,0.10417176324268618,0.5,0.7951845543191638,1.0,0.9977927886129058,0.0006666666666666666,0.9996666666666667,1.0,0.9007774966719073,0.9115919909485047,0.9224064852251022,1
3387,0.23846794240420244,0.2,0.9858657243816255,0.320855614973262,0.28125,0.8571428571428571,0.0,0.6666666666666666,0.3320268457755592,0.0,0.3953434460319276,0.9983327775925308,0.9748422593838391,0.0,0.9993333333333333,1.0,0.8244129570975925,0.8968280195627718,0.9692430820279511,1
3388,0.24352621251569717,0.3,1.0,0.10351487060641174,0.75,1.0,0.0,0.6666666666666666,0.12584675955177638,0.5,0.49219169152321984,0.9996665555185061,0.9918760746470874,0.0003333333333333333,1.0,1.0,0.9073623953626934,0.9492725641836564,0.9911827330046192,1
3389,0.21579325361013768,0.1,0.9858657243816255,0.10351487060641174,0.65625,1.0,0.0,0.6666666666666666,0.106819235873853,0.0,0.2547177705283229,0.9979993331110371,0.9812395580550798,0.0,0.999,1.0,0.9252678323599716,0.9464191192731937,0.9675704061864158,1
3390,0.15187770795196165,0.2,0.9915194346289753,0.10351487060641174,0.75,1.0,0.0,0.6666666666666666,0.10450942939066854,0.0,0.09082832719066192,0.9993331110370124,0.9832077918298109,0.0,0.999,1.0,0.8167288560139376,0.8484870917854486,0.8802453275569596,1
3391,0.1349660070238673,0.1,0.9964664310954063,0.10351487060641174,0.8125,1.0,0.0,0.6666666666666666,0.09423265816667559,0.0,0.22190208347592233,0.9983327775925308,0.9832695474652011,0.0,0.9966666666666667,1.0,0.8473281664456439,0.9199108834743899,0.9924936005031358,1
3392,0.1134299620503223,0.0,0.984452296819788,0.10351487060641174,0.5625,1.0,0.0,0.6666666666666666,0.09741528160171142,0.0,0.1728653667661334,0.9949983327775925,0.9742908317200271,0.0,0.9976666666666667,1.0,0.8182914363545107,0.8623945968055635,0.9064977572566162,1
3393,0.5457900780560943,0.7,0.9985865724381625,0.4035087719298246,0.46875,0.8571428571428571,0.0,0.6666666666666666,0.5024583258815061,0.5,0.9219503226335579,1.0,0.9982010106121524,0.0006666666666666666,1.0,1.0,0.811890531495503,0.8282785714450265,0.84466661139455,1
3394,0.12496397202183218,0.1,0.9915194346289753,0.10351487060641174,0.875,1.0,0.0,0.6666666666666666,0.09381452925857536,0.0,0.11417171189217024,0.9976658886295432,0.981905334388497,0.0,0.998,1.0,0.8519155508413049,0.8529019478245177,0.8538883448077303,1
3395,0.3422045371821044,0.1,0.9957597173144876,0.10351487060641174,0.4375,1.0,0.0,0.6666666666666666,0.1727230147258818,0.0,0.291204050555522,0.9976658886295432,0.9874734833637342,0.0,0.9976666666666667,1.0,0.9123688545731212,0.9145860113460653,0.9168031681190094,1
3396,0.08078016857973047,0.1,0.9681978798586572,0.10351487060641174,0.625,1.0,0.0,0.6666666666666666,0.08152357628657902,0.0,0.32608105398077203,0.9973324441480493,0.9804642211794484,0.0,0.9983333333333333,1.0,0.9027757226569755,0.9405208361591831,0.9782659496613908,1
3397,0.08149498378676212,0.0,0.9787985865724381,0.10351487060641174,0.875,1.0,0.0,0.6666666666666666,0.08004462180350047,0.0,0.07680013287684395,0.9909969989996665,0.9726302953813624,0.0,0.9943333333333333,1.0,0.86830171627022,0.908320244982523,0.9483387736948259,1
3398,0.6501619306658137,0.5,0.9985865724381625,0.9924012158054711,0.25,0.2857142857142857,0.0,0.6666666666666666,0.9341076249689065,0.0,0.2911816802294054,0.9993331110370124,0.9846478929275699,0.0,0.9996666666666667,1.0,0.7666836393041961,0.8498181107983023,0.9329525822924084,1
3399,0.15926329538365558,0.1,0.9696113074204947,0.10351487060641174,0.46875,1.0,0.0,0.6666666666666666,0.10296816150699029,0.0,0.30458237358830764,0.9976658886295432,0.9816995292182168,0.0,0.997,1.0,0.8116037337472098,0.8861872260832244,0.960770718419239,1
3400,0.13247758109794128,0.2,0.9985865724381625,0.10351487060641174,0.5625,1.0,0.0,0.6666666666666666,0.10030452203114015,0.0,0.19353549777637624,0.9989996665555185,0.9807359441655725,0.0,0.9996666666666667,1.0,0.8120888670795298,0.8714792849895827,0.9308697028996358,1
3401,0.23205889356119824,0.3,0.9964664310954063,0.10351487060641174,0.75,1.0,0.0,0.6666666666666666,0.24925338583514756,0.0,0.375675319429123,0.9996665555185061,0.9855385874265217,0.0,0.9996666666666667,1.0,0.7579492456491413,0.8659170105245253,0.9738847753999091,1
3402,0.21835735617424024,0.1,0.995053003533569,0.10351487060641174,0.625,1.0,0.0,0.6666666666666666,0.09064400368471914,0.5,0.34620956050507157,0.9996665555185061,0.9943523227949966,0.0003333333333333333,0.995,1.0,0.9608818302019253,0.967065825004862,0.9732498198077987,1
3403,0.2781194847040439,0.4,0.9957597173144876,0.2575250836120402,0.46875,1.0,0.0,0.6666666666666666,0.2695254144059356,0.3333333333333333,0.4824537615260561,0.9996665555185061,0.9897241921015868,0.0003333333333333333,0.9993333333333333,1.0,0.7824259791666401,0.8478508743599833,0.9132757695533263,1
3404,0.4707900780560942,0.2,0.9971731448763251,0.4035087719298246,0.4375,0.8571428571428571,0.0,0.6666666666666666,0.25886527818472127,0.0,0.35240010158315715,0.9976658886295432,0.9802040963379172,0.0,0.9973333333333333,1.0,0.8338651096170202,0.8529324843763529,0.8719998591356857,1
3405,0.0962971348699917,0.0,0.9717314487632509,0.10351487060641174,0.625,1.0,0.0,0.6666666666666666,0.08765147230804782,0.0,0.0877331069067443,0.991997332444148,0.9733181880555621,0.0,0.9966666666666667,1.0,0.9857574731806877,0.9894058975071955,0.9930543218337035,1
3406,0.4391248270371769,0.4,0.9957597173144876,0.320855614973262,0.375,0.8571428571428571,0.0,0.6666666666666666,0.5619063634882135,0.3333333333333333,0.35727766945489414,0.9996665555185061,0.9868301612288335,0.0,0.9993333333333333,1.0,0.823842250782299,0.8642164127076309,0.9045905746329629,1
3407,0.19834023073432072,0.1,0.9787985865724381,0.10351487060641174,0.6875,1.0,0.0,0.6666666666666666,0.08384509395695172,0.0,0.33937495301922016,0.9973324441480493,0.9833815421865658,0.0,0.9956666666666667,1.0,0.9052157037334077,0.9473152502449935,0.9894147967565793,1
3408,0.13918729147906983,0.1,0.9971731448763251,0.10351487060641174,0.65625,1.0,0.0,0.6666666666666666,0.086140854799446,0.0,0.2433678548180611,0.9989996665555185,0.9820672276000253,0.0,0.998,1.0,0.8481979148505747,0.9148214035249481,0.9814448921993215,1
3409,0.09676329538365558,0.0,0.9943462897526502,0.10351487060641174,0.59375,1.0,0.0,0.6666666666666666,0.10936976881951788,0.0,0.22755702975654213,0.9953317772590864,0.9712337511125214,0.0,0.9963333333333333,1.0,0.8094887949572848,0.8416052459713921,0.8737216969854993,1
3410,0.11622106896541184,0.2,0.9371024734982332,0.10351487060641174,0.5625,1.0,0.0,0.6666666666666666,0.08315241423648623,0.0,0.4663226766858306,0.9996665555185061,0.9864950436030486,0.0,0.9963333333333333,1.0,0.942870610946672,0.9538682169828443,0.9648658230190165,1
3411,0.12702949908735928,0.1,0.9915194346289753,0.10351487060641174,0.625,1.0,0.0,0.6666666666666666,0.08839852756840183,0.0,0.17876690023110742,0.9973324441480493,0.9852971461581133,0.0,0.996,1.0,0.8371759148740828,0.8839112715100048,0.9306466281459269,1
3412,0.09925172130958149,0.1,0.9696113074204947,0.10351487060641174,0.46875,1.0,0.0,0.6666666666666666,0.10197126381008714,0.0,0.3154852720518364,0.9976658886295432,0.974068109936428,0.0,0.9963333333333333,1.0,0.8196478036935334,0.9020463396972167,0.9844448757009,1
3413,0.21553512586673462,0.3,0.9936395759717315,0.10351487060641174,0.46875,1.0,0.0,0.6666666666666666,0.21037073588477162,0.3333333333333333,0.2559143584563308,0.9983327775925308,0.9708163354667647,0.0003333333333333333,0.9986666666666667,1.0,0.8119268829086687,0.8438292948308208,0.8757317067529731,1
3414,0.36346794240420244,0.4,0.9978798586572438,0.320855614973262,0.5,0.8571428571428571,0.0,0.6666666666666666,0.27501279240150756,1.0,0.7182868957722319,1.0,0.9935839944852519,0.0003333333333333333,0.9996666666666667,1.0,0.8252889329072929,0.9113286929101803,0.9973684529130677,1
3415,0.19922756825999344,0.4,0.9964664310954063,0.10351487060641174,0.5625,1.0,0.0,0.6666666666666666,0.13742403511558332,0.5,0.5428855091748994,1.0,0.9912238311384216,0.0003333333333333333,0.9993333333333333,1.0,0.8156937779344333,0.8685108666793064,0.9213279554241797,1
3416,0.32811440705066697,0.5,0.9971731448763251,0.8591549295774648,0.15625,0.2857142857142857,0.0,0.6666666666666666,0.7100973437791545,0.5,0.26507685396620106,0.9993331110370124,0.9774089939516182,0.0006666666666666666,0.9993333333333333,1.0,0.7660787015373368,0.8559812438071865,0.9458837860770364,1
3417,0.19834023073432072,0.0,0.9646643109540636,0.10351487060641174,0.59375,1.0,0.0,0.6666666666666666,0.07746092250847414,0.0,0.13555272170617005,0.9899966655551851,0.9683801064380938,0.0,0.9936666666666667,1.0,0.8985015326446005,0.9199599365262275,0.9414183404078545,1
3418,0.21835735617424024,0.0,0.9964664310954063,0.10351487060641174,0.5625,1.0,0.0,0.6666666666666666,0.08563652126606103,0.0,0.2400127093013631,0.9939979993331111,0.9740669881094759,0.0,0.9903333333333333,1.0,0.972620203401458,0.9760795909910078,0.9795389785805576,1
3419,0.19321704634685477,0.1,0.9915194346289753,0.10351487060641174,0.59375,1.0,0.0,0.6666666666666666,0.08960738701632265,0.0,0.29285292786440953,0.9969989996665555,0.9737217530349884,0.0,0.995,1.0,0.9141481435999065,0.92496298113293,0.9357778186659534,1
3420,0.4136331086106759,0.1,0.992226148409894,0.10351487060641174,0.59375,1.0,0.0,0.6666666666666666,0.11765772978988953,0.5,0.7877242654687253,1.0,0.9970829799849857,0.0003333333333333333,0.999,1.0,0.9388429998296952,0.9431212751822302,0.9473995505347652,1
3421,0.22668844502003493,0.0,0.9858657243816255,0.10351487060641174,0.6875,1.0,0.0,0.6666666666666666,0.0901171560045948,0.0,0.12678371240171127,0.9939979993331111,0.9735291052945775,0.0,0.9966666666666667,1.0,0.8707205980944531,0.9265939167741915,0.9824672354539298,1
3422,0.08078016857973047,0.0,0.9681978798586572,0.10351487060641174,0.625,1.0,0.0,0.6666666666666666,0.0832633256126124,0.0,0.16982859056564625,0.995998666222074,0.979205098571249,0.0,0.9963333333333333,1.0,0.8886769244726482,0.9316922100754331,0.974707495678218,1
3423,0.25124941158102043,0.3,0.9943462897526502,0.320855614973262,0.46875,0.8571428571428571,0.0,0.6666666666666666,0.18246282850486006,0.5,0.43722440516734584,0.9996665555185061,0.9907883661618494,0.0003333333333333333,0.9986666666666667,1.0,0.851851230604168,0.8583338481091021,0.8648164656140362,1
3424,0.11395760366252272,0.2,0.9731448763250884,0.10351487060641174,0.59375,1.0,0.0,0.6666666666666666,0.08419690764243903,0.0,0.26463094696549483,0.9979993331110371,0.9860297751360059,0.0,0.997,1.0,0.862223818369458,0.916552429916148,0.970881041462838,1
3425,0.21995992027680433,0.3,0.9893992932862191,0.10351487060641174,0.375,1.0,0.0,0.6666666666666666,0.1188453130784628,0.0,0.17335789910335786,0.9989996665555185,0.9879282500834039,0.0,0.9993333333333333,1.0,0.9085225305797742,0.9276761484945943,0.9468297664094145,1
3426,0.2786906095221995,0.2,0.9703180212014134,0.10351487060641174,0.53125,1.0,0.0,0.6666666666666666,0.14274797829613972,0.0,0.27533017496458256,0.9989996665555185,0.9845509028621346,0.0,0.999,1.0,0.8917094657028908,0.9336148060542849,0.9755201464056791,1
3427,0.42349966950983087,0.4,0.9929328621908127,0.4035087719298246,0.59375,0.8571428571428571,0.0,0.6666666666666666,0.34864641489923587,0.5,0.45738669254914066,0.9996665555185061,0.9948008536086859,0.0006666666666666666,0.999,1.0,0.8363309408267355,0.870735906702824,0.9051408725789123,1
3428,0.2642348862927465,0.6,0.9985865724381625,0.2575250836120402,0.46875,1.0,0.0,0.6666666666666666,0.4472050219960423,1.0,0.5016575372761733,1.0,0.9777670228365444,0.0,1.0,1.0,0.7586063240492061,0.7772433662065223,0.7958804083638386,1
3429,0.10705889356119824,0.0,0.9681978798586572,0.10351487060641174,0.5,1.0,0.0,0.6666666666666666,0.12373108781097142,0.0,0.2689261800729291,0.9956652217405801,0.9623486242650418,0.0,0.9966666666666667,1.0,0.8021453336713062,0.8886235756392092,0.9751018176071122,1
3430,0.4651663361764975,0.4,0.9929328621908127,0.4035087719298246,0.59375,0.8571428571428571,0.0,0.6666666666666666,0.3657473191440671,1.0,0.575654576965759,1.0,0.9838306006630929,0.0,1.0,1.0,0.8326325576675213,0.8794646981540246,0.9262968386405278,1
3431,0.13494185397427916,0.2,0.9985865724381625,0.10351487060641174,0.8125,1.0,0.0,0.6666666666666666,0.10439992077438454,1.0,0.7292962255284559,1.0,0.994509620879188,0.0003333333333333333,0.9993333333333333,1.0,0.8280117962017723,0.8957060411249487,0.9634002860481251,1
3432,0.2261180085120985,0.0,0.9787985865724381,0.10351487060641174,0.6875,1.0,0.0,0.6666666666666666,0.08667326492201421,0.0,0.2512104996091272,0.9953317772590864,0.978080363739501,0.0,0.9956666666666667,1.0,0.9053955114083938,0.9406104219485065,0.9758253324886191,1
3433,0.19912658694347096,0.0,0.9519434628975265,0.10351487060641174,0.46875,1.0,0.0,0.6666666666666666,0.08421153449964547,0.0,0.15308617364537225,0.9809936645548516,0.9560621428764233,0.0,0.9893333333333333,1.0,0.9500340224850921,0.965778598596712,0.981523174708332,1
3434,0.13494185397427916,0.2,0.9971731448763251,0.10351487060641174,0.75,1.0,0.0,0.6666666666666666,0.09587729213994,0.0,0.35927835788732987,0.9986662220740247,0.9809407612507899,0.0,0.9993333333333333,1.0,0.8447586706107014,0.9039119880667914,0.9630653055228815,1
3435,0.09925172130958149,0.1,0.9724381625441696,0.10351487060641174,0.53125,1.0,0.0,0.6666666666666666,0.08578460986984526,0.0,0.4532932025283951,0.9996665555185061,0.9852119842260152,0.0,0.9973333333333333,1.0,0.8470166109637624,0.8781166132435352,0.909216615523308,1
3436,0.3461068312930913,0.3,0.995053003533569,0.10351487060641174,0.5,1.0,0.0,0.6666666666666666,0.1380645486372456,0.0,0.2753433327909397,0.9986662220740247,0.9836661015078204,0.0,0.999,1.0,0.8646765861035834,0.9018463871408975,0.9390161881782115,1
3437,0.5922045371821045,0.7,0.9978798586572438,0.4035087719298246,0.375,0.8571428571428571,0.0,0.6666666666666666,0.7922449563946177,0.6666666666666666,0.6643427354549365,1.0,0.9966879485770226,0.001,0.9996666666666667,1.0,0.819046147196778,0.8504306852653629,0.8818152233339477,1
3438,0.09925172130958149,0.0,0.9724381625441696,0.10351487060641174,0.53125,1.0,0.0,0.6666666666666666,0.0879607225890745,0.0,0.09928345615916889,0.9939979993331111,0.9702803694668758,0.0,0.9973333333333333,1.0,0.8396383915684549,0.8749529582485334,0.9102675249286117,1
3439,0.21698372980061387,0.0,0.9915194346289753,0.10351487060641174,0.71875,1.0,0.0,0.6666666666666666,0.08264177369957948,0.0,0.07614455986494195,0.991997332444148,0.9729074846736698,0.0,0.9906666666666667,1.0,0.9301077472707047,0.9598571759687036,0.9896066046667024,1
3440,0.11848249054035076,0.1,0.9696113074204947,0.10351487060641174,0.46875,1.0,0.0,0.6666666666666666,0.09637285357473413,0.5,0.5745957465279006,1.0,0.9953464189022854,0.0003333333333333333,0.9966666666666667,1.0,0.8300050558869102,0.9070606482419814,0.9841162405970527,1
3441,0.1890665361243964,0.1,0.9985865724381625,0.10351487060641174,0.96875,1.0,0.0,0.6666666666666666,0.09537050360504029,0.3333333333333333,0.5188828490881648,1.0,0.9877591254052259,0.0,0.998,1.0,0.8350640927695775,0.8525247317287257,0.869985370687874,1
3442,0.3699823149598823,0.1,0.9957597173144876,0.10351487060641174,0.71875,1.0,0.0,0.6666666666666666,0.13911811560782272,0.0,0.19165473064684058,0.9983327775925308,0.9882345472585773,0.0,0.9983333333333333,1.0,0.9184498573537592,0.928157845720472,0.9378658340871849,1
3443,0.08078016857973047,0.0,0.9681978798586572,0.10351487060641174,0.625,1.0,0.0,0.6666666666666666,0.08286795612977416,0.0,0.17586180171069687,0.9956652217405801,0.9799792720434269,0.0,0.996,1.0,0.8904934605744101,0.933261533546184,0.9760296065179579,1
3444,0.22321622279781272,0.0,0.9674911660777386,0.10351487060641174,0.4375,1.0,0.0,0.6666666666666666,0.10065558204229363,0.0,0.21260673204826575,0.991997332444148,0.968515970789785,0.0,0.9963333333333333,1.0,0.8676577425848389,0.9103840158166185,0.9531102890483983,1
3445,0.07775953050387341,0.0,0.9795053003533569,0.10351487060641174,0.875,1.0,0.0,0.6666666666666666,0.08870752249265135,0.0,0.04338312377377884,0.9913304434811604,0.9645164154353266,0.0,0.9966666666666667,1.0,0.9474491803288951,0.957782994076742,0.9681168078245886,1
3446,0.24321704634685481,0.1,0.9879858657243816,0.10351487060641174,0.5625,1.0,0.0,0.6666666666666666,0.12082135999674548,0.0,0.09453086121791832,0.9989996665555185,0.9872243418846065,0.0,0.9976666666666667,1.0,0.857526289348004,0.8778286078172675,0.898130926286531,1
3447,0.06374338553980785,0.0,0.9371024734982332,0.10351487060641174,0.5625,1.0,0.0,0.6666666666666666,0.07629671067102195,0.0,0.14969263195579696,0.9863287762587529,0.963833206871942,0.0,0.9923333333333333,1.0,0.9424859109679639,0.9494816815959538,0.9564774522239438,1
3448,0.15231885093921116,0.2,0.9964664310954063,0.2575250836120402,0.78125,1.0,0.0,0.6666666666666666,0.1107686444681294,1.0,0.6520234472483376,1.0,0.9955112498506532,0.0,1.0,1.0,0.7988116146923776,0.8684542918633109,0.9380969690342441,1
3449,0.19912658694347096,0.0,0.9519434628975265,0.10351487060641174,0.46875,1.0,0.0,0.6666666666666666,0.08253830065190615,0.0,0.1572945304465958,0.9736578859619873,0.9477829236136037,0.0,0.9883333333333333,1.0,0.9484369052338641,0.9693342508229421,0.9902315964120202,1
3450,0.06374338553980785,0.0,0.9526501766784452,0.10351487060641174,0.5625,1.0,0.0,0.6666666666666666,0.07606354873680898,0.0,0.15404069323632075,0.9829943314438147,0.9549967257339096,0.0,0.9876666666666667,1.0,0.9195032010652325,0.9214738173508735,0.9234444336365145,1
3451,0.19912658694347096,0.0,0.9519434628975265,0.10351487060641174,0.46875,1.0,0.0,0.6666666666666666,0.08438573213648726,0.0,0.22066017928337844,0.9939979993331111,0.978988983159017,0.0,0.991,1.0,0.9318004359507538,0.9560762301069939,0.9803520242632341,1
3452,0.08149498378676212,0.0,0.9371024734982332,0.10351487060641174,0.5625,1.0,0.0,0.6666666666666666,0.07653707979651769,0.0,0.2195028630424929,0.991997332444148,0.9717458875341213,0.0,0.9896666666666667,1.0,0.9064867157267376,0.9327756405303493,0.9590645653339612,1
3453,0.22690436472124875,0.2,0.9858657243816255,0.10351487060641174,0.65625,1.0,0.0,0.6666666666666666,0.09756068247431604,0.0,0.2742471699925685,0.9986662220740247,0.9869651098456272,0.0,0.998,1.0,0.9399912963164303,0.9468028634192198,0.9536144305220093,1
3454,0.1492275682599934,0.2,0.9681978798586572,0.10351487060641174,0.625,1.0,0.0,0.6666666666666666,0.09073731475838909,0.0,0.20782685929315603,0.9989996665555185,0.9817735130133138,0.0,0.996,1.0,0.8789371342511573,0.9121470748194859,0.9453570153878145,1
3455,0.06762227384288833,0.0,0.9371024734982332,0.10351487060641174,0.5625,1.0,0.0,0.6666666666666666,0.08119055540864717,0.0,0.21631944569951744,0.9899966655551851,0.9650895086836064,0.0,0.9946666666666667,1.0,0.9321778038372627,0.9539286158697151,0.9756794279021674,1
3456,0.18258505464291486,0.3,0.9964664310954063,0.10351487060641174,0.75,1.0,0.0,0.6666666666666666,0.08592668402144366,0.5,0.6605202281601175,1.0,0.9968222752712704,0.0006666666666666666,0.9996666666666667,1.0,0.8475347706141075,0.8985129258342379,0.9494910810543683,1
3457,0.12496397202183218,0.1,0.9915194346289753,0.10351487060641174,0.875,1.0,0.0,0.6666666666666666,0.102978804403427,0.0,0.3994089564322659,0.9993331110370124,0.9811473454503181,0.0,0.9986666666666667,1.0,0.8333270686865252,0.8425477184528032,0.8517683682190811,1
3458,0.37378602336761335,0.1,0.995053003533569,0.2575250836120402,0.71875,1.0,0.0,0.6666666666666666,0.2792378115356088,0.0,0.2686696654290305,0.9989996665555185,0.984034505808452,0.0,0.999,1.0,0.7379616162545014,0.8386140372566623,0.9392664582588232,1
3459,0.38765908263664994,0.2,0.9957597173144876,0.10351487060641174,0.6875,1.0,0.0,0.6666666666666666,0.11254612981498446,0.0,0.3733903437132743,0.9989996665555185,0.9891111104676271,0.0,0.9996666666666667,1.0,0.914257243348664,0.9494571858042056,0.984657128259747,1
3460,0.12702949908735928,0.1,0.9915194346289753,0.10351487060641174,0.625,1.0,0.0,0.6666666666666666,0.09051992879131698,0.0,0.1498428097713338,0.9976658886295432,0.9859442969300747,0.0,0.9966666666666667,1.0,0.8319370815150992,0.8851421845879441,0.9383472876607891,1
3461,0.07722018388377883,0.2,0.9681978798586572,0.10351487060641174,0.5,1.0,0.0,0.6666666666666666,0.11528216487428189,0.0,0.42149009162438766,0.9996665555185061,0.9842745158212983,0.0,0.998,1.0,0.7993862384763131,0.8883167776949912,0.9772473169136694,1
3462,0.19912658694347096,0.0,0.9519434628975265,0.10351487060641174,0.46875,1.0,0.0,0.6666666666666666,0.08449285439247745,0.0,0.04632545801797272,0.9753251083694565,0.9494492492518282,0.0,0.989,1.0,0.9562592188941472,0.9686390931621888,0.9810189674302303,1
3463,0.19543844502003493,0.0,0.9674911660777386,0.10351487060641174,0.4375,1.0,0.0,0.6666666666666666,0.10170836051313192,0.0,0.09276034368914976,0.9936645548516172,0.9740581014027971,0.0,0.9963333333333333,1.0,0.8745168992968863,0.9105978748667238,0.9466788504365615,1
3464,0.09213046820332504,0.0,0.9371024734982332,0.10351487060641174,0.5625,1.0,0.0,0.6666666666666666,0.07737053124023385,0.0,0.28831341945934075,0.9963321107035679,0.979882327381593,0.0,0.994,1.0,0.9371600142064778,0.9604496650433128,0.9837393158801478,1
3465,0.06762227384288833,0.0,0.9371024734982332,0.10351487060641174,0.5625,1.0,0.0,0.6666666666666666,0.0798038483141259,0.0,0.13302000816743753,0.9866622207402468,0.9608402865481578,0.0,0.9936666666666667,1.0,0.9401975937622997,0.9642757515729834,0.988353909383667,1
3466,0.2261180085120985,0.0,0.9787985865724381,0.10351487060641174,0.6875,1.0,0.0,0.6666666666666666,0.08710786019430683,0.0,0.309379384557281,0.9963321107035679,0.9797026225336473,0.0,0.998,1.0,0.9175585394132292,0.9441126358255703,0.9706667322379113,1
3467,0.12332579538365562,0.1,0.9985865724381625,0.10351487060641174,0.75,1.0,0.0,0.6666666666666666,0.08693820532645258,0.0,0.16516327729007874,0.9989996665555185,0.9777041703313788,0.0,0.999,1.0,0.8624010952508666,0.8658148064615554,0.8692285176722443,1
3468,0.2796375792191692,0.3,0.9978798586572438,0.10351487060641174,0.53125,1.0,0.0,0.6666666666666666,0.18775444034303512,0.0,0.4791055305078985,0.9993331110370124,0.988681454096105,0.0003333333333333333,0.9993333333333333,1.0,0.8232561078001626,0.8627993804037792,0.902342653007396,1
3469,0.1219789940368543,0.2,0.9886925795053003,0.10351487060641174,0.71875,1.0,0.0,0.6666666666666666,0.08982669714837599,0.5,0.4580776931055903,0.9993331110370124,0.9866459051328877,0.0,0.999,1.0,0.8425601170550534,0.9083953646807701,0.9742306123064868,1
3470,0.5150903209219109,0.5,0.9978798586572438,0.6033057851239669,0.375,0.5714285714285714,0.0,0.6666666666666666,0.7998882189098726,0.3333333333333333,0.1364156192809065,0.9993331110370124,0.9857126528302789,0.0003333333333333333,0.9993333333333333,1.0,0.7900412574061333,0.8342271964730948,0.8784131355400564,1
3471,0.30047091255250247,0.3,0.9943462897526502,0.10351487060641174,0.53125,1.0,0.0,0.6666666666666666,0.10897129373760106,0.0,0.39938954488641587,0.9989996665555185,0.9881563796748716,0.0,0.9993333333333333,1.0,0.8452134104652895,0.899624667653439,0.9540359248415884,1
3472,0.7048175481491381,0.9,1.0,0.9924012158054711,0.1875,0.2857142857142857,0.0,0.6666666666666666,0.9714199167832666,1.0,0.8411845941140083,1.0,0.995924936812284,0.004333333333333333,1.0,1.0,0.724219077811857,0.7678313991988059,0.811443720585755,1
3473,0.1218694847040439,0.0,0.9696113074204947,0.10351487060641174,0.46875,1.0,0.0,0.6666666666666666,0.11010644780187029,0.0,0.13725581036027512,0.9886628876292097,0.9580281068836122,0.0,0.9953333333333333,1.0,0.8188425198018231,0.9034304498961063,0.9880183799903896,1
3474,0.19329805613261541,0.2,0.9915194346289753,0.10351487060641174,0.40625,1.0,0.0,0.6666666666666666,0.1469631018733384,0.5,0.4629813987068718,0.9996665555185061,0.9877461255276091,0.0,1.0,1.0,0.8185959231369612,0.8755866939302801,0.932577464723599,1
3475,0.09676329538365558,0.0,0.9957597173144876,0.2575250836120402,0.5625,1.0,0.0,0.6666666666666666,0.12079180664052047,0.0,0.20384741257402073,0.9956652217405801,0.9706729218017185,0.0,0.997,1.0,0.7892418364099157,0.8525453485472072,0.9158488606844988,1
3476,0.06374338553980785,0.0,0.9371024734982332,0.10351487060641174,0.5625,1.0,0.0,0.6666666666666666,0.07593279316265433,0.0,0.1788925517567469,0.9876625541847283,0.962772546546679,0.0,0.9866666666666667,1.0,0.9208717876515787,0.9351038066489438,0.9493358256463088,1
3477,0.5796418792234692,0.7,0.9992932862190813,0.4035087719298246,0.34375,0.8571428571428571,0.0,0.6666666666666666,0.8984825688125824,1.0,0.6787746170548568,1.0,0.9899095693243677,0.0016666666666666668,1.0,1.0,0.7343084688981569,0.7865543877374503,0.8388003065767439,1
3478,0.22690436472124875,0.0,0.9978798586572438,0.10351487060641174,0.59375,1.0,0.0,0.6666666666666666,0.08843434625679425,0.0,0.28781219663867286,0.9933311103701233,0.972907896200312,0.0,0.992,1.0,0.9543462716337997,0.9595040050867059,0.9646617385396121,1
3479,0.06374338553980785,0.0,0.9526501766784452,0.10351487060641174,0.5625,1.0,0.0,0.6666666666666666,0.07685643613141657,0.0,0.1907151806420797,0.9966655551850617,0.9768322951513005,0.0,0.9896666666666667,1.0,0.8981586162750874,0.9112442923660107,0.9243299684569338,1
3480,0.19912658694347096,0.0,0.9519434628975265,0.10351487060641174,0.46875,1.0,0.0,0.6666666666666666,0.08368816374946253,0.0,0.042412853125490035,0.9856618872957652,0.9622185804667107,0.0,0.9883333333333333,1.0,0.9447544235944731,0.9642215480131198,0.9836886724317664,1
3481,0.1219789940368543,0.3,0.9971731448763251,0.10351487060641174,0.71875,1.0,0.0,0.6666666666666666,0.08305203145410212,1.0,0.5489162981430021,1.0,0.9943739216458242,0.0003333333333333333,0.9986666666666667,1.0,0.8635759134839976,0.9125826474720639,0.9615893814601301,1
3482,0.0884556071762217,0.1,0.9371024734982332,0.10351487060641174,0.5625,1.0,0.0,0.6666666666666666,0.07958591190430375,0.0,0.2580526539734045,0.9993331110370124,0.9870776083261857,0.0,0.992,1.0,0.9205057490034919,0.9546403584475842,0.9887749678916766,1
3483,0.12332579538365562,0.1,0.9809187279151943,0.10351487060641174,0.78125,1.0,0.0,0.6666666666666666,0.08278963552621332,0.5,0.41691762509693775,0.9996665555185061,0.9955753545020279,0.0003333333333333333,0.9973333333333333,1.0,0.8664350734299668,0.8784763963598436,0.8905177192897203,1
3484,0.0962971348699917,0.1,0.9717314487632509,0.10351487060641174,0.59375,1.0,0.0,0.6666666666666666,0.08017861561395034,0.0,0.31033535011636926,0.9986662220740247,0.9884297903950083,0.0,0.9956666666666667,1.0,0.9759238888310168,0.9831068470472628,0.9902898052635088,1
3485,0.21698372980061387,0.1,0.9915194346289753,0.10351487060641174,0.71875,1.0,0.0,0.6666666666666666,0.0837342848456949,0.0,0.2635838688242007,0.9986662220740247,0.9882687276613187,0.0,0.9913333333333333,1.0,0.9254989546456996,0.9548896825718389,0.9842804104979781,1
3486,0.10705889356119824,0.2,0.9985865724381625,0.10351487060641174,0.78125,1.0,0.0,0.6666666666666666,0.21376440244579475,0.0,0.4644714359933111,0.9996665555185061,0.9674755508742994,0.0,0.9993333333333333,1.0,0.7699775427178853,0.861856068704369,0.9537345946908526,1
3487,0.4672045371821044,0.2,1.0,0.10351487060641174,0.53125,1.0,0.0,0.6666666666666666,0.19349046373174728,0.6666666666666666,0.7314752455454194,1.0,0.9955762759102275,0.0006666666666666666,0.9993333333333333,1.0,0.9037577024233732,0.9080852134738318,0.9124127245242902,1
3488,0.07775953050387341,0.0,0.9703180212014134,0.10351487060641174,0.75,1.0,0.0,0.6666666666666666,0.09730154757748344,0.0,0.057429545452930664,0.9953317772590864,0.979019258765894,0.0,0.9956666666666667,1.0,0.9438618353495334,0.9670197976395758,0.9901777599296183,1
3489,0.12702949908735928,0.0,0.9915194346289753,0.10351487060641174,0.625,1.0,0.0,0.6666666666666666,0.09051845824084304,0.0,0.26732911454285146,0.9946648882960987,0.9780468547235234,0.0,0.9966666666666667,1.0,0.8314921630741716,0.881791703089104,0.9320912431040366,1
3490,0.06374338553980785,0.0,0.9526501766784452,0.10351487060641174,0.5625,1.0,0.0,0.6666666666666666,0.07648292201481133,0.0,0.11130509050625148,0.9823274424808269,0.9551380258487902,0.0,0.9923333333333333,1.0,0.9200599166767875,0.9330605756621596,0.9460612346475317,1
3491,0.2749027307343207,0.2,0.9992932862190813,0.10351487060641174,0.46875,1.0,0.0,0.6666666666666666,0.14256709425336844,0.0,0.46774820918894133,0.9993331110370124,0.9894041285069703,0.0,0.9993333333333333,1.0,0.9134759315549491,0.9316943269228135,0.9499127222906779,1
3492,0.06374338553980785,0.1,0.9646643109540636,0.10351487060641174,0.59375,1.0,0.0,0.6666666666666666,0.07751178284509097,0.0,0.28367501993987276,0.9979993331110371,0.985407146647271,0.0,0.994,1.0,0.9001739310103521,0.9037360222106314,0.9072981134109107,1
3493,0.07546380153665833,0.0,0.9809187279151943,0.10351487060641174,0.59375,1.0,0.0,0.6666666666666666,0.0771645977983727,0.0,0.1075000855948055,0.9886628876292097,0.9652752076774571,0.0,0.9926666666666667,1.0,0.9569217206874683,0.9587263454333256,0.9605309701791829,1
3494,0.29296591754750745,0.3,0.9985865724381625,0.4035087719298246,0.46875,0.8571428571428571,0.0,0.6666666666666666,0.1923773481467912,1.0,0.5715433261441804,1.0,0.990669726830583,0.0,1.0,1.0,0.8707756777347658,0.8815757418382584,0.8923758059417509,1
3495,0.4707900780560942,0.4,1.0,0.2575250836120402,0.53125,1.0,0.0,0.6666666666666666,0.28643257356198737,0.0,0.31064180818885556,0.9996665555185061,0.9836662219336938,0.0,0.9996666666666667,1.0,0.8056987816390857,0.8448572849443822,0.8840157882496786,1
3496,0.2523568312930913,0.0,0.9957597173144876,0.320855614973262,0.40625,0.8571428571428571,0.0,0.6666666666666666,0.15659457339287486,0.0,0.1408531791963148,0.9966655551850617,0.9706266296938133,0.0,0.9976666666666667,1.0,0.856753925543775,0.8730778086617537,0.8894016917797322,1
3497,0.19912658694347096,0.0,0.9519434628975265,0.10351487060641174,0.46875,1.0,0.0,0.6666666666666666,0.0836333723694056,0.0,0.15401800492615758,0.9796598866288763,0.9525132377090718,0.0,0.9896666666666667,1.0,0.9592495138313688,0.9725706383243169,0.985891762817265,1
3498,0.22412658694347098,0.0,0.9985865724381625,0.10351487060641174,0.71875,1.0,0.0,0.6666666666666666,0.08938163657356679,0.0,0.20022461660010293,0.9966655551850617,0.9807168155550648,0.0,0.997,1.0,0.9217871476833049,0.9417880684818726,0.9617889892804402,1
3499,0.10324157931443612,0.2,0.9964664310954063,0.10351487060641174,0.5625,1.0,0.0,0.6666666666666666,0.07863461502843982,0.3333333333333333,0.5670714934991266,1.0,0.9920727261903985,0.0,0.995,1.0,0.9712017036153879,0.9724069973744093,0.9736122911334306,1
3500,0.09213046820332504,0.1,0.9717314487632509,0.10351487060641174,0.59375,1.0,0.0,0.6666666666666666,0.08213120158957665,0.0,0.2013427254300315,0.9979993331110371,0.9871844137519623,0.0,0.996,1.0,0.9915661175201474,0.9916425079351654,0.9917188983501835,1
3501,0.06762227384288833,0.0,0.9851590106007068,0.10351487060641174,0.6875,1.0,0.0,0.6666666666666666,0.0786624314324258,0.0,0.21842500620447314,0.9949983327775925,0.9791304204689668,0.0,0.994,1.0,0.8993408733333043,0.9456023572959318,0.9918638412585594,1
3502,0.08078016857973047,0.0,0.9681978798586572,0.10351487060641174,0.625,1.0,0.0,0.6666666666666666,0.08300503334102372,0.0,0.20094334801065294,0.9966655551850617,0.9813040285865772,0.0,0.9963333333333333,1.0,0.8856325422055993,0.9322762049471308,0.9789198676886623,1
3503,0.09213046820332504,0.0,0.9371024734982332,0.10351487060641174,0.5625,1.0,0.0,0.6666666666666666,0.0772066197231066,0.0,0.1141563175805741,0.9949983327775925,0.9787188730804754,0.0,0.993,1.0,0.9445723049807688,0.9609509437645902,0.9773295825484116,1
3504,0.22668844502003493,0.2,0.9858657243816255,0.10351487060641174,0.6875,1.0,0.0,0.6666666666666666,0.08735606475435986,0.3333333333333333,0.7018911180035179,1.0,0.9963382070913297,0.0006666666666666666,0.997,1.0,0.8657888915196408,0.9323992250545711,0.9990095585895014,1
3505,0.06374338553980785,0.0,0.9526501766784452,0.10351487060641174,0.5625,1.0,0.0,0.6666666666666666,0.07641931227684617,0.0,0.1517976352856515,0.9873291097032344,0.9594610617938605,0.0,0.9883333333333333,1.0,0.9039771780546346,0.916919380911926,0.9298615837692175,1
3506,0.07775953050387341,0.0,0.9703180212014134,0.10351487060641174,0.75,1.0,0.0,0.6666666666666666,0.10366283298091172,0.0,0.20539286658374223,0.9923307769256419,0.9739078257271598,0.0,0.9966666666666667,1.0,0.935571778891698,0.9574942513207176,0.9794167237497373,1
3507,0.12702949908735928,0.3,0.9858657243816255,0.10351487060641174,0.6875,1.0,0.0,0.6666666666666666,0.08131502307952743,0.3333333333333333,0.5003507564262961,1.0,0.9979674827359574,0.0003333333333333333,0.9993333333333333,1.0,0.8718215825470156,0.9148975372448833,0.9579734919427509,1
3508,0.19912658694347096,0.0,0.9519434628975265,0.10351487060641174,0.46875,1.0,0.0,0.6666666666666666,0.08015592474276112,0.0,0.14849002206557338,0.9933311103701233,0.9708185889436616,0.0,0.9906666666666667,1.0,0.9442276504124847,0.9692072098558058,0.9941867692991269,1
3509,0.39776009273766,0.2,0.9992932862190813,0.10351487060641174,0.84375,1.0,0.0,0.6666666666666666,0.14669614202153314,0.3333333333333333,0.2511915984342401,0.9996665555185061,0.9886518417883118,0.0,0.999,1.0,0.9055015798559605,0.9241927882033101,0.9428839965506596,1
3510,0.5539079847395747,0.6,0.9978798586572438,0.4035087719298246,0.4375,0.8571428571428571,0.0,0.6666666666666666,0.7946646018818633,0.5,0.5661413529825151,1.0,0.9929561415602199,0.0003333333333333333,0.9996666666666667,1.0,0.7838351889533993,0.8034870978300053,0.8231390067066113,1
3511,0.06374338553980785,0.0,0.9371024734982332,0.10351487060641174,0.5625,1.0,0.0,0.6666666666666666,0.07608561217134246,0.0,0.054097220518143474,0.9689896632210737,0.9397421563249803,0.0,0.986,1.0,0.9104848939621372,0.9241459283798754,0.9378069627976138,1
3512,0.29413349996509,0.3,0.9738515901060071,0.10351487060641174,0.59375,1.0,0.0,0.6666666666666666,0.11037049915893005,0.5,0.43506671344640213,0.9996665555185061,0.9918686979802687,0.0003333333333333333,0.9996666666666667,1.0,0.9400490918256126,0.9538018970934332,0.9675547023612537,1
3513,0.07775953050387341,0.0,0.9795053003533569,0.10351487060641174,0.875,1.0,0.0,0.6666666666666666,0.0870370369371043,0.0,0.2718104759226848,0.9936645548516172,0.9693606291838225,0.0,0.9963333333333333,1.0,0.956160956761231,0.9637318597121491,0.9713027626630674,1
3514,0.08874338553980787,0.1,0.9646643109540636,0.10351487060641174,0.59375,1.0,0.0,0.6666666666666666,0.07742739126753806,0.0,0.1848024536426045,0.9969989996665555,0.9830935277821369,0.0,0.993,1.0,0.9023969667724876,0.9037114355580458,0.9050259043436039,1
3515,0.1349660070238673,0.1,0.9936395759717315,0.10351487060641174,0.78125,1.0,0.0,0.6666666666666666,0.09800765851974835,0.0,0.2924214981068931,0.9973324441480493,0.9753735500540772,0.0,0.9976666666666667,1.0,0.8346177335863587,0.9163644400016661,0.9981111464169734,1
3516,0.23797091255250247,0.1,0.9872791519434629,0.4035087719298246,0.375,0.8571428571428571,0.0,0.6666666666666666,0.27256908424537585,0.0,0.17894113007948864,0.9969989996665555,0.9750360007470151,0.0,0.998,1.0,0.8577425018907047,0.8592980404340981,0.8608535789774915,1
3517,0.12978616628847095,0.1,0.9816254416961131,0.10351487060641174,0.5625,1.0,0.0,0.6666666666666666,0.08746764063180723,0.5,0.46678300820369434,0.9996665555185061,0.9872828150817149,0.0,0.9976666666666667,1.0,0.8453544795904271,0.9159076123748138,0.9864607451592003,1
3518,0.11021104128529491,0.0,0.992226148409894,0.10351487060641174,0.625,1.0,0.0,0.6666666666666666,0.14949278016792256,0.0,0.1699194784211373,0.995998666222074,0.9549452487968589,0.0,0.998,1.0,0.7788433093758254,0.8385195724892209,0.8981958356026164,1
3519,0.2682170463468547,0.2,0.992226148409894,0.10351487060641174,0.5,1.0,0.0,0.6666666666666666,0.10704057332068895,0.0,0.23179479505204148,0.9983327775925308,0.9796622367541962,0.0,0.997,1.0,0.8973447204261029,0.9211232526499712,0.9449017848738395,1
3520,0.7803576772351315,0.9,1.0,0.9924012158054711,0.375,0.2857142857142857,0.0,0.6666666666666666,0.9598276098600961,1.0,0.8129979641288358,1.0,0.9913097798280753,0.005,1.0,1.0,0.7368802165996368,0.8523984198921188,0.967916623184601,1
3521,0.08149498378676212,0.2,0.976678445229682,0.10351487060641174,0.71875,1.0,0.0,0.6666666666666666,0.09222692285188583,0.0,0.42266777769992925,0.9973324441480493,0.9822907230173354,0.0,0.9983333333333333,1.0,0.8312442320349268,0.9052529054326025,0.9792615788302782,1
3522,0.30047091255250247,0.2,0.9943462897526502,0.10351487060641174,0.53125,1.0,0.0,0.6666666666666666,0.10783170346171589,0.5,0.0999263311683829,0.9993331110370124,0.9907688156684922,0.0003333333333333333,0.9993333333333333,1.0,0.8487469009772496,0.9008450899298359,0.9529432788824224,1
3523,0.3552253705154379,0.0,0.9908127208480565,0.10351487060641174,0.4375,1.0,0.0,0.6666666666666666,0.16008531608050414,0.0,0.21715200131879653,0.9966655551850617,0.9792961718393717,0.0,0.998,1.0,0.8662482237767375,0.9290512498358905,0.9918542758950435,1
3524,0.19543844502003493,0.0,0.9731448763250884,0.10351487060641174,0.59375,1.0,0.0,0.6666666666666666,0.094623201566154,0.0,0.2518943201781014,0.9899966655551851,0.9670816936350721,0.0,0.9953333333333333,1.0,0.8622265962821719,0.9179389728953465,0.9736513495085212,1
3525,0.09676329538365558,0.0,0.9865724381625441,0.2575250836120402,0.375,1.0,0.0,0.6666666666666666,0.12760030251014343,0.0,0.08796152562894266,0.9949983327775925,0.966785828559979,0.0,0.9966666666666667,1.0,0.7852248384401264,0.843815303734714,0.9024057690293018,1
3526,0.12105306811092831,0.0,0.9724381625441696,0.10351487060641174,0.53125,1.0,0.0,0.6666666666666666,0.07883184714667568,0.0,0.2728148217110775,0.995998666222074,0.9773854236363935,0.0,0.9956666666666667,1.0,0.8830158058085217,0.8992473996637512,0.9154789935189808,1
3527,0.5319011891672053,0.5,1.0,0.4035087719298246,0.5625,0.8571428571428571,0.0,0.6666666666666666,0.3858287009383986,1.0,0.7612561503922943,1.0,0.9944205270173173,0.0006666666666666666,1.0,1.0,0.7927921921237636,0.8337997232887908,0.874807254453818,1
3528,0.07722018388377883,0.1,0.9681978798586572,0.10351487060641174,0.5,1.0,0.0,0.6666666666666666,0.10719033325912719,0.5,0.3617150416637166,0.9993331110370124,0.9861184324590573,0.0,0.9973333333333333,1.0,0.8066728597414896,0.8887187398878933,0.970764620034297,1
3529,0.21014432737297617,0.0,0.9674911660777386,0.10351487060641174,0.4375,1.0,0.0,0.6666666666666666,0.09316429676172011,0.0,0.2093694232565283,0.9956652217405801,0.9807293099505432,0.0,0.9973333333333333,1.0,0.8860776728026822,0.9237945786971332,0.9615114845915842,1
3530,0.10048680323114612,0.1,0.9901060070671378,0.10351487060641174,0.9375,1.0,0.0,0.6666666666666666,0.0870017839570586,0.5,0.6646842913346067,1.0,0.9966663277474116,0.0003333333333333333,0.9983333333333333,1.0,0.9679667627393704,0.9783254911122152,0.9886842194850601,1
3531,0.217210423042013,0.1,0.9738515901060071,0.10351487060641174,0.59375,1.0,0.0,0.6666666666666666,0.09929571860125752,0.0,0.14738489384541043,0.9969989996665555,0.9779846439914852,0.0,0.9973333333333333,1.0,0.9442937463057809,0.9687610323199196,0.9932283183340582,1
3532,0.17186948470404395,0.2,0.9943462897526502,0.2575250836120402,0.5625,1.0,0.0,0.6666666666666666,0.15055981693515574,0.5,0.451926369893795,0.9996665555185061,0.9907873861045405,0.0003333333333333333,0.9996666666666667,1.0,0.7929014089222316,0.8802351811023554,0.9675689532824792,1
3533,0.21579325361013768,0.1,0.9992932862190813,0.10351487060641174,0.71875,1.0,0.0,0.6666666666666666,0.09954805563118918,1.0,0.5151813909846501,1.0,0.9899813847509741,0.0,0.9973333333333333,1.0,0.9372187266155783,0.9507577911595204,0.9642968557034625,1
3534,0.06374338553980785,0.0,0.984452296819788,0.10351487060641174,0.59375,1.0,0.0,0.6666666666666666,0.08025960593116555,0.0,0.1405821875417882,0.9913304434811604,0.966769454137544,0.0,0.9963333333333333,1.0,0.8748628530430894,0.8886908419515356,0.9025188308599819,1
3535,0.19834023073432072,0.0,0.9646643109540636,0.10351487060641174,0.59375,1.0,0.0,0.6666666666666666,0.07835637033184151,0.0,0.08994951311006505,0.9949983327775925,0.9759617098038521,0.0,0.996,1.0,0.8862738242487057,0.9086807150306438,0.931087605812582,1
3536,0.19834023073432072,0.0,0.9646643109540636,0.10351487060641174,0.59375,1.0,0.0,0.6666666666666666,0.07728915217256005,0.0,0.08789512265825916,0.9916638879626543,0.9711164231336838,0.0,0.994,1.0,0.9029234287602306,0.9242361111515238,0.945548793542817,1
3537,0.29133532591674727,0.5,0.995053003533569,0.320855614973262,0.46875,0.8571428571428571,0.0,0.6666666666666666,0.5017314265231405,1.0,0.7601691235255414,1.0,0.9940316039813872,0.0006666666666666666,0.9993333333333333,1.0,0.8126658544327223,0.8148068541237341,0.8169478538147458,1
3538,0.23846794240420244,0.3,0.995053003533569,0.320855614973262,0.4375,0.8571428571428571,0.0,0.6666666666666666,0.41133551626156006,0.0,0.24955704770382503,0.9979993331110371,0.9730664470288999,0.0,0.9986666666666667,1.0,0.8073116868303587,0.897343445812117,0.9873752047938752,1
3539,0.3461068312930913,0.3,0.995053003533569,0.10351487060641174,0.5,1.0,0.0,0.6666666666666666,0.14000759230688187,0.5,0.48741933750433486,0.9996665555185061,0.9901304145314698,0.0,0.9996666666666667,1.0,0.8629849167905456,0.8977904264015814,0.9325959360126171,1
3540,0.43855870384877116,0.1,0.995053003533569,0.10351487060641174,0.5,1.0,0.0,0.6666666666666666,0.13550961875265677,0.3333333333333333,0.4198883649429723,0.9993331110370124,0.9910118045468591,0.0003333333333333333,0.998,1.0,0.867548442783994,0.9084624034916836,0.9493763641993732,1
3541,0.2749027307343207,0.4,0.9964664310954063,0.10351487060641174,0.59375,1.0,0.0,0.6666666666666666,0.1277265309150427,0.5,0.5313181600025203,1.0,0.9926299036837448,0.0,1.0,1.0,0.9235423413871668,0.9399350511988305,0.9563277610104941,1
3542,0.09213046820332504,0.0,0.9371024734982332,0.10351487060641174,0.5625,1.0,0.0,0.6666666666666666,0.07702479942704055,0.0,0.11087736028748985,0.9929976658886296,0.9746750209087904,0.0,0.993,1.0,0.9439858378771002,0.9591300900889131,0.9742743423007261,1
3543,0.6046418792234692,0.5,0.9971731448763251,0.2575250836120402,0.5625,1.0,0.0,0.6666666666666666,0.5901810428370955,1.0,0.7093448535849086,1.0,0.9898992434431907,0.0006666666666666666,1.0,1.0,0.756853280694996,0.8184588968319202,0.8800645129688444,1
3544,0.1134299620503223,0.0,0.984452296819788,0.10351487060641174,0.5625,1.0,0.0,0.6666666666666666,0.09954228460800285,0.0,0.19767009941293923,0.9949983327775925,0.9781086350209014,0.0,0.9956666666666667,1.0,0.8185276833341719,0.8537108417760058,0.8888940002178395,1
3545,0.13047756825999335,0.1,0.9943462897526502,0.10351487060641174,0.6875,1.0,0.0,0.6666666666666666,0.08710955334359882,0.0,0.22641221288391533,0.9976658886295432,0.9771657761986373,0.0,0.998,1.0,0.8660287876361349,0.9199031454535262,0.9737775032709176,1
3546,0.22153734611893605,0.0,0.9908127208480565,0.10351487060641174,0.6875,1.0,0.0,0.6666666666666666,0.10129692569430582,0.0,0.2359937982496919,0.9966655551850617,0.9766571185954677,0.0,0.998,1.0,0.9246529552376994,0.9286919042136426,0.9327308531895857,1
3547,0.32130424588583584,0.3,0.9943462897526502,0.10351487060641174,0.46875,1.0,0.0,0.6666666666666666,0.14510645739072636,0.0,0.33973719551906856,0.9979993331110371,0.9814929982693142,0.0,1.0,1.0,0.8673186262857293,0.883886495133765,0.9004543639818009,1
3548,0.11720926950104782,0.2,0.9371024734982332,0.10351487060641174,0.5625,1.0,0.0,0.6666666666666666,0.07710055749455624,0.0,0.37397806502910214,0.9993331110370124,0.988883220984943,0.0,0.9923333333333333,1.0,0.8986262193943271,0.9310344691913701,0.9634427189884132,1
3549,0.19912658694347096,0.0,0.9519434628975265,0.10351487060641174,0.46875,1.0,0.0,0.6666666666666666,0.08374368380977326,0.0,0.10797628956146499,0.991997332444148,0.9755458976600594,0.0,0.9903333333333333,1.0,0.9329503131849756,0.9581921612017368,0.9834340092184981,1
3550,0.13047756825999335,0.1,0.9943462897526502,0.10351487060641174,0.6875,1.0,0.0,0.6666666666666666,0.08984433509562662,0.0,0.33267638089990537,0.9989996665555185,0.9884516988431664,0.0,0.999,1.0,0.8521418732400529,0.9156148874920191,0.9790879017439853,1
3551,0.42349966950983087,0.5,0.9992932862190813,0.4035087719298246,0.59375,0.8571428571428571,0.0,0.6666666666666666,0.3008324848908295,1.0,0.7952892497087143,1.0,0.9976605153326474,0.0003333333333333333,1.0,1.0,0.8435236964413462,0.8745791024991554,0.9056345085569645,1
3552,0.11848249054035076,0.1,0.9886925795053003,0.10351487060641174,0.71875,1.0,0.0,0.6666666666666666,0.09321546371822276,0.0,0.21075568928286692,0.9976658886295432,0.9843269262671647,0.0,0.9966666666666667,1.0,0.8318458486546297,0.900629836811779,0.9694138249689283,1
3553,0.18258505464291486,0.1,0.9964664310954063,0.10351487060641174,0.75,1.0,0.0,0.6666666666666666,0.0865130848276634,0.0,0.2772466854117658,0.9993331110370124,0.9903027475023521,0.0,0.9983333333333333,1.0,0.8503079968489916,0.9080819316268974,0.9658558664048033,1
3554,0.3552253705154379,0.1,0.9908127208480565,0.10351487060641174,0.4375,1.0,0.0,0.6666666666666666,0.14722127946179697,0.0,0.16849447752684066,0.9979993331110371,0.9820342131773606,0.0,0.998,1.0,0.8673595767698318,0.9275082027359373,0.9876568287020427,1
3555,0.22668844502003493,0.0,0.9858657243816255,0.10351487060641174,0.6875,1.0,0.0,0.6666666666666666,0.09458590926868338,0.0,0.07849661682107822,0.9946648882960987,0.9747971597705476,0.0,0.9946666666666667,1.0,0.8691336378420903,0.918541267198939,0.9679488965557876,1
3556,0.1774250402595995,0.2,0.9915194346289753,0.2575250836120402,0.4375,1.0,0.0,0.6666666666666666,0.22906779047697257,0.5,0.3953093010536457,0.9996665555185061,0.987807301568648,0.0003333333333333333,0.9983333333333333,1.0,0.778838693587969,0.856864153408069,0.934889613228169,1
3557,0.24886106406765407,0.0,0.9703180212014134,0.10351487060641174,0.53125,1.0,0.0,0.6666666666666666,0.14586813116145558,0.0,0.16997174354924016,0.9949983327775925,0.9780263925082273,0.0,0.9983333333333333,1.0,0.8913933188144345,0.9389136930542309,0.9864340672940273,1
3558,0.13149498378676217,0.3,0.9915194346289753,0.10351487060641174,0.875,1.0,0.0,0.6666666666666666,0.08398294837784637,0.0,0.38800706440167454,0.9993331110370124,0.986958471390601,0.0,0.9993333333333333,1.0,0.8527967772986131,0.8820192157621654,0.9112416542257176,1
3559,0.3330019925834139,0.3,0.9964664310954063,0.320855614973262,0.53125,0.8571428571428571,0.0,0.6666666666666666,0.27198812939903005,0.5,0.33635325059451293,0.9993331110370124,0.9825200674178074,0.0,0.9986666666666667,1.0,0.8251117372346976,0.8463389943629906,0.8675662514912839,1
3560,0.29352646810805805,0.3,0.9978798586572438,0.10351487060641174,0.5625,1.0,0.0,0.6666666666666666,0.10679093252280025,0.3333333333333333,0.5718730863302908,1.0,0.9939414140061764,0.0003333333333333333,1.0,1.0,0.8411604121967388,0.9019298530095693,0.9626992938223998,1
3561,0.11720926950104782,0.2,0.9908127208480565,0.10351487060641174,0.5625,1.0,0.0,0.6666666666666666,0.07782393805650956,0.0,0.2527271403057849,0.9993331110370124,0.9896778966343035,0.0,0.9976666666666667,1.0,0.8910632614875363,0.9292755483613251,0.9674878352351138,1
3562,0.11720926950104782,0.2,0.9936395759717315,0.10351487060641174,0.71875,1.0,0.0,0.6666666666666666,0.077555641498534,0.5,0.23764317273251723,0.9996665555185061,0.995563923341706,0.0003333333333333333,0.9986666666666667,1.0,0.9014034339414425,0.9392213382057542,0.9770392424700659,1
3563,0.17186948470404395,0.1,0.9929328621908127,0.2575250836120402,0.46875,1.0,0.0,0.6666666666666666,0.12692462699564877,0.5,0.42339830297255876,0.9996665555185061,0.9930949133897901,0.0003333333333333333,0.9976666666666667,1.0,0.801151988035545,0.8939414155583447,0.9867308430811446,1
3564,0.3968920371821044,0.1,0.9858657243816255,0.320855614973262,0.28125,0.8571428571428571,0.0,0.6666666666666666,0.21857794448775913,0.0,0.18940178212598224,0.9979993331110371,0.9715459083117893,0.0,0.9993333333333333,1.0,0.8558708517319805,0.9069655316077256,0.9580602114834706,1
3565,0.09699029973464257,0.1,0.9703180212014134,0.10351487060641174,0.75,1.0,0.0,0.6666666666666666,0.08905573115016752,0.0,0.27605344400135,0.9986662220740247,0.9861332543222009,0.0,0.9986666666666667,1.0,0.9728080434164311,0.9836132266405697,0.9944184098647082,1
3566,0.12105306811092831,0.0,0.9646643109540636,0.10351487060641174,0.59375,1.0,0.0,0.6666666666666666,0.07831223483622995,0.0,0.1763754013332518,0.9956652217405801,0.9757512993311702,0.0,0.9973333333333333,1.0,0.8906305338098692,0.8989596804481412,0.9072888270864132,1
3567,0.19543844502003493,0.0,0.9731448763250884,0.10351487060641174,0.59375,1.0,0.0,0.6666666666666666,0.0915143451096323,0.0,0.07920508526348147,0.9946648882960987,0.9738423779480241,0.0,0.9966666666666667,1.0,0.8530626539834791,0.9246888205276136,0.996314987071748,1
3568,0.09922756825999335,0.1,0.9681978798586572,0.10351487060641174,0.5,1.0,0.0,0.6666666666666666,0.13495984386798632,0.0,0.34635694477177603,0.9976658886295432,0.9788695026891828,0.0,0.9976666666666667,1.0,0.8035993257774622,0.8756011799543929,0.9476030341313236,1
3569,0.11720926950104782,0.2,0.9936395759717315,0.10351487060641174,0.71875,1.0,0.0,0.6666666666666666,0.0779820337606617,0.3333333333333333,0.43305230585436016,0.9993331110370124,0.990678175906031,0.0,0.9986666666666667,1.0,0.8932159479954745,0.9338545176066728,0.9744930872178711,1
3570,0.0962971348699917,0.1,0.9717314487632509,0.10351487060641174,0.625,1.0,0.0,0.6666666666666666,0.08132172507747026,0.0,0.4774807862296824,0.9996665555185061,0.9936232274314447,0.0,0.9986666666666667,1.0,0.9793000387647404,0.9893129891600139,0.9993259395552873,1
3571,0.23804375637534636,0.0,0.9738515901060071,0.10351487060641174,0.59375,1.0,0.0,0.6666666666666666,0.09626923595911663,0.0,0.293343731157251,0.9966655551850617,0.979260055706159,0.0,0.9976666666666667,1.0,0.9600687671697018,0.9726254749366582,0.9851821827036146,1
3572,0.07775953050387341,0.0,0.9371024734982332,0.10351487060641174,0.5625,1.0,0.0,0.6666666666666666,0.08595956483385025,0.0,0.0943235091617407,0.9966655551850617,0.9769765067166871,0.0,0.9966666666666667,1.0,0.9314508937112467,0.9402605181417272,0.9490701425722076,1
3573,0.06762227384288833,0.0,0.9371024734982332,0.10351487060641174,0.5625,1.0,0.0,0.6666666666666666,0.07785170358688587,0.0,0.10959513902024032,0.9836612204068023,0.9588798234396023,0.0,0.993,1.0,0.9238957567540761,0.9581160617830189,0.9923363668119617,1
3574,0.08149498378676212,0.0,0.9371024734982332,0.10351487060641174,0.5625,1.0,0.0,0.6666666666666666,0.07710201793842797,0.0,0.04796678566205825,0.9956652217405801,0.9781988382234529,0.0,0.992,1.0,0.8958519016166421,0.9267926687382231,0.957733435859804,1
3575,0.24053512586673476,0.0,0.9809187279151943,0.10351487060641174,0.46875,1.0,0.0,0.6666666666666666,0.1255544993281622,0.0,0.1880952695663689,0.9963321107035679,0.9770774360312846,0.0,0.9993333333333333,1.0,0.8725637513169681,0.8786947808023308,0.8848258102876935,1
3576,0.22668844502003493,0.2,0.9858657243816255,0.10351487060641174,0.6875,1.0,0.0,0.6666666666666666,0.08832662647958134,0.0,0.12803999209312344,0.9989996665555185,0.9922881056279351,0.0,0.9956666666666667,1.0,0.867544908022417,0.9306360575256716,0.9937272070289261,1
3577,0.11021104128529491,0.1,0.9879858657243816,0.10351487060641174,0.5625,1.0,0.0,0.6666666666666666,0.14247924644990229,0.0,0.29925986864451304,0.9969989996665555,0.9628984141635814,0.0,0.9976666666666667,1.0,0.7889187480995353,0.8285467571822098,0.8681747662648842,1
3578,0.2736851982667883,0.2,0.9943462897526502,0.10351487060641174,0.46875,1.0,0.0,0.6666666666666666,0.17164591255368578,0.0,0.20376120570729261,0.9976658886295432,0.9778271172272726,0.0,0.999,1.0,0.8763480632144683,0.8795568239225013,0.8827655846305345,1
3579,0.22153734611893605,0.3,0.9936395759717315,0.10351487060641174,0.40625,1.0,0.0,0.6666666666666666,0.11202328634125014,0.5,0.6303135474015029,1.0,0.9940830335120293,0.0003333333333333333,0.9983333333333333,1.0,0.9168886495670301,0.9194650254921725,0.9220414014173148,1
3580,0.12702949908735928,0.0,0.9724381625441696,0.10351487060641174,0.53125,1.0,0.0,0.6666666666666666,0.08877960735273738,0.0,0.25324424760479114,0.995998666222074,0.9803185145835237,0.0,0.9956666666666667,1.0,0.8360059678043816,0.881261185394477,0.9265164029845724,1
3581,0.38765908263664994,0.2,0.9957597173144876,0.10351487060641174,0.84375,1.0,0.0,0.6666666666666666,0.10207300823900856,0.5,0.15460502732297454,0.9993331110370124,0.9932609056490199,0.0003333333333333333,0.999,1.0,0.924976452985958,0.962396473138559,0.9998164932911601,1
3582,0.217210423042013,0.1,0.9738515901060071,0.10351487060641174,0.59375,1.0,0.0,0.6666666666666666,0.10495281118076627,0.0,0.30736083206586273,0.9986662220740247,0.9843803622734579,0.0,0.9976666666666667,1.0,0.9402085712447854,0.9636544185768925,0.9871002659089996,1
3583,0.10927276156453991,0.1,0.9915194346289753,0.10351487060641174,0.9375,1.0,0.0,0.6666666666666666,0.08332276699025665,0.0,0.41971837009657553,0.9993331110370124,0.989742197123451,0.0,0.9973333333333333,1.0,0.8534495413262269,0.9056422534267357,0.9578349655272443,1
3584,0.12496397202183218,0.1,0.9915194346289753,0.10351487060641174,0.875,1.0,0.0,0.6666666666666666,0.09705827481750295,1.0,0.9108272035929984,1.0,0.998362127928333,0.0003333333333333333,0.9983333333333333,1.0,0.8434330758865428,0.8487892484767761,0.8541454210670093,1
3585,0.1349660070238673,0.1,0.9936395759717315,0.10351487060641174,0.78125,1.0,0.0,0.6666666666666666,0.10051782472691717,0.0,0.3506575568096769,0.9993331110370124,0.9813435322307894,0.0,0.997,1.0,0.8333612683338439,0.9120797434054947,0.9907982184771454,1
3586,0.2261180085120985,0.0,0.9787985865724381,0.10351487060641174,0.6875,1.0,0.0,0.6666666666666666,0.08616827315046949,0.0,0.2593998354811051,0.9966655551850617,0.9827226187894824,0.0,0.9963333333333333,1.0,0.908578654185443,0.9427334035217683,0.9768881528580936,1
3587,0.2632040127856027,0.1,0.992226148409894,0.4035087719298246,0.4375,0.8571428571428571,0.0,0.6666666666666666,0.1771868695918104,0.0,0.30690704557233417,0.9993331110370124,0.9870850282202283,0.0,0.9976666666666667,1.0,0.8725083271541766,0.898779205729926,0.9250500843056753,1
3588,0.3422045371821044,0.0,0.9703180212014134,0.10351487060641174,0.75,1.0,0.0,0.6666666666666666,0.10570645045427152,0.0,0.2075515104618736,0.9949983327775925,0.9744218523865694,0.0,0.9973333333333333,1.0,0.9320651849059907,0.955014232530939,0.9779632801558874,1
3589,0.23804375637534636,0.2,0.9992932862190813,0.10351487060641174,0.75,1.0,0.0,0.6666666666666666,0.09509821475584967,0.0,0.49565164044882115,0.9996665555185061,0.9943144515967358,0.0,0.999,1.0,0.9677942827225787,0.9725946672481853,0.977395051773792,1
3590,0.09922756825999335,0.1,0.9915194346289753,0.10351487060641174,0.6875,1.0,0.0,0.6666666666666666,0.1610020188243304,0.0,0.20339078111951647,0.9973324441480493,0.9614528828273371,0.0,0.9983333333333333,1.0,0.7894796712666499,0.8680478722571636,0.9466160732476773,1
3591,0.11021104128529491,0.1,0.9681978798586572,0.10351487060641174,0.5,1.0,0.0,0.6666666666666666,0.1278429338102427,0.0,0.28447923955517074,0.9976658886295432,0.9738837987413285,0.0,0.9966666666666667,1.0,0.7985525699627395,0.8326472739098753,0.866741977857011,1
3592,0.32336547792333825,0.4,1.0,0.5217391304347826,0.4375,0.7142857142857143,0.0,0.6666666666666666,0.3865373027949075,1.0,0.6348017757463795,1.0,0.9942333432471113,0.0,1.0,1.0,0.7346783153149944,0.8181798462762455,0.9016813772374965,1
3593,0.06374338553980785,0.0,0.984452296819788,0.10351487060641174,0.59375,1.0,0.0,0.6666666666666666,0.07860246292620388,0.0,0.31508522704854236,0.9949983327775925,0.9759570369667115,0.0,0.9943333333333333,1.0,0.8833839504616675,0.8975200665367954,0.9116561826119233,1
3594,0.13149498378676217,0.2,0.9915194346289753,0.10351487060641174,0.875,1.0,0.0,0.6666666666666666,0.08355411369307986,0.5,0.44892175413824587,0.9996665555185061,0.9935497433029232,0.0,0.9993333333333333,1.0,0.8527866032689967,0.8860758184765472,0.9193650336840975,1
3595,0.06374338553980785,0.2,0.984452296819788,0.10351487060641174,0.59375,1.0,0.0,0.6666666666666666,0.0791322266826221,0.0,0.11742732908660403,0.9979993331110371,0.9779852476177628,0.0,0.997,1.0,0.8771684004219394,0.8967737892433909,0.9163791780648424,1
3596,0.5201038528249776,0.4,0.9943462897526502,0.2575250836120402,0.46875,1.0,0.0,0.6666666666666666,0.46179112262777766,0.0,0.39585298454836204,0.9983327775925308,0.9788834054816349,0.0,0.9993333333333333,1.0,0.7377243964010499,0.8403517222977124,0.9429790481943747,1
3597,0.06374338553980785,0.0,0.9526501766784452,0.10351487060641174,0.5625,1.0,0.0,0.6666666666666666,0.07663738026835576,0.0,0.053785727245947546,0.9873291097032344,0.9610309230523457,0.0,0.994,1.0,0.9204686937627052,0.9352928033357606,0.950116912908816,1
3598,0.13293831401256773,0.1,0.9681978798586572,0.10351487060641174,0.5,1.0,0.0,0.6666666666666666,0.1153991081589657,0.0,0.18816663704101055,0.9976658886295432,0.9744477682927725,0.0,0.9976666666666667,1.0,0.8020179555446248,0.8457704777187061,0.8895229998927874,1
3599,0.24886106406765407,0.2,0.9929328621908127,0.10351487060641174,0.5625,1.0,0.0,0.6666666666666666,0.16816290747541685,0.3333333333333333,0.3158195054175811,0.9993331110370124,0.9895638203565891,0.0,0.9983333333333333,1.0,0.8790927709378112,0.9309151258906334,0.9827374808434557,1
3600,0.09703403854877068,0.0,0.9681978798586572,0.10351487060641174,0.625,1.0,0.0,0.6666666666666666,0.0836289499334234,0.0,0.16724524699049814,0.995998666222074,0.9808911269815054,0.0,0.9956666666666667,1.0,0.8932669763103197,0.9312891539022508,0.9693113314941818,1
3601,0.1218694847040439,0.0,0.9696113074204947,0.10351487060641174,0.46875,1.0,0.0,0.6666666666666666,0.11447962050937233,0.0,0.27190552572223337,0.9966655551850617,0.9786258487620693,0.0,0.9966666666666667,1.0,0.8082955109558205,0.9040621804950684,0.9998288500343162,1
3602,0.06374338553980785,0.0,0.9371024734982332,0.10351487060641174,0.5625,1.0,0.0,0.6666666666666666,0.07599822217802998,0.0,0.08039440728073932,0.968322774258086,0.9375091465849817,0.0,0.986,1.0,0.9142990173147846,0.9237947594060314,0.9332905014972782,1
3603,0.10324157931443612,0.0,0.9717314487632509,0.10351487060641174,0.59375,1.0,0.0,0.6666666666666666,0.07803653944951572,0.0,0.22446869371381517,0.9963321107035679,0.9828943389315609,0.0,0.9956666666666667,1.0,0.9576767885474922,0.9691630160219852,0.9806492434964782,1
3604,0.08297415477057701,0.1,0.9809187279151943,0.10351487060641174,0.59375,1.0,0.0,0.6666666666666666,0.07673409114810037,0.0,0.3110466955090462,0.9969989996665555,0.9837352139479705,0.0,0.995,1.0,0.9444708780833413,0.9507886557882489,0.9571064334931565,1
3605,0.1261035731614334,0.1,0.9646643109540636,0.10351487060641174,0.59375,1.0,0.0,0.6666666666666666,0.07829926161791101,0.5,0.47100216487006275,0.9996665555185061,0.9944166921321179,0.0003333333333333333,0.999,1.0,0.8971340342542811,0.8972734863692183,0.8974129384841556,1
3606,0.0884556071762217,0.0,0.9851590106007068,0.10351487060641174,0.6875,1.0,0.0,0.6666666666666666,0.07964070853697547,0.0,0.28545628000338474,0.9963321107035679,0.9750620594340147,0.0,0.998,1.0,0.8986604990094466,0.94793062488366,0.9972007507578734,1
3607,0.12702949908735928,0.2,0.9908127208480565,0.10351487060641174,0.78125,1.0,0.0,0.6666666666666666,0.08002671671315453,0.0,0.4671971492455821,0.9989996665555185,0.9885079871752086,0.0,0.9986666666666667,1.0,0.8750202099728295,0.9089644462355333,0.9429086824982372,1
3608,0.36346794240420244,0.5,0.9858657243816255,0.320855614973262,0.28125,0.8571428571428571,0.0,0.6666666666666666,0.6201706944017698,0.5,0.40395622355287697,0.9993331110370124,0.9749180574198325,0.0,0.9993333333333333,1.0,0.7941171083050218,0.8722406166795313,0.9503641250540408,1
3609,0.2682170463468547,0.0,0.992226148409894,0.10351487060641174,0.5,1.0,0.0,0.6666666666666666,0.10240856476998106,0.0,0.27582254925406635,0.9946648882960987,0.9723297269317646,0.0,0.9976666666666667,1.0,0.9045758127676908,0.9226656516048326,0.9407554904419745,1
3610,0.11720926950104782,0.2,0.9908127208480565,0.10351487060641174,0.5625,1.0,0.0,0.6666666666666666,0.07725115921234371,0.5,0.7282746768792429,1.0,0.996999724549502,0.0006666666666666666,0.9956666666666667,1.0,0.8990842487713758,0.9335324077554665,0.9679805667395572,1
3611,0.3699823149598823,0.1,0.9957597173144876,0.10351487060641174,0.71875,1.0,0.0,0.6666666666666666,0.14945038971813096,0.3333333333333333,0.6466033439160641,1.0,0.9963745320267109,0.0,0.999,1.0,0.9176595407629998,0.9233175098390503,0.9289754789151007,1
3612,0.4651663361764975,0.8,1.0,0.6033057851239669,0.59375,0.5714285714285714,0.0,0.6666666666666666,0.6146824706544143,1.0,0.7866781850116109,1.0,0.9929878427562827,0.0006666666666666666,1.0,1.0,0.8089660474424922,0.8500862436205321,0.891206439798572,1
3613,0.3552253705154379,0.3,0.9879858657243816,0.10351487060641174,0.5,1.0,0.0,0.6666666666666666,0.11763832732405566,0.0,0.15072514557772732,0.9989996665555185,0.9807026609587651,0.0,0.9993333333333333,1.0,0.8891346067041865,0.9313196286402846,0.9735046505763827,1
3614,0.3490820236636136,0.4,0.9908127208480565,0.10351487060641174,0.4375,1.0,0.0,0.6666666666666666,0.1879804452740763,0.0,0.44067418597838925,0.9996665555185061,0.9882287264756283,0.0,0.9996666666666667,1.0,0.8556997555917483,0.8694985757316516,0.8832973958715549,1
3615,0.10900953050387341,0.2,0.9957597173144876,0.10351487060641174,0.84375,1.0,0.0,0.6666666666666666,0.09510352491279961,0.0,0.21227248258099762,0.9983327775925308,0.9792490058450912,0.0,0.999,1.0,0.9257315272637896,0.9454627357510619,0.9651939442383343,1
3616,0.26574869033028026,0.2,0.9908127208480565,0.10351487060641174,0.4375,1.0,0.0,0.6666666666666666,0.18227790428863666,0.0,0.08906135365017553,0.9986662220740247,0.9845330545024009,0.0,0.9986666666666667,1.0,0.8473549146177485,0.8684482165651929,0.8895415185126373,1
3617,0.5201038528249776,0.4,0.9929328621908127,0.2575250836120402,0.46875,1.0,0.0,0.6666666666666666,0.32670835503590046,1.0,0.6845727462151838,1.0,0.9908935584380179,0.0006666666666666666,1.0,1.0,0.7405973380742639,0.8644199078200202,0.9882424775657765,1
3618,0.4599581603705103,0.5,0.9957597173144876,0.320855614973262,0.375,0.8571428571428571,0.0,0.6666666666666666,0.38528487175008164,0.5,0.5053037117005441,1.0,0.9894525728699131,0.0003333333333333333,0.9993333333333333,1.0,0.846091100575896,0.8786130131909375,0.911134925805979,1
3619,0.13149498378676217,0.1,1.0,0.10351487060641174,0.90625,1.0,0.0,0.6666666666666666,0.08407987100185454,0.0,0.38229072771478734,0.9996665555185061,0.9947097577222841,0.0,0.998,1.0,0.8501325666459254,0.8868847477655937,0.9236369288852618,1
3620,0.13293831401256773,0.1,0.976678445229682,0.10351487060641174,0.71875,1.0,0.0,0.6666666666666666,0.09835345876633317,0.0,0.34880261780558,0.9993331110370124,0.9863444367533024,0.0,0.999,1.0,0.8209219669696781,0.8589577741183394,0.8969935812670007,1
3621,0.23804375637534636,0.2,0.9978798586572438,0.10351487060641174,0.59375,1.0,0.0,0.6666666666666666,0.09644650347132588,0.3333333333333333,0.7553932204899471,1.0,0.9982007403813745,0.0003333333333333333,0.998,1.0,0.9648968338715135,0.9703062350795714,0.9757156362876293,1
3622,0.1218694847040439,0.1,0.9696113074204947,0.10351487060641174,0.46875,1.0,0.0,0.6666666666666666,0.12298434723645646,0.0,0.2510512973989544,0.9976658886295432,0.9856990417984507,0.0,0.9956666666666667,1.0,0.8068900166382014,0.8943731806640356,0.9818563446898699,1
3623,0.3330019925834139,0.2,1.0,0.320855614973262,0.5625,0.8571428571428571,0.0,0.6666666666666666,0.21961674846903478,0.5,0.6931039129143384,1.0,0.9918890213946399,0.0003333333333333333,0.9993333333333333,1.0,0.8358766455277468,0.8551529824442116,0.8744293193606764,1
3624,0.23405451644860642,0.1,0.9802120141342756,0.10351487060641174,0.625,1.0,0.0,0.6666666666666666,0.08185948068989546,0.0,0.4110835546328866,0.9993331110370124,0.9902201525613152,0.0,0.998,1.0,0.9006908398987916,0.9482833749550758,0.9958759100113599,1
3625,0.2538957862898762,0.2,0.9964664310954063,0.10351487060641174,0.8125,1.0,0.0,0.6666666666666666,0.0840769513261499,0.0,0.45533879229398333,0.9993331110370124,0.9881379844453291,0.0,0.999,1.0,0.8842220742913048,0.9414460229553172,0.9986699716193295,1
3626,0.11395760366252272,0.2,1.0,0.10351487060641174,0.75,1.0,0.0,0.6666666666666666,0.08560416676110671,0.0,0.26533116433025705,0.9983327775925308,0.9834842341934041,0.0,0.9963333333333333,1.0,0.8653828815433691,0.9264183843800062,0.9874538872166435,1
3627,0.09676329538365558,0.1,0.9865724381625441,0.2575250836120402,0.375,1.0,0.0,0.6666666666666666,0.12128226353716298,0.0,0.2029862305769895,0.9989996665555185,0.9836827436905714,0.0,0.9963333333333333,1.0,0.79196244608973,0.8417523106057143,0.8915421751216988,1
3628,0.5481224115782397,0.5,0.9943462897526502,0.4035087719298246,0.46875,0.8571428571428571,0.0,0.6666666666666666,0.41656736333850897,0.0,0.20634505421101434,0.9993331110370124,0.995927414617025,0.0,0.9986666666666667,1.0,0.8378616432815893,0.8983788779707491,0.9588961126599089,1
3629,0.4136331086106759,0.3,0.9985865724381625,0.10351487060641174,0.625,1.0,0.0,0.6666666666666666,0.11209658294617064,0.3333333333333333,0.5079759959055108,1.0,0.9912199911433435,0.0,0.9993333333333333,1.0,0.9407672095486483,0.94794400423005,0.9551207989114516,1
3630,0.12702949908735928,0.1,0.9886925795053003,0.10351487060641174,0.71875,1.0,0.0,0.6666666666666666,0.09025419575367977,0.0,0.4446840557084165,0.9979993331110371,0.9851808271411989,0.0,0.9976666666666667,1.0,0.8347195383199691,0.8934271346841891,0.9521347310484091,1
3631,0.1055373082816512,0.1,0.9703180212014134,0.10351487060641174,0.75,1.0,0.0,0.6666666666666666,0.09840275214681249,0.0,0.3777695067163366,0.9993331110370124,0.995912056435629,0.0,0.9983333333333333,1.0,0.9624293324595133,0.9654798965923654,0.9685304607252176,1
3632,0.2599988845804745,0.1,0.9978798586572438,0.10351487060641174,0.59375,1.0,0.0,0.6666666666666666,0.08949423515180777,0.5,0.5086750631937382,1.0,0.9893290766865761,0.0,0.999,1.0,0.9045232840617308,0.9349871652145001,0.9654510463672695,1
3633,0.09922756825999335,0.1,0.9915194346289753,0.10351487060641174,0.625,1.0,0.0,0.6666666666666666,0.12227371902419237,0.0,0.2196983252117155,0.9989996665555185,0.980222911680537,0.0,0.9973333333333333,1.0,0.812896320109993,0.8813429867443435,0.949789653378694,1
3634,0.19912658694347096,0.0,0.9519434628975265,0.10351487060641174,0.46875,1.0,0.0,0.6666666666666666,0.08420775876213948,0.0,0.026322819349342774,0.9916638879626543,0.9695310549750845,0.0,0.989,1.0,0.9424622184920611,0.9617299308390441,0.9809976431860271,1
3635,0.07936838553980785,0.0,0.9371024734982332,0.10351487060641174,0.5625,1.0,0.0,0.6666666666666666,0.07600693357461241,0.0,0.06909462487002249,0.9933311103701233,0.972701589483041,0.0,0.9873333333333333,1.0,0.9342707749750337,0.9369247832667964,0.939578791558559,1
3636,0.1217632953836556,0.2,0.995053003533569,0.2575250836120402,0.40625,1.0,0.0,0.6666666666666666,0.11076141228595682,0.0,0.4278651176076176,0.9993331110370124,0.987647617133528,0.0,0.9976666666666667,1.0,0.8000258734799423,0.8517615330652253,0.9034971926505083,1
3637,0.19834023073432072,0.0,0.9646643109540636,0.10351487060641174,0.59375,1.0,0.0,0.6666666666666666,0.07789330645479953,0.0,0.16497419397380753,0.991997332444148,0.9662092750334729,0.0,0.9946666666666667,1.0,0.9002192439759997,0.9273482616941027,0.9544772794122057,1
3638,0.19834023073432072,0.0,0.9787985865724381,0.10351487060641174,0.6875,1.0,0.0,0.6666666666666666,0.08274794322704393,0.0,0.2556218851318679,0.9926642214071357,0.9715433184447188,0.0,0.9966666666666667,1.0,0.91364228215463,0.9530570465655035,0.9924718109763769,1
3639,0.1218694847040439,0.0,0.9696113074204947,0.10351487060641174,0.46875,1.0,0.0,0.6666666666666666,0.10420763335414152,0.0,0.16937299177864829,0.991997332444148,0.9630371027288747,0.0,0.996,1.0,0.8235104797959811,0.9101901586647048,0.9968698375334283,1
3640,0.23846794240420244,0.2,0.9858657243816255,0.320855614973262,0.28125,0.8571428571428571,0.0,0.6666666666666666,0.3627971565619533,0.0,0.3332850417083656,0.9976658886295432,0.9690870048346178,0.0,0.9986666666666667,1.0,0.8172968271822417,0.8965479060222148,0.9757989848621879,1
3641,0.11622106896541184,0.2,0.9901060070671378,0.10351487060641174,0.9375,1.0,0.0,0.6666666666666666,0.08301070806763122,0.0,0.4046147254860799,0.9989996665555185,0.9911291977043761,0.0,0.999,1.0,0.9553891362079046,0.9626445687258762,0.9699000012438478,1
3642,0.217210423042013,0.1,0.9858657243816255,0.10351487060641174,0.65625,1.0,0.0,0.6666666666666666,0.11009813451971562,0.0,0.20006213209560086,0.9976658886295432,0.9791136057067157,0.0,0.9983333333333333,1.0,0.9260306379474812,0.9602554763118416,0.9944803146762021,1
3643,0.15378556549859812,0.1,0.9978798586572438,0.2575250836120402,0.90625,1.0,0.0,0.6666666666666666,0.130596298383434,0.3333333333333333,0.4898438846306743,0.9996665555185061,0.9883633528502438,0.0,0.9986666666666667,1.0,0.7926920132595143,0.8951769255115665,0.9976618377636185,1
3644,0.24678512586673462,0.1,0.995053003533569,0.10351487060641174,0.5,1.0,0.0,0.6666666666666666,0.14533499892433133,0.0,0.30433281953394054,0.9986662220740247,0.9815711008972959,0.0,0.9976666666666667,1.0,0.8668510850469475,0.8721002631296502,0.8773494412123527,1
3645,0.07546380153665833,0.0,0.9717314487632509,0.10351487060641174,0.59375,1.0,0.0,0.6666666666666666,0.08112506424383992,0.0,0.190773618295913,0.9896632210736912,0.9631883870589524,0.0,0.9916666666666667,1.0,0.9758990393460274,0.9843888107274905,0.9928785821089537,1
3646,0.5539079847395747,0.6,0.9985865724381625,0.4035087719298246,0.3125,0.8571428571428571,0.0,0.6666666666666666,0.8209578734591797,0.0,0.4617867375277428,0.9993331110370124,0.9893848389389266,0.0,0.9996666666666667,1.0,0.7800987261601898,0.8004208646291859,0.8207430030981822,1
3647,0.30054375637534636,0.3,0.9908127208480565,0.10351487060641174,0.5625,1.0,0.0,0.6666666666666666,0.1416930259710052,0.0,0.3182348216319374,0.9986662220740247,0.9877088509341925,0.0,0.9986666666666667,1.0,0.9065813116435506,0.9367300493271264,0.9668787870107023,1
3648,0.1657665968408505,0.1,0.9879858657243816,0.10351487060641174,0.5625,1.0,0.0,0.6666666666666666,0.1614005296567631,1.0,0.544435147952762,1.0,0.9833223829713776,0.0,0.9973333333333333,1.0,0.7773569216216604,0.8282417049573515,0.8791264882930426,1
3649,0.22668844502003493,0.0,0.9858657243816255,0.10351487060641174,0.6875,1.0,0.0,0.6666666666666666,0.09074459146744196,0.0,0.12500768766855663,0.9956652217405801,0.9788003940499782,0.0,0.9966666666666667,1.0,0.871991993384902,0.9254315819391112,0.9788711704933206,1
3650,0.08078016857973047,0.0,0.9681978798586572,0.10351487060641174,0.625,1.0,0.0,0.6666666666666666,0.08436525187900534,0.0,0.17541670938860687,0.9929976658886296,0.9692838797757233,0.0,0.9966666666666667,1.0,0.8826649425933266,0.9275791422896776,0.9724933419860287,1
3651,0.09213046820332504,0.0,0.9371024734982332,0.10351487060641174,0.5625,1.0,0.0,0.6666666666666666,0.07701686399108842,0.0,0.11038952513872391,0.9926642214071357,0.9744685160882272,0.0,0.9926666666666667,1.0,0.9451280836492689,0.95921479244909,0.9733015012489111,1
3652,0.09213046820332504,0.0,0.9908127208480565,0.10351487060641174,0.5625,1.0,0.0,0.6666666666666666,0.07682358341626361,0.0,0.04456909946838328,0.9886628876292097,0.9696289795216593,0.0,0.992,1.0,0.948191246716094,0.9572256585842303,0.9662600704523666,1
3653,0.23846794240420244,0.2,0.995053003533569,0.320855614973262,0.4375,0.8571428571428571,0.0,0.6666666666666666,0.41997552886066014,0.0,0.26638777605301844,0.9976658886295432,0.9719394805536129,0.0,0.999,1.0,0.8045791216994305,0.8994419242787607,0.9943047268580909,1
3654,0.22668844502003493,0.0,0.9858657243816255,0.10351487060641174,0.6875,1.0,0.0,0.6666666666666666,0.0900946944774883,0.0,0.11280703597247599,0.9946648882960987,0.9761076136080831,0.0,0.9966666666666667,1.0,0.8720973041292862,0.9267280007548511,0.9813586973804159,1
3655,0.10879713486999165,0.1,0.9717314487632509,0.10351487060641174,0.59375,1.0,0.0,0.6666666666666666,0.08534207234173263,1.0,0.522270063193295,1.0,0.9924096158511732,0.0,0.9913333333333333,1.0,0.9822085424245031,0.9832456577813589,0.9842827731382148,1
3656,0.7048175481491381,0.9,1.0,0.9924012158054711,0.125,0.2857142857142857,0.0,0.6666666666666666,0.973144800050929,1.0,0.6123377373513943,1.0,0.9866241489421071,0.06933333333333333,1.0,1.0,0.7162085206937698,0.7603021818856526,0.8043958430775354,1
3657,0.2920595934794188,0.1,0.9738515901060071,0.10351487060641174,0.59375,1.0,0.0,0.6666666666666666,0.0968143344839425,0.0,0.2982101784790744,0.9996665555185061,0.9882661477824443,0.0,0.9983333333333333,1.0,0.9466490780038633,0.964473523299666,0.9822979685954687,1
3658,0.283425458007048,0.0,0.9872791519434629,0.4035087719298246,0.375,0.8571428571428571,0.0,0.6666666666666666,0.30939231405519274,0.0,0.19606578368011662,0.9946648882960987,0.9691525569112124,0.0,0.999,1.0,0.8407231105957758,0.8494424284786275,0.8581617463614792,1
3659,0.12978616628847095,0.2,0.9816254416961131,0.10351487060641174,0.5625,1.0,0.0,0.6666666666666666,0.09106429993898879,0.0,0.3433183946088718,0.9989996665555185,0.9850500426286631,0.0,0.9976666666666667,1.0,0.8377301915514951,0.9160095872674983,0.9942889829835014,1
3660,0.217210423042013,0.1,0.9858657243816255,0.10351487060641174,0.65625,1.0,0.0,0.6666666666666666,0.10964805116019982,0.0,0.4244978276343784,0.9983327775925308,0.9865268597661428,0.0,0.9973333333333333,1.0,0.9300504877062731,0.9620248092903483,0.9939991308744234,1
3661,0.22185385967074378,0.0,0.9858657243816255,0.10351487060641174,0.71875,1.0,0.0,0.6666666666666666,0.09168539912729134,0.0,0.0463103503112241,0.9953317772590864,0.9809303334352932,0.0,0.9976666666666667,1.0,0.944305485346256,0.9489931766898521,0.9536808680334481,1
3662,0.2786906095221995,0.1,0.9893992932862191,0.10351487060641174,0.375,1.0,0.0,0.6666666666666666,0.11715843541899051,0.5,0.41317158158671474,0.9996665555185061,0.9893612960262635,0.0,0.9993333333333333,1.0,0.9117892116252463,0.938664949003222,0.9655406863811977,1
3663,0.19321704634685477,0.1,0.9809187279151943,0.10351487060641174,0.46875,1.0,0.0,0.6666666666666666,0.12639234808758526,0.0,0.36693320902363546,0.9983327775925308,0.9726096293888411,0.0,0.999,1.0,0.8744744253991998,0.892109528313069,0.9097446312269382,1
3664,0.1742743048687505,0.0,0.9908127208480565,0.2575250836120402,0.34375,1.0,0.0,0.6666666666666666,0.13173301767178214,0.0,0.2422171537504405,0.9926642214071357,0.9576487875710004,0.0,0.9973333333333333,1.0,0.7889274794141443,0.8308228450085975,0.8727182106030507,1
3665,0.06374338553980785,0.0,0.9371024734982332,0.10351487060641174,0.5625,1.0,0.0,0.6666666666666666,0.07587187311832921,0.0,0.0822859800589738,0.9753251083694565,0.9467490679378345,0.0,0.9863333333333333,1.0,0.9215472803853105,0.9274275005574053,0.9333077207295002,1
3666,0.06374338553980785,0.0,0.9526501766784452,0.10351487060641174,0.5625,1.0,0.0,0.6666666666666666,0.0773499848073026,0.0,0.20236117354360295,0.9963321107035679,0.9803563284137031,0.0,0.9936666666666667,1.0,0.914765596394839,0.9371111512554859,0.959456706116133,1
3667,0.19834023073432072,0.0,0.9787985865724381,0.10351487060641174,0.6875,1.0,0.0,0.6666666666666666,0.08425180164432777,0.0,0.09110532324729004,0.9943314438146049,0.9741908279433255,0.0,0.9963333333333333,1.0,0.9102945540301584,0.947806939356438,0.9853193246827177,1
3668,0.24053512586673476,0.1,0.9809187279151943,0.10351487060641174,0.46875,1.0,0.0,0.6666666666666666,0.12896661856609937,0.0,0.18625113647456537,0.9969989996665555,0.9769204552963312,0.0,0.9983333333333333,1.0,0.8719672738105395,0.8768711730035379,0.8817750721965362,1
3669,0.37605870384877116,0.1,0.992226148409894,0.10351487060641174,0.5,1.0,0.0,0.6666666666666666,0.09773012275319426,0.0,0.36432344843970554,0.9993331110370124,0.9871658412650559,0.0,0.9983333333333333,1.0,0.9147254112014849,0.9306031513660316,0.9464808915305783,1
3670,0.12233880153665833,0.0,0.9717314487632509,0.10351487060641174,0.625,1.0,0.0,0.6666666666666666,0.08386492408888324,0.0,0.30471055090562194,0.9963321107035679,0.9841852233739523,0.0,0.999,1.0,0.9883045264709042,0.9885628690812649,0.9888212116916257,1
3671,0.6671418792234691,0.8,0.9992932862190813,0.4035087719298246,0.4375,0.8571428571428571,0.0,0.6666666666666666,0.6534724228089104,0.6666666666666666,0.832933098038315,1.0,0.9959500899519247,0.001,1.0,1.0,0.7683238936223339,0.8127874648330928,0.8572510360438518,1
3672,0.25406939740098733,0.2,0.9978798586572438,0.10351487060641174,0.71875,1.0,0.0,0.6666666666666666,0.13008430815196925,0.0,0.16820044067778217,0.9979993331110371,0.9820882172463125,0.0,0.9986666666666667,1.0,0.8988851839326822,0.9281490744893441,0.957412965046006,1
3673,0.2632040127856027,0.1,0.9943462897526502,0.10351487060641174,0.75,1.0,0.0,0.6666666666666666,0.10805222890336119,0.0,0.22385028452970512,0.9986662220740247,0.9882800391989378,0.0,0.997,1.0,0.8982624955817173,0.9123241239295891,0.9263857522774608,1
3674,0.08297415477057701,0.1,0.9526501766784452,0.10351487060641174,0.5625,1.0,0.0,0.6666666666666666,0.0775038687664934,0.3333333333333333,0.8230812445646877,1.0,0.9989626648354621,0.0003333333333333333,0.997,1.0,0.9313387731337583,0.9497461000225926,0.9681534269114268,1
3675,0.11274498378676212,0.1,0.9915194346289753,0.10351487060641174,0.9375,1.0,0.0,0.6666666666666666,0.08400260696921746,0.0,0.33488446559751683,0.9996665555185061,0.9912586767538852,0.0,0.9983333333333333,1.0,0.8494991365393565,0.8956870936427637,0.9418750507461707,1
3676,0.5755378705154377,0.6,0.9985865724381625,0.4035087719298246,0.34375,0.8571428571428571,0.0,0.6666666666666666,0.650127344728507,0.5,0.48859051744169535,0.9996665555185061,0.9892904126710761,0.0003333333333333333,0.9996666666666667,1.0,0.8325075804122158,0.8638511603189005,0.8951947402255853,1
3677,0.2632040127856027,0.1,0.992226148409894,0.4035087719298246,0.4375,0.8571428571428571,0.0,0.6666666666666666,0.18210649660461942,0.5,0.32084848069936234,0.9996665555185061,0.9879516684168044,0.0,0.9986666666666667,1.0,0.8707305141349749,0.8969072219969312,0.9230839298588874,1
3678,0.19834023073432072,0.0,0.9646643109540636,0.10351487060641174,0.59375,1.0,0.0,0.6666666666666666,0.07759277704122347,0.0,0.10644230346771932,0.9883294431477159,0.9628062255657909,0.0,0.994,1.0,0.8990282295952053,0.9226694342483367,0.946310638901468,1
3679,0.22336547792333816,0.0,0.992226148409894,0.10351487060641174,0.625,1.0,0.0,0.6666666666666666,0.17075916679925718,0.0,0.22013713664699952,0.9963321107035679,0.9492515186294148,0.0,0.998,1.0,0.7685160232434296,0.8449507384464723,0.9213854536495149,1
3680,0.19321704634685477,0.0,0.9681978798586572,0.10351487060641174,0.625,1.0,0.0,0.6666666666666666,0.09131135765293474,0.0,0.18595986589073576,0.9946648882960987,0.9675871078902196,0.0,0.996,1.0,0.884190250836138,0.9121477598068317,0.9401052687775254,1
3681,0.217210423042013,0.1,0.9858657243816255,0.10351487060641174,0.65625,1.0,0.0,0.6666666666666666,0.11718927799428769,0.0,0.2565172795187902,0.9976658886295432,0.9781116244206157,0.0,0.9983333333333333,1.0,0.9199023096940915,0.9572491740269928,0.9945960383598943,1
3682,0.12332579538365562,0.1,0.9964664310954063,0.10351487060641174,0.8125,1.0,0.0,0.6666666666666666,0.08312277553074099,0.0,0.12137311456171329,0.9983327775925308,0.9867483410877306,0.0,0.9976666666666667,1.0,0.8697308179338377,0.8763496475576579,0.8829684771814781,1
3683,0.24886106406765407,0.1,0.9929328621908127,0.10351487060641174,0.5625,1.0,0.0,0.6666666666666666,0.17649112186871885,0.0,0.441977930200534,0.9993331110370124,0.9942904006079726,0.0,0.998,1.0,0.8766984022386952,0.9336032818754155,0.9905081615121358,1
3684,0.235426235007825,0.1,0.9893992932862191,0.10351487060641174,0.375,1.0,0.0,0.6666666666666666,0.12002365850169072,0.3333333333333333,0.5708948992380023,1.0,0.9972479317402635,0.0003333333333333333,0.9983333333333333,1.0,0.8986874478400978,0.9050778892759168,0.9114683307117357,1
3685,0.29846042304201303,0.3,0.9936395759717315,0.10351487060641174,0.40625,1.0,0.0,0.6666666666666666,0.1137786475295266,0.3333333333333333,0.4057530190903733,0.9993331110370124,0.9896380843168051,0.0003333333333333333,0.9993333333333333,1.0,0.9120822396244194,0.914011380544021,0.9159405214636226,1
3686,0.06762227384288833,0.0,0.9943462897526502,0.10351487060641174,0.65625,1.0,0.0,0.6666666666666666,0.07747654232560897,0.0,0.16372718290871302,0.9963321107035679,0.9798945396889361,0.0,0.995,1.0,0.9118125743555181,0.9477078518157365,0.9836031292759548,1
3687,0.11949056811092829,0.1,0.984452296819788,0.10351487060641174,0.5625,1.0,0.0,0.6666666666666666,0.09469305851067322,0.0,0.4430218827699971,0.9996665555185061,0.9872654651410531,0.0,0.9983333333333333,1.0,0.8286281720761096,0.8576755731007457,0.8867229741253817,1
3688,0.49256685602268424,0.3,0.9985865724381625,0.4035087719298246,0.40625,0.8571428571428571,0.0,0.6666666666666666,0.21334047804461664,0.6666666666666666,0.5093741672923064,1.0,0.9870191533759938,0.0,0.9996666666666667,1.0,0.8747572467231831,0.9181576200794603,0.9615579934357374,1
3689,0.06374338553980785,0.0,0.9371024734982332,0.10351487060641174,0.5625,1.0,0.0,0.6666666666666666,0.0760541722287209,0.0,0.10229192250201702,0.9766588862954318,0.9481943524294641,0.0,0.987,1.0,0.9131039142909889,0.9301422644996757,0.9471806147083627,1
3690,0.27709290167449163,0.2,0.9929328621908127,0.10351487060641174,0.5,1.0,0.0,0.6666666666666666,0.13720845143300286,0.5,0.5149695079730778,1.0,0.9938125101861126,0.0003333333333333333,0.9993333333333333,1.0,0.8915861712309778,0.894891931710226,0.898197692189474,1
3691,0.419023497959758,0.8,1.0,0.5217391304347826,0.34375,0.7142857142857143,0.0,0.6666666666666666,0.9171960787437431,1.0,0.8348989878550896,1.0,0.9881456726207455,0.004666666666666667,1.0,1.0,0.7417217204496158,0.7708182966410955,0.7999148728325752,1
3692,0.13293831401256773,0.2,0.9915194346289753,0.10351487060641174,0.75,1.0,0.0,0.6666666666666666,0.10141388954149932,0.5,0.5034028992949957,1.0,0.9928306918171351,0.0003333333333333333,0.999,1.0,0.8161845815295031,0.856722897197207,0.8972612128649108,1
3693,0.2702006657962619,0.4,0.9978798586572438,0.2575250836120402,0.5,1.0,0.0,0.6666666666666666,0.7941512716054413,0.0,0.1843980878374336,0.9986662220740247,0.9526440885417771,0.0003333333333333333,0.9996666666666667,1.0,0.7418218897516724,0.7499251126429355,0.7580283355341986,1
3694,0.1218694847040439,0.0,0.9696113074204947,0.10351487060641174,0.46875,1.0,0.0,0.6666666666666666,0.11274209000047108,0.0,0.21927532158727847,0.9906635545181727,0.962323790261842,0.0,0.9946666666666667,1.0,0.8136590447024128,0.9026790956911634,0.991699146679914,1
3695,0.22412658694347098,0.0,0.9858657243816255,0.10351487060641174,0.71875,1.0,0.0,0.6666666666666666,0.09159679445683688,0.0,0.23678872568903409,0.995998666222074,0.9754039817280137,0.0,0.9983333333333333,1.0,0.9304411022406823,0.9422756820887619,0.9541102619368415,1
3696,0.06762227384288833,0.1,0.9371024734982332,0.10351487060641174,0.5625,1.0,0.0,0.6666666666666666,0.08221427291123218,0.5,0.14617323708858365,0.9993331110370124,0.9890745266286038,0.0,0.9966666666666667,1.0,0.9471400670269493,0.9595087708341539,0.9718774746413585,1
3697,0.3968920371821044,0.3,0.9943462897526502,0.10351487060641174,0.78125,1.0,0.0,0.6666666666666666,0.16208602078848688,0.0,0.18397406230131474,0.9983327775925308,0.9826449109350296,0.0,0.9993333333333333,1.0,0.8860883248568774,0.9189873036915069,0.9518862825261365,1
3698,0.15566558673984043,0.2,0.9901060070671378,0.10351487060641174,0.71875,1.0,0.0,0.6666666666666666,0.10339379485436184,0.5,0.5631143162320591,1.0,0.9955758204572159,0.0003333333333333333,0.998,1.0,0.8237346514987249,0.8453745152539272,0.8670143790091293,1
3699,0.29413349996509,0.3,0.9985865724381625,0.10351487060641174,0.65625,1.0,0.0,0.6666666666666666,0.11000524924508703,0.0,0.37868285828120674,0.9989996665555185,0.9891149192058794,0.0,0.9986666666666667,1.0,0.9494363740298147,0.9512654245569965,0.9530944750841782,1
3700,0.1134299620503223,0.0,0.984452296819788,0.10351487060641174,0.5625,1.0,0.0,0.6666666666666666,0.09618073454746756,0.0,0.1733234273656281,0.9963321107035679,0.9742765186925041,0.0,0.998,1.0,0.8206894511939087,0.863241057063106,0.9057926629323034,1
3701,0.6335899449362408,0.7,1.0,0.803030303030303,0.4375,0.42857142857142855,0.0,0.6666666666666666,0.812784868033444,1.0,0.7519988601721996,1.0,0.9873814361942503,0.0016666666666666668,1.0,1.0,0.6874198980879764,0.8273428997923165,0.9672659014966564,1
3702,0.1492275682599934,0.3,0.9985865724381625,0.10351487060641174,0.65625,1.0,0.0,0.6666666666666666,0.17774798501141043,0.0,0.47729149817378624,0.9996665555185061,0.9821999552347589,0.0,0.999,1.0,0.7984126101081848,0.8550916255968513,0.9117706410855179,1
3703,0.29133532591674727,0.4,0.995053003533569,0.320855614973262,0.46875,0.8571428571428571,0.0,0.6666666666666666,0.386543110266489,0.0,0.19394095354211427,0.9986662220740247,0.9742884446545135,0.0006666666666666666,0.9993333333333333,1.0,0.8197902540003782,0.8258359402673501,0.831881626534322,1
3704,0.07546380153665833,0.0,0.9717314487632509,0.10351487060641174,0.59375,1.0,0.0,0.6666666666666666,0.08013755993101213,0.0,0.16706378405392064,0.9916638879626543,0.9715487872238762,0.0,0.9953333333333333,1.0,0.9809875380542298,0.9818131356024203,0.9826387331506109,1
3705,0.6501619306658137,0.8,0.9985865724381625,0.9924012158054711,0.25,0.2857142857142857,0.0,0.6666666666666666,0.9443763549005146,0.6666666666666666,0.6372942586334553,1.0,0.9919064851936262,0.002,0.9993333333333333,1.0,0.7597366907234592,0.8485740628183628,0.9374114349132664,1
3706,0.19834023073432072,0.0,0.9646643109540636,0.10351487060641174,0.59375,1.0,0.0,0.6666666666666666,0.07832086375959535,0.0,0.04999850566798869,0.9936645548516172,0.9736270656412219,0.0,0.9956666666666667,1.0,0.8864861803087238,0.9080173570446741,0.9295485337806244,1
3707,0.44521459479618475,0.2,0.9865724381625441,0.2575250836120402,0.375,1.0,0.0,0.6666666666666666,0.2145837217733021,0.0,0.2392221225801947,0.9983327775925308,0.9718583776429254,0.0,0.9986666666666667,1.0,0.7517622100423359,0.8230325848523932,0.8943029596624503,1
3708,0.19912658694347096,0.0,0.9519434628975265,0.10351487060641174,0.46875,1.0,0.0,0.6666666666666666,0.08324539382837581,0.0,0.15435219474113493,0.9749916638879627,0.9496668841024654,0.0,0.989,1.0,0.9517658302344141,0.9692246078148781,0.9866833853953422,1
3709,0.19321704634685477,0.0,0.9681978798586572,0.10351487060641174,0.625,1.0,0.0,0.6666666666666666,0.09032813981218446,0.0,0.16357873724991723,0.9896632210736912,0.9618568050071598,0.0,0.9963333333333333,1.0,0.8894353595061252,0.915102519180776,0.9407696788554268,1
3710,0.14649652709097272,0.0,0.9865724381625441,0.2575250836120402,0.375,1.0,0.0,0.6666666666666666,0.1456507557438479,0.0,0.37098483650077474,0.9956652217405801,0.9601616823766539,0.0,0.999,1.0,0.774848307065436,0.8364229539416477,0.8979976008178593,1
3711,0.11274498378676212,0.1,0.9915194346289753,0.10351487060641174,0.9375,1.0,0.0,0.6666666666666666,0.08448306410286854,0.5,0.5013944736556377,1.0,0.9956424197314319,0.0003333333333333333,0.9973333333333333,1.0,0.8477435751345644,0.8942877984591249,0.9408320217836853,1
3712,0.4321803825927325,0.3,0.9978798586572438,0.320855614973262,0.5625,0.8571428571428571,0.0,0.6666666666666666,0.22903022385753824,0.0,0.2959522863550642,0.9989996665555185,0.9862401484122013,0.0,0.999,1.0,0.837905955162098,0.9169785846749516,0.9960512141878052,1
3713,0.0884556071762217,0.1,0.9371024734982332,0.10351487060641174,0.5625,1.0,0.0,0.6666666666666666,0.07969951869240699,0.0,0.30552380039936855,0.9989996665555185,0.9898294856963766,0.0,0.993,1.0,0.9177001282604017,0.9529393899545608,0.98817865164872,1
3714,0.2399376957692857,0.2,0.9985865724381625,0.10351487060641174,0.4375,1.0,0.0,0.6666666666666666,0.12774900300663272,0.0,0.12915589566705665,0.9989996665555185,0.986749396512857,0.0,0.999,1.0,0.914180855089174,0.9460287951471562,0.9778767352051384,1
3715,0.1218694847040439,0.0,0.9696113074204947,0.10351487060641174,0.46875,1.0,0.0,0.6666666666666666,0.10159209158660865,0.0,0.10632894081851696,0.9953317772590864,0.9721214949629127,0.0,0.9956666666666667,1.0,0.826523327748975,0.9131991529532444,0.9998749781575139,1
3716,0.3237854027216627,0.5,0.9957597173144876,0.320855614973262,0.46875,0.8571428571428571,0.0,0.6666666666666666,0.30323606109563483,0.5,0.5432127916019688,1.0,0.9880505964033033,0.0003333333333333333,0.9996666666666667,1.0,0.8117416024971822,0.864678156956789,0.9176147114163958,1
3717,0.19912658694347096,0.0,0.9519434628975265,0.10351487060641174,0.46875,1.0,0.0,0.6666666666666666,0.07895337210069397,0.0,0.15519860561686727,0.9953317772590864,0.9761687158087697,0.0,0.9933333333333333,1.0,0.9407234118785506,0.9624904571667294,0.9842575024549084,1
3718,0.08149498378676212,0.1,0.995053003533569,0.10351487060641174,0.875,1.0,0.0,0.6666666666666666,0.08831606000508252,0.0,0.4706704774315602,0.9993331110370124,0.9856229506254106,0.0,0.997,1.0,0.8401576395109226,0.9080135218653598,0.975869404219797,1
3719,0.6192569875885775,0.5,0.9992932862190813,0.4035087719298246,0.59375,0.8571428571428571,0.0,0.6666666666666666,0.3265055484190632,0.5,0.4406813403215948,0.9996665555185061,0.986921557509835,0.0006666666666666666,0.9996666666666667,1.0,0.8435655708029416,0.8611226047646419,0.8786796387263422,1
3720,0.11482831712009545,0.0,0.9787985865724381,0.10351487060641174,0.875,1.0,0.0,0.6666666666666666,0.08091126368404689,0.0,0.2723055606391037,0.995998666222074,0.9765392022298293,0.0,0.997,1.0,0.8630210224940295,0.8999790329213999,0.9369370433487703,1
3721,0.0983257953836556,0.1,0.9724381625441696,0.10351487060641174,0.53125,1.0,0.0,0.6666666666666666,0.08075928544140443,0.0,0.041741664529045375,0.9979993331110371,0.983255280246629,0.0,0.9966666666666667,1.0,0.871622267040724,0.8886674725131098,0.9057126779854956,1
3722,0.44251636709795705,0.7,0.9985865724381625,0.6033057851239669,0.40625,0.5714285714285714,0.0,0.6666666666666666,0.7122847909793364,1.0,0.5616660361811513,1.0,0.9942605481848403,0.0006666666666666666,1.0,1.0,0.8059069126023936,0.8819431756438592,0.9579794386853246,1
3723,0.10222018388377885,0.1,0.9915194346289753,0.10351487060641174,0.75,1.0,0.0,0.6666666666666666,0.09880508318264947,0.0,0.2402506899801845,0.9996665555185061,0.9920840592153317,0.0,0.9963333333333333,1.0,0.8155107520733835,0.8751464136951095,0.9347820753168355,1
3724,0.2632040127856027,0.2,0.9908127208480565,0.10351487060641174,0.6875,1.0,0.0,0.6666666666666666,0.10547262029436566,0.0,0.4812653925143593,0.9996665555185061,0.9928930517454868,0.0,0.9993333333333333,1.0,0.9074757354327204,0.9178323417997593,0.9281889481667981,1
3725,0.17186948470404395,0.2,0.9915194346289753,0.10351487060641174,0.40625,1.0,0.0,0.6666666666666666,0.13313129865995244,0.5,0.5027479797206951,1.0,0.9880906803933107,0.0,1.0,1.0,0.8236510435322405,0.8822959033929643,0.9409407632536879,1
3726,0.19912658694347096,0.0,0.9519434628975265,0.10351487060641174,0.46875,1.0,0.0,0.6666666666666666,0.08537960441849746,0.0,0.27038370422666835,0.9956652217405801,0.9764289039695413,0.0,0.9903333333333333,1.0,0.9355968447798204,0.955604134124419,0.9756114234690176,1
3727,0.19912658694347096,0.1,0.9519434628975265,0.10351487060641174,0.46875,1.0,0.0,0.6666666666666666,0.08663696817416577,0.0,0.19366398371714688,0.9969989996665555,0.9805530008587657,0.0,0.9933333333333333,1.0,0.9342892943592154,0.9523679949261508,0.9704466954930863,1
3728,0.06762227384288833,0.0,0.9851590106007068,0.10351487060641174,0.6875,1.0,0.0,0.6666666666666666,0.07969154135390233,0.0,0.35836039527562646,0.9966655551850617,0.9782951364520107,0.0,0.9976666666666667,1.0,0.8860402321879196,0.9382207433681216,0.9904012545483234,1
3729,0.09699029973464257,0.1,0.9703180212014134,0.10351487060641174,0.75,1.0,0.0,0.6666666666666666,0.09078650021463974,0.0,0.22899631567639878,0.9989996665555185,0.9874541654039442,0.0,0.998,1.0,0.9765213086945286,0.9800122624284513,0.983503216162374,1
3730,0.15187770795196165,0.0,0.976678445229682,0.10351487060641174,0.71875,1.0,0.0,0.6666666666666666,0.10149046852796362,0.0,0.299898530132801,0.9966655551850617,0.9722064171704395,0.0,0.998,1.0,0.8193221090670862,0.8523261053969281,0.88533010172677,1
3731,0.08647065826708056,0.1,0.9526501766784452,0.10351487060641174,0.5625,1.0,0.0,0.6666666666666666,0.0766234043474574,0.0,0.4137541944165837,0.9986662220740247,0.9886069948232649,0.0,0.9923333333333333,1.0,0.9086271731720178,0.9205203212158828,0.9324134692597478,1
3732,0.06374338553980785,0.0,0.9371024734982332,0.10351487060641174,0.5625,1.0,0.0,0.6666666666666666,0.07603559585816189,0.0,0.18029613488333862,0.9863287762587529,0.9607122139978826,0.0,0.9866666666666667,1.0,0.9165450663513989,0.9339709985804945,0.9513969308095902,1
3733,0.5505378705154378,0.4,0.9992932862190813,0.320855614973262,0.40625,0.8571428571428571,0.0,0.6666666666666666,0.46936156051907874,0.0,0.4319069518738118,0.9996665555185061,0.9834403948726244,0.0,1.0,1.0,0.8567470984947692,0.8696826569182001,0.8826182153416311,1
3734,0.24352621251569717,0.2,0.995053003533569,0.10351487060641174,0.65625,1.0,0.0,0.6666666666666666,0.13670256392496338,0.0,0.13391616826500663,0.9979993331110371,0.9831078086759891,0.0,0.998,1.0,0.9027486873232294,0.9464055363079393,0.9900623852926491,1
3735,0.4576792034135343,0.6,0.9992932862190813,0.9206349206349207,0.375,0.7142857142857143,0.0,0.6666666666666666,0.9232732751241289,1.0,0.7383552966121312,1.0,0.9738325040381893,0.0006666666666666666,1.0,1.0,0.6817649975115784,0.7756136743247743,0.8694623511379703,1
3736,0.1349660070238673,0.2,0.9964664310954063,0.10351487060641174,0.8125,1.0,0.0,0.6666666666666666,0.1010855073471777,1.0,0.68578466223848,1.0,0.9965428642380652,0.0003333333333333333,0.9993333333333333,1.0,0.8434512261020706,0.9088292658112093,0.974207305520348,1
3737,0.32130424588583584,0.3,0.9943462897526502,0.10351487060641174,0.46875,1.0,0.0,0.6666666666666666,0.1354211224420856,0.0,0.21067873946561444,0.9989996665555185,0.9912921776142358,0.0,0.9986666666666667,1.0,0.8683045790103975,0.8877512322531826,0.9071978854959678,1
3738,0.19834023073432072,0.0,0.9936395759717315,0.10351487060641174,0.65625,1.0,0.0,0.6666666666666666,0.08043826334787141,0.0,0.13143916887439666,0.9923307769256419,0.9722252235698509,0.0,0.9973333333333333,1.0,0.8920208749180413,0.9348481735379468,0.9776754721578522,1
3739,0.17186948470404395,0.2,0.9978798586572438,0.2575250836120402,0.90625,1.0,0.0,0.6666666666666666,0.12328726052656991,0.0,0.22867763804147023,0.9983327775925308,0.9861903833307519,0.0,0.9983333333333333,1.0,0.7966584550941957,0.8939865952822974,0.9913147354703992,1
3740,0.11848249054035076,0.1,0.9724381625441696,0.10351487060641174,0.53125,1.0,0.0,0.6666666666666666,0.08467972464199724,0.0,0.17372615223382615,0.9976658886295432,0.9865359435802425,0.0,0.9976666666666667,1.0,0.8495751005674402,0.8864568150013387,0.9233385294352371,1
3741,0.14649652709097272,0.3,0.9908127208480565,0.2575250836120402,0.34375,1.0,0.0,0.6666666666666666,0.17016732165613924,1.0,0.5196867071408764,1.0,0.978040660653917,0.0,0.999,1.0,0.7803918046900719,0.8118992821465241,0.8434067596029763,1
3742,0.30047091255250247,0.2,0.9985865724381625,0.10351487060641174,0.625,1.0,0.0,0.6666666666666666,0.1510980522194867,0.6666666666666666,0.3646374793660314,0.9996665555185061,0.9887941805067508,0.0003333333333333333,0.9993333333333333,1.0,0.8252631699527557,0.8738824583023262,0.9225017466518968,1
3743,0.22412658694347098,0.2,0.9858657243816255,0.10351487060641174,0.71875,1.0,0.0,0.6666666666666666,0.09217882787356346,0.5,0.46750280475890227,0.9996665555185061,0.9886337605322122,0.0,0.9983333333333333,1.0,0.9235476760053749,0.938333228166085,0.9531187803267951,1
3744,0.19912658694347096,0.0,0.9519434628975265,0.10351487060641174,0.46875,1.0,0.0,0.6666666666666666,0.08331843191363686,0.0,0.1121910547034668,0.9889963321107036,0.9665951931812814,0.0,0.99,1.0,0.9370026588437675,0.9612311903153897,0.9854597217870119,1
3745,0.15926329538365558,0.1,0.9696113074204947,0.10351487060641174,0.46875,1.0,0.0,0.6666666666666666,0.10281925449941975,1.0,0.5640427378758041,1.0,0.9887569372061777,0.0,0.9983333333333333,1.0,0.809995945439437,0.8800916058446115,0.950187266249786,1
3746,0.5965905020943851,0.4,0.9978798586572438,0.6033057851239669,0.1875,0.5714285714285714,0.0,0.6666666666666666,0.926099410915959,0.0,0.2255156533646534,0.9983327775925308,0.9782529222793267,0.0,0.999,1.0,0.770721918532315,0.8513614321458005,0.932000945759286,1
3747,0.5201038528249776,0.4,0.9971731448763251,0.2575250836120402,0.375,1.0,0.0,0.6666666666666666,0.5688709489284067,1.0,0.8801722336537398,1.0,0.9975064391774233,0.001,1.0,1.0,0.7337230014576922,0.8293157262883526,0.9249084511190131,1
3748,0.13999246205032223,0.2,0.9901060070671378,0.10351487060641174,0.65625,1.0,0.0,0.6666666666666666,0.08590510684320585,0.0,0.4450733669066431,0.9989996665555185,0.9856874176431859,0.0,0.999,1.0,0.8582123449381378,0.8691346950405565,0.8800570451429752,1
3749,0.11395760366252272,0.0,0.9731448763250884,0.10351487060641174,0.59375,1.0,0.0,0.6666666666666666,0.0848176892426371,0.0,0.24068956134915787,0.995998666222074,0.979417324766236,0.0,0.997,1.0,0.8621694838358877,0.9192461818968718,0.976322879957856,1
3750,0.19912658694347096,0.0,0.9519434628975265,0.10351487060641174,0.46875,1.0,0.0,0.6666666666666666,0.08722342736572564,0.0,0.30320596727406457,0.995998666222074,0.9762124900199115,0.0,0.9923333333333333,1.0,0.9477827870483297,0.9580978411991578,0.9684128953499858,1
3751,0.3699823149598823,0.1,0.992226148409894,0.10351487060641174,0.59375,1.0,0.0,0.6666666666666666,0.1253401792021538,0.0,0.3260999034044104,0.9969989996665555,0.9787105228693332,0.0,0.9986666666666667,1.0,0.9247990237074641,0.9366002928842216,0.9484015620609793,1
3752,0.13999246205032223,0.2,0.9985865724381625,0.10351487060641174,0.75,1.0,0.0,0.6666666666666666,0.08663328739266862,0.0,0.1610069232134833,0.9983327775925308,0.9769872850795189,0.0,0.9993333333333333,1.0,0.8645270436858253,0.8664205939472642,0.868314144208703,1
3753,0.13047756825999335,0.3,0.9943462897526502,0.10351487060641174,0.6875,1.0,0.0,0.6666666666666666,0.09267922485753921,1.0,0.5507023680757105,1.0,0.9870441992878113,0.0,0.999,1.0,0.8555624449410495,0.9078954774892338,0.9602285100374183,1
3754,0.19834023073432072,0.0,0.9646643109540636,0.10351487060641174,0.59375,1.0,0.0,0.6666666666666666,0.07852384566405712,0.0,0.25870697708206747,0.9963321107035679,0.9767135752701681,0.0,0.9953333333333333,1.0,0.8866266208305421,0.9138385399061327,0.9410504589817233,1
3755,0.12267472933832435,0.1,0.976678445229682,0.10351487060641174,0.71875,1.0,0.0,0.6666666666666666,0.09635104228481772,0.0,0.28807393093769207,0.9989996665555185,0.991752124300409,0.0,0.9963333333333333,1.0,0.8230383772806267,0.9008279765629454,0.9786175758452642,1
3756,0.06374338553980785,0.1,0.9371024734982332,0.10351487060641174,0.5625,1.0,0.0,0.6666666666666666,0.07641047929654132,0.0,0.20792380250528086,0.9976658886295432,0.9830902626719948,0.0,0.992,1.0,0.9478316594384167,0.948921798847475,0.9500119382565333,1
3757,0.09676329538365558,0.0,0.9957597173144876,0.2575250836120402,0.5625,1.0,0.0,0.6666666666666666,0.11788736642581166,0.0,0.09622554783204196,0.9966655551850617,0.9756933325187299,0.0,0.997,1.0,0.7920145129438223,0.8519714450477038,0.9119283771515853,1
3758,0.29296591754750745,0.2,0.9978798586572438,0.10351487060641174,0.65625,1.0,0.0,0.6666666666666666,0.12943754842126254,0.3333333333333333,0.3666944105771456,0.9993331110370124,0.9894153452478164,0.0,0.9996666666666667,1.0,0.898725350880219,0.9169933149862644,0.9352612790923096,1
3759,0.11395760366252272,0.0,0.9731448763250884,0.10351487060641174,0.59375,1.0,0.0,0.6666666666666666,0.08720827464440928,0.0,0.14199329299505015,0.9966655551850617,0.9753739596980314,0.0,0.9973333333333333,1.0,0.8557643443053863,0.9194874272676593,0.9832105102299323,1
3760,0.26574869033028026,0.2,0.9908127208480565,0.10351487060641174,0.4375,1.0,0.0,0.6666666666666666,0.17991162208487066,0.0,0.09278594865828915,0.9986662220740247,0.985192235267717,0.0,0.9986666666666667,1.0,0.8475898278146156,0.8690280844162839,0.8904663410179523,1
3761,0.09925172130958149,0.1,0.995053003533569,0.10351487060641174,0.71875,1.0,0.0,0.6666666666666666,0.0878953520237008,0.0,0.18557765742914034,0.9989996665555185,0.9866868423213595,0.0,0.9966666666666667,1.0,0.841962508282592,0.8711769572626964,0.9003914062428007,1
3762,0.13494185397427916,0.3,0.9971731448763251,0.10351487060641174,0.75,1.0,0.0,0.6666666666666666,0.09758090945504283,0.0,0.21987405750178968,0.9996665555185061,0.9855750500053105,0.0,0.999,1.0,0.8380792815519191,0.9030485616484107,0.9680178417449022,1
3763,0.11949056811092829,0.1,0.984452296819788,0.10351487060641174,0.5625,1.0,0.0,0.6666666666666666,0.09307678091120508,0.0,0.2600981652605864,0.9986662220740247,0.9859989899132271,0.0,0.997,1.0,0.8280684396652669,0.8644803681415847,0.9008922966179024,1
3764,0.08647065826708056,0.1,0.9646643109540636,0.10351487060641174,0.59375,1.0,0.0,0.6666666666666666,0.07703640326638295,0.0,0.22903229165172945,0.9976658886295432,0.9854043334527444,0.0,0.9923333333333333,1.0,0.9019848532783223,0.9177685358393581,0.9335522184003938,1
3765,0.12702949908735928,0.3,0.995053003533569,0.10351487060641174,0.71875,1.0,0.0,0.6666666666666666,0.08119652025797486,0.0,0.4225911781821523,0.9996665555185061,0.9972237689825325,0.0,0.9996666666666667,1.0,0.8718984800103745,0.9141619192799479,0.9564253585495215,1
3766,0.15058043729346993,0.1,0.9957597173144876,0.2575250836120402,0.75,1.0,0.0,0.6666666666666666,0.1534648492147601,0.0,0.3835109863402868,0.9986662220740247,0.985062314590102,0.0,0.9983333333333333,1.0,0.7749942925527928,0.8780509198483784,0.9811075471439638,1
3767,0.13047756825999335,0.1,0.9943462897526502,0.10351487060641174,0.6875,1.0,0.0,0.6666666666666666,0.08931877397152233,0.0,0.28537725465023756,0.9993331110370124,0.9882463906084565,0.0,0.9983333333333333,1.0,0.8561507977120812,0.9157514073326088,0.9753520169531364,1
3768,0.4888538528249776,0.4,0.9943462897526502,0.2575250836120402,0.46875,1.0,0.0,0.6666666666666666,0.26489226315846126,0.5,0.4690655187646139,0.9993331110370124,0.9834847818413442,0.0003333333333333333,0.9996666666666667,1.0,0.7651848461943335,0.8548218488761548,0.944458851557976,1
3769,0.22775199544020308,0.1,0.9802120141342756,0.10351487060641174,0.625,1.0,0.0,0.6666666666666666,0.08078920547725166,0.0,0.19116992079832906,0.9969989996665555,0.9836492807570133,0.0,0.9933333333333333,1.0,0.9306518138303022,0.9646209628839905,0.9985901119376788,1
3770,0.2796375792191692,0.3,0.9978798586572438,0.10351487060641174,0.53125,1.0,0.0,0.6666666666666666,0.16783371119052992,0.0,0.3757701131170075,0.9986662220740247,0.9794397734667414,0.0,0.9996666666666667,1.0,0.8268937409958667,0.8683835866804905,0.9098734323651145,1
3771,0.11942619717054004,0.2,0.9971731448763251,0.10351487060641174,0.90625,1.0,0.0,0.6666666666666666,0.09109070798628816,0.3333333333333333,0.4857483390198034,0.9996665555185061,0.9925217041075848,0.0003333333333333333,0.9983333333333333,1.0,0.9580931179757717,0.9789584396386213,0.999823761301471,1
3772,0.15566558673984043,0.3,0.9901060070671378,0.10351487060641174,0.71875,1.0,0.0,0.6666666666666666,0.1102562880868212,0.3333333333333333,0.5510192601104538,1.0,0.9918324679374472,0.0003333333333333333,0.9973333333333333,1.0,0.8156993397675583,0.8401131260684966,0.864526912369435,1
3773,0.2632040127856027,0.3,0.9908127208480565,0.10351487060641174,0.6875,1.0,0.0,0.6666666666666666,0.1026061996947295,0.5,0.4724698198929487,0.9996665555185061,0.9951730609923204,0.0003333333333333333,0.999,1.0,0.9101745125039825,0.9212994948389759,0.9324244771739694,1
3774,0.22690436472124875,0.0,0.9992932862190813,0.10351487060641174,0.71875,1.0,0.0,0.6666666666666666,0.09899991882099579,0.0,0.2560054434746676,0.9963321107035679,0.9805490488989878,0.0,0.9966666666666667,1.0,0.9372759168237182,0.9466523258103213,0.9560287347969244,1
3775,0.07722018388377883,0.0,0.9915194346289753,0.10351487060641174,0.75,1.0,0.0,0.6666666666666666,0.09901133092383452,0.0,0.29619078608287097,0.995998666222074,0.9696541820495034,0.0,0.9966666666666667,1.0,0.8153880319441776,0.8821966713618783,0.9490053107795788,1
3776,0.2538957862898762,0.3,0.9964664310954063,0.10351487060641174,0.8125,1.0,0.0,0.6666666666666666,0.08596849039159582,0.0,0.4254850229584336,0.9996665555185061,0.987624717540756,0.0,0.999,1.0,0.875891669858802,0.9367860701444495,0.997680470430097,1
3777,0.17186948470404395,0.4,0.9971731448763251,0.2575250836120402,0.375,1.0,0.0,0.6666666666666666,0.1846002186474004,0.0,0.4807675123462355,0.9996665555185061,0.9847504709452545,0.0,1.0,1.0,0.8046477717812459,0.8631413667384575,0.9216349616956692,1
3778,0.19834023073432072,0.0,0.9646643109540636,0.10351487060641174,0.59375,1.0,0.0,0.6666666666666666,0.07753595146988612,0.0,0.1458265984321967,0.9883294431477159,0.9637264142628404,0.0,0.9946666666666667,1.0,0.9009160435524051,0.924583826445663,0.9482516093389207,1
3779,0.1742743048687505,0.0,0.9908127208480565,0.2575250836120402,0.34375,1.0,0.0,0.6666666666666666,0.12870016214577906,0.0,0.30395208138919205,0.9956652217405801,0.9689478929479012,0.0,0.998,1.0,0.7930213195697698,0.8302619899833437,0.8675026603969176,1
3780,0.2475682196260799,0.3,0.9879858657243816,0.10351487060641174,0.5625,1.0,0.0,0.6666666666666666,0.3345970356044864,0.5,0.5918920524572762,1.0,0.9888980938126537,0.0,0.9986666666666667,1.0,0.7633804073146577,0.7880573424875685,0.8127342776604793,1
3781,0.14378034083820102,0.2,0.995053003533569,0.10351487060641174,0.71875,1.0,0.0,0.6666666666666666,0.07991139817797532,0.5,0.5959837366886767,1.0,0.9983132547525911,0.0003333333333333333,0.9983333333333333,1.0,0.8741659937420538,0.904163914811628,0.934161835881202,1
3782,0.08647065826708056,0.0,0.9526501766784452,0.10351487060641174,0.5625,1.0,0.0,0.6666666666666666,0.07657122279730222,0.0,0.13894051190828438,0.995998666222074,0.9771704419617155,0.0,0.9913333333333333,1.0,0.9112216272119448,0.9241838364763908,0.9371460457408367,1
3783,0.11720926950104782,0.1,0.9371024734982332,0.10351487060641174,0.5625,1.0,0.0,0.6666666666666666,0.07685275482385645,0.0,0.3023145045631993,0.9983327775925308,0.9845846204844175,0.0,0.9933333333333333,1.0,0.9030734392868229,0.9333883952664466,0.9637033512460702,1
3784,0.1531194847040439,0.3,0.9915194346289753,0.2575250836120402,0.4375,1.0,0.0,0.6666666666666666,0.18485164748021565,0.0,0.17516646902043598,0.9986662220740247,0.9778121583117169,0.0,0.999,1.0,0.7898961826047101,0.8658371216322484,0.9417780606597866,1
3785,0.1746188988319315,0.2,0.9929328621908127,0.2575250836120402,0.71875,1.0,0.0,0.6666666666666666,0.1497454444856281,0.5,0.6151053613000195,1.0,0.9938823122393143,0.0003333333333333333,0.9993333333333333,1.0,0.7778539255791124,0.8818787199569404,0.9859035143347686,1
3786,0.6088403209219109,0.7,1.0,0.6033057851239669,0.46875,0.5714285714285714,0.0,0.6666666666666666,0.7158404408955663,1.0,0.7361145728560001,1.0,0.9921915957924321,0.0006666666666666666,1.0,1.0,0.8086528139396326,0.8245252329235591,0.8403976519074855,1
3787,0.07775953050387341,0.1,0.9943462897526502,0.10351487060641174,0.65625,1.0,0.0,0.6666666666666666,0.08533439121633235,0.0,0.34061711276094386,0.9983327775925308,0.9831260805374665,0.0,0.995,1.0,0.9114403258157503,0.9323493547984492,0.9532583837811481,1
3788,0.07775953050387341,0.1,0.9703180212014134,0.10351487060641174,0.75,1.0,0.0,0.6666666666666666,0.09618626329096958,0.0,0.1735168051294791,0.9969989996665555,0.9836394407590002,0.0,0.996,1.0,0.9451698203521203,0.9690248649989384,0.9928799096457566,1
3789,0.25278734611893605,0.2,0.9929328621908127,0.10351487060641174,0.5625,1.0,0.0,0.6666666666666666,0.16491876662196048,0.3333333333333333,0.4575757511842482,0.9993331110370124,0.9885789432208612,0.0003333333333333333,0.9983333333333333,1.0,0.8797455159616066,0.892031471115482,0.9043174262693575,1
3790,0.5775903209219109,0.6,0.9971731448763251,0.4035087719298246,0.53125,0.8571428571428571,0.0,0.6666666666666666,0.4720502338541347,0.6666666666666666,0.6444708645845392,1.0,0.9912640318817155,0.001,1.0,1.0,0.827200861674248,0.8479616518630804,0.8687224420519126,1
3791,0.07775953050387341,0.0,0.9371024734982332,0.10351487060641174,0.5625,1.0,0.0,0.6666666666666666,0.08554847541363209,0.0,0.16111914254834037,0.9923307769256419,0.9650458394164363,0.0,0.9956666666666667,1.0,0.923557214135778,0.9371783093891647,0.9507994046425514,1
3792,0.19354437461862828,0.4,0.995053003533569,0.5217391304347826,0.28125,0.7142857142857143,0.0,0.6666666666666666,0.35680905746650626,0.5,0.11733571950933841,0.9996665555185061,0.9769118354524133,0.0003333333333333333,0.9996666666666667,1.0,0.7418526710621648,0.8061318567611568,0.870411042460149,1
3793,0.07775953050387341,0.0,0.9371024734982332,0.10351487060641174,0.5625,1.0,0.0,0.6666666666666666,0.08436627571035182,0.0,0.16317899121393253,0.9913304434811604,0.9655163679824332,0.0,0.995,1.0,0.9319160657806338,0.9442587762787122,0.9566014867767908,1
3794,0.1492275682599934,0.1,0.9681978798586572,0.10351487060641174,0.625,1.0,0.0,0.6666666666666666,0.08858373137587616,0.0,0.3221910643923105,0.9976658886295432,0.9783994396337109,0.0,0.9963333333333333,1.0,0.8803841351284808,0.9166004962251761,0.9528168573218715,1
3795,0.1492275682599934,0.1,0.9908127208480565,0.10351487060641174,0.53125,1.0,0.0,0.6666666666666666,0.10257931827955158,0.0,0.3897079017141457,0.9986662220740247,0.9788912544162044,0.0,0.9986666666666667,1.0,0.8482645463828635,0.8928603303909044,0.9374561143989452,1
3796,0.22668844502003493,0.1,0.9674911660777386,0.10351487060641174,0.4375,1.0,0.0,0.6666666666666666,0.09882355232144235,0.5,0.546936535802018,1.0,0.9939231167679343,0.0,0.9933333333333333,1.0,0.8846802007240555,0.9162059356559737,0.947731670587892,1
3797,0.06374338553980785,0.0,0.9526501766784452,0.10351487060641174,0.5625,1.0,0.0,0.6666666666666666,0.07614130565139066,0.0,0.1903166023954841,0.9946648882960987,0.9720603883102961,0.0,0.9883333333333333,1.0,0.9190890520715878,0.9225585534085221,0.9260280547454564,1
3798,0.12105306811092831,0.1,0.9724381625441696,0.10351487060641174,0.53125,1.0,0.0,0.6666666666666666,0.07946664378808599,0.0,0.3604168470359007,0.9983327775925308,0.9826295206772044,0.0,0.9973333333333333,1.0,0.877970784127136,0.8965740747871374,0.9151773654471386,1
3799,0.24886106406765407,0.1,0.9908127208480565,0.10351487060641174,0.5625,1.0,0.0,0.6666666666666666,0.1634205409272561,0.0,0.174367092212946,0.9969989996665555,0.9827103931045578,0.0,0.998,1.0,0.8829886412218362,0.938166409896517,0.9933441785711978,1
3800,0.17186948470404395,0.2,0.9929328621908127,0.2575250836120402,0.46875,1.0,0.0,0.6666666666666666,0.1454186188963511,0.3333333333333333,0.3990146112423476,0.9996665555185061,0.9927900900586045,0.0003333333333333333,0.999,1.0,0.788643448955626,0.8868053761072034,0.984967303258781,1
3801,0.10900953050387341,0.2,0.9957597173144876,0.10351487060641174,0.84375,1.0,0.0,0.6666666666666666,0.0949266877140803,0.5,0.47073584834919213,0.9996665555185061,0.9871673058404807,0.0,0.9983333333333333,1.0,0.9232535149759972,0.939244513881138,0.9552355127862789,1
3802,0.21757099996508988,0.1,0.9908127208480565,0.10351487060641174,0.78125,1.0,0.0,0.6666666666666666,0.08104056212201904,0.0,0.1397875898918336,0.9983327775925308,0.985584824777931,0.0,0.9963333333333333,1.0,0.8833768439284229,0.9286895790536325,0.9740023141788421,1
3803,0.11622106896541184,0.1,0.9371024734982332,0.10351487060641174,0.5625,1.0,0.0,0.6666666666666666,0.08483244127144107,0.0,0.32821240088068404,0.9969989996665555,0.9800071224656594,0.0,0.9963333333333333,1.0,0.9476128494719167,0.952321577010199,0.9570303045484814,1
3804,0.43628602336761335,0.3,0.9886925795053003,0.2575250836120402,0.6875,1.0,0.0,0.6666666666666666,0.2434282469498148,0.3333333333333333,0.514247388495594,1.0,0.9879631499020085,0.0,0.998,1.0,0.7440517569352904,0.841613845968568,0.9391759350018458,1
3805,0.08149498378676212,0.0,0.9371024734982332,0.10351487060641174,0.5625,1.0,0.0,0.6666666666666666,0.079156772557881,0.0,0.076290165323605,0.9949983327775925,0.9746481875970255,0.0,0.9953333333333333,1.0,0.8759420534910536,0.9174413631484251,0.9589406728057964,1
3806,0.10222018388377885,0.0,0.9681978798586572,0.10351487060641174,0.5,1.0,0.0,0.6666666666666666,0.10818669873556286,0.0,0.26836947215172335,0.9946648882960987,0.9655863550304183,0.0,0.9973333333333333,1.0,0.8036295373045654,0.8725661443345263,0.9415027513644871,1
3807,0.23846794240420244,0.2,0.9858657243816255,0.320855614973262,0.28125,0.8571428571428571,0.0,0.6666666666666666,0.3975884279815418,0.0,0.24204062379082247,0.9979993331110371,0.9719206026929015,0.0,0.999,1.0,0.8103636987673345,0.89648779975799,0.9826119007486455,1
3808,0.24886106406765407,0.1,0.992226148409894,0.4035087719298246,0.4375,0.8571428571428571,0.0,0.6666666666666666,0.18685397689436833,0.5,0.6263713356630662,1.0,0.9962088493869543,0.0003333333333333333,0.9983333333333333,1.0,0.8725492521401224,0.9310788050243541,0.9896083579085858,1
3809,0.07722018388377883,0.2,0.9915194346289753,0.10351487060641174,0.6875,1.0,0.0,0.6666666666666666,0.13362700607033529,0.0,0.33001821999266134,0.9979993331110371,0.9646570254142472,0.0,0.999,1.0,0.7861991610460362,0.8817842801692619,0.9773693992924877,1
3810,0.14739986945772965,0.1,0.9978798586572438,0.10351487060641174,0.90625,1.0,0.0,0.6666666666666666,0.1324253608011845,0.0,0.35597322238029994,0.9979993331110371,0.9734824769968671,0.0,0.9973333333333333,1.0,0.8128399191756052,0.8223688092376557,0.8318976992997061,1
3811,0.26574869033028026,0.1,0.995053003533569,0.10351487060641174,0.46875,1.0,0.0,0.6666666666666666,0.14089891740425287,0.0,0.22349293699858186,0.9979993331110371,0.9820070210171286,0.0,0.9983333333333333,1.0,0.8574792399693222,0.8827198703202912,0.9079605006712601,1
3812,0.21835735617424024,0.0,0.9738515901060071,0.10351487060641174,0.59375,1.0,0.0,0.6666666666666666,0.09129643102170593,0.0,0.260122249881113,0.995998666222074,0.9791392291220934,0.0,0.993,1.0,0.9572265511538687,0.9614094937262996,0.9655924362987306,1
3813,0.22153734611893605,0.1,0.9908127208480565,0.10351487060641174,0.6875,1.0,0.0,0.6666666666666666,0.10466329831912136,0.0,0.16238102889396666,0.9983327775925308,0.9825015674936013,0.0,0.9986666666666667,1.0,0.9207078773752763,0.9240646236746441,0.9274213699740121,1
3814,0.43855870384877116,0.0,0.9809187279151943,0.10351487060641174,0.46875,1.0,0.0,0.6666666666666666,0.1264584850042555,0.0,0.2826273270851002,0.9966655551850617,0.977830778459498,0.0,0.998,1.0,0.874258291666214,0.9081870666027,0.9421158415391859,1
3815,0.217210423042013,0.1,0.9738515901060071,0.10351487060641174,0.59375,1.0,0.0,0.6666666666666666,0.09500199243137242,0.0,0.42659543919719844,0.9986662220740247,0.9846929672289819,0.0,0.9976666666666667,1.0,0.9529076183294876,0.970843198352709,0.9887787783759304,1
3816,0.10717129520975577,0.1,0.9978798586572438,0.10351487060641174,0.78125,1.0,0.0,0.6666666666666666,0.08160973420829876,0.3333333333333333,0.44522263000992257,0.9996665555185061,0.9946175838678493,0.0,0.9966666666666667,1.0,0.9630950312646719,0.9734715401358647,0.9838480490070575,1
3817,0.06762227384288833,0.1,0.9371024734982332,0.10351487060641174,0.5625,1.0,0.0,0.6666666666666666,0.08156109717531401,0.0,0.06121320729827995,0.9983327775925308,0.9833914932575512,0.0,0.9963333333333333,1.0,0.9494406526907989,0.9633271301479047,0.9772136076050105,1
3818,0.21926175597478859,0.2,0.9929328621908127,0.2575250836120402,0.71875,1.0,0.0,0.6666666666666666,0.13859771932082376,0.3333333333333333,0.4393978085462671,0.9993331110370124,0.9913936021358299,0.0003333333333333333,0.9986666666666667,1.0,0.7781553510453886,0.8650698576999818,0.951984364354575,1
3819,0.15187770795196165,0.2,0.9681978798586572,0.10351487060641174,0.5,1.0,0.0,0.6666666666666666,0.126680656353646,0.0,0.24149673075162115,0.9989996665555185,0.9768813073862529,0.0,0.9973333333333333,1.0,0.7975285567541092,0.8349233033449168,0.8723180499357246,1
3820,0.5922045371821045,0.7,0.9978798586572438,0.4035087719298246,0.375,0.8571428571428571,0.0,0.6666666666666666,0.7849714750834405,0.5,0.4474422529103619,0.9996665555185061,0.9918657742744916,0.0,1.0,1.0,0.8182630287420569,0.8522005080560133,0.8861379873699698,1
3821,0.1261035731614334,0.0,0.9724381625441696,0.10351487060641174,0.53125,1.0,0.0,0.6666666666666666,0.0824258311580095,0.0,0.21380573031694905,0.9966655551850617,0.9784480231980499,0.0,0.9983333333333333,1.0,0.8596116780609918,0.8894320467508099,0.9192524154406279,1
3822,0.06374338553980785,0.0,0.9526501766784452,0.10351487060641174,0.5625,1.0,0.0,0.6666666666666666,0.07642310913629036,0.0,0.11500372649755741,0.98432810936979,0.9574395205831344,0.0,0.9883333333333333,1.0,0.9080515345119373,0.9147440997071838,0.9214366649024304,1
3823,0.27709290167449163,0.2,0.9978798586572438,0.10351487060641174,0.5,1.0,0.0,0.6666666666666666,0.14990074923680774,0.5,0.6842137076047748,1.0,0.9944801088603301,0.0003333333333333333,1.0,1.0,0.8832734415691588,0.8876367086774939,0.8919999757858291,1
3824,0.13293831401256773,0.1,0.9915194346289753,0.10351487060641174,0.75,1.0,0.0,0.6666666666666666,0.1050908854363749,0.5,0.5758876711885137,1.0,0.988310963695829,0.0,0.998,1.0,0.8130889874290306,0.8514059810777526,0.8897229747264745,1
3825,0.21553512586673462,0.2,0.9936395759717315,0.10351487060641174,0.46875,1.0,0.0,0.6666666666666666,0.16930539135217604,0.0,0.29121617420332824,0.9973324441480493,0.9700553982856612,0.0,0.999,1.0,0.8376861052581578,0.8552142895221908,0.8727424737862237,1
3826,0.06374338553980785,0.0,0.9371024734982332,0.10351487060641174,0.5625,1.0,0.0,0.6666666666666666,0.07652263057087161,0.0,0.05215204267682072,0.9869956652217405,0.9619012262904514,0.0,0.992,1.0,0.9470347588318254,0.9529673245322594,0.9588998902326933,1
3827,0.15378556549859812,0.2,0.9886925795053003,0.2575250836120402,0.6875,1.0,0.0,0.6666666666666666,0.18377193859895746,0.0,0.44648206108008526,0.9996665555185061,0.9734239045635168,0.0,0.9986666666666667,1.0,0.7599018109499742,0.8594494139334554,0.9589970169169367,1
3828,0.12233880153665833,0.1,0.9717314487632509,0.10351487060641174,0.625,1.0,0.0,0.6666666666666666,0.08450698699942849,0.0,0.0651090258105792,0.9976658886295432,0.9880163193833956,0.0,0.9963333333333333,1.0,0.9903119627063707,0.9926462369009392,0.9949805110955077,1
3829,0.06762227384288833,0.0,0.9371024734982332,0.10351487060641174,0.5625,1.0,0.0,0.6666666666666666,0.0779063604136353,0.0,0.1843249499014975,0.9886628876292097,0.96682579166987,0.0,0.9933333333333333,1.0,0.9177407184530647,0.9548952632079273,0.9920498079627899,1
3830,0.06374338553980785,0.0,0.9371024734982332,0.10351487060641174,0.5625,1.0,0.0,0.6666666666666666,0.07583883431098881,0.0,0.13817784902396768,0.980326775591864,0.9537669800391667,0.0,0.9863333333333333,1.0,0.924689403272854,0.9297950583076058,0.9349007133423577,1
3831,0.2632040127856027,0.1,0.992226148409894,0.10351487060641174,0.6875,1.0,0.0,0.6666666666666666,0.10129674739942052,0.0,0.14757413674284192,0.9976658886295432,0.9855746091522325,0.0,0.9976666666666667,1.0,0.9012788810500607,0.9190476070571323,0.9368163330642039,1
3832,0.19912658694347096,0.0,0.9519434628975265,0.10351487060641174,0.46875,1.0,0.0,0.6666666666666666,0.08684999020714268,0.0,0.048074067925682584,0.9829943314438147,0.959192367250197,0.0,0.991,1.0,0.9579389021769567,0.9644929520812986,0.9710470019856406,1
3833,0.19834023073432072,0.0,0.9646643109540636,0.10351487060641174,0.59375,1.0,0.0,0.6666666666666666,0.07947153097246451,0.0,0.21649646394522026,0.9953317772590864,0.9761760265637593,0.0,0.996,1.0,0.8907669292246789,0.9282779900379399,0.9657890508512008,1
3834,0.08149498378676212,0.0,0.9371024734982332,0.10351487060641174,0.5625,1.0,0.0,0.6666666666666666,0.07771920163085033,0.0,0.12167658005174165,0.9813271090363455,0.9528429790270523,0.0,0.9916666666666667,1.0,0.8861442091831147,0.9173300388041795,0.9485158684252444,1
3835,0.24352621251569717,0.0,0.9703180212014134,0.10351487060641174,0.53125,1.0,0.0,0.6666666666666666,0.14613512632709214,0.0,0.1953063798894893,0.9963321107035679,0.9835527141270879,0.0,0.996,1.0,0.89313777328597,0.9449378492396328,0.9967379251932955,1
3836,0.25406939740098733,0.1,0.9703180212014134,0.10351487060641174,0.53125,1.0,0.0,0.6666666666666666,0.13978108037129933,0.0,0.08431297293271256,0.9983327775925308,0.9823524817246867,0.0,0.9986666666666667,1.0,0.891427431698701,0.9215503543170351,0.9516732769353692,1
3837,0.1492275682599934,0.3,0.984452296819788,0.10351487060641174,0.53125,1.0,0.0,0.6666666666666666,0.1681299271539488,0.0,0.14492669889537868,0.9979993331110371,0.9746245227492555,0.0,0.9986666666666667,1.0,0.8070048221463597,0.8561493291874556,0.9052938362285513,1
3838,0.37605870384877116,0.1,0.9879858657243816,0.10351487060641174,0.5,1.0,0.0,0.6666666666666666,0.09959640465292019,0.0,0.22385178419137197,0.9989996665555185,0.9916986065861177,0.0,0.9966666666666667,1.0,0.9137351688289611,0.9370922555327941,0.9604493422366271,1
3839,0.39220453718210446,0.2,0.992226148409894,0.10351487060641174,0.59375,1.0,0.0,0.6666666666666666,0.12073905054423362,0.0,0.40800903720518,0.9993331110370124,0.9859724190040245,0.0,0.9996666666666667,1.0,0.939715984675269,0.9414536255894248,0.9431912665035806,1
3840,0.6335899449362408,0.9,1.0,0.803030303030303,0.5,0.42857142857142855,0.0,0.6666666666666666,0.8417991833845517,1.0,0.8888924491521893,1.0,0.9937217219252649,0.002,1.0,1.0,0.6901518497438897,0.8328274366708817,0.9755030235978738,1
3841,0.2920595934794188,0.1,0.9858657243816255,0.10351487060641174,0.65625,1.0,0.0,0.6666666666666666,0.10566227096580338,0.0,0.4387243313013224,0.9993331110370124,0.9878010211514706,0.0,0.9986666666666667,1.0,0.9305131341884478,0.9580776263389282,0.9856421184894086,1
3842,0.3422045371821044,0.2,0.992226148409894,0.10351487060641174,0.59375,1.0,0.0,0.6666666666666666,0.12467456475315375,0.0,0.4140739103071166,0.9993331110370124,0.986450481595136,0.0,0.9986666666666667,1.0,0.9368920429696788,0.9380234352419814,0.939154827514284,1
3843,0.09699029973464257,0.0,0.9703180212014134,0.10351487060641174,0.75,1.0,0.0,0.6666666666666666,0.0911397002229104,0.0,0.25522621861963946,0.9956652217405801,0.9784283697837133,0.0,0.9973333333333333,1.0,0.9658885356943065,0.9785190559098802,0.9911495761254538,1
3844,0.07722018388377883,0.1,0.976678445229682,0.10351487060641174,0.71875,1.0,0.0,0.6666666666666666,0.09785321186309592,0.0,0.22622085577125584,0.9976658886295432,0.9743612667867345,0.0,0.9963333333333333,1.0,0.8182062201973315,0.8903722589522729,0.9625382977072143,1
3845,0.29413349996509,0.2,0.9738515901060071,0.10351487060641174,0.59375,1.0,0.0,0.6666666666666666,0.10838545055776383,0.0,0.36838630000489336,0.9993331110370124,0.9892353528367744,0.0,0.9993333333333333,1.0,0.9440855830922763,0.9551714240430662,0.966257264993856,1
3846,0.2714965270909727,0.3,0.9908127208480565,0.2575250836120402,0.34375,1.0,0.0,0.6666666666666666,0.16928568005552125,0.0,0.35275225070031224,0.9993331110370124,0.9821518382217698,0.0006666666666666666,0.9976666666666667,1.0,0.76993983753055,0.8205127367386877,0.8710856359468256,1
3847,0.08149498378676212,0.0,0.9371024734982332,0.10351487060641174,0.5625,1.0,0.0,0.6666666666666666,0.07681181799079784,0.0,0.05501152422252564,0.9943314438146049,0.9749895731474029,0.0,0.9903333333333333,1.0,0.8991213493009726,0.9270132268926714,0.9549051044843702,1
3848,0.4802253705154378,0.4,1.0,0.320855614973262,0.5,0.8571428571428571,0.0,0.6666666666666666,0.17150781077399857,0.5,0.7640799423384286,1.0,0.9984785683696796,0.0003333333333333333,0.999,1.0,0.8579767163067881,0.928228930405864,0.9984811445049399,1
3849,0.2736851982667883,0.4,0.9943462897526502,0.10351487060641174,0.46875,1.0,0.0,0.6666666666666666,0.16788165054099058,0.5,0.47670278102999464,0.9996665555185061,0.9887633145478951,0.0,0.9983333333333333,1.0,0.8676966058104747,0.8775227980453656,0.8873489902802565,1
3850,0.2599988845804745,0.2,0.9978798586572438,0.10351487060641174,0.71875,1.0,0.0,0.6666666666666666,0.09340406108463362,1.0,0.9593574078264148,1.0,0.9995543400243769,0.0006666666666666666,0.999,1.0,0.902142431149869,0.9282307376090234,0.9543190440681778,1
3851,0.19543844502003493,0.0,0.9674911660777386,0.10351487060641174,0.4375,1.0,0.0,0.6666666666666666,0.1078095646153362,0.0,0.1225134388327872,0.9956652217405801,0.9784351862897759,0.0,0.996,1.0,0.874583008567274,0.9050552038549347,0.9355273991425953,1
3852,0.27709290167449163,0.1,0.9985865724381625,0.10351487060641174,0.53125,1.0,0.0,0.6666666666666666,0.16791709130773735,0.0,0.26107550547003566,0.9993331110370124,0.9819860521455176,0.0,0.999,1.0,0.8816492614423441,0.8842944880848913,0.8869397147274384,1
3853,0.11848249054035076,0.1,0.9724381625441696,0.10351487060641174,0.53125,1.0,0.0,0.6666666666666666,0.08459250799139872,0.0,0.21025251217074536,0.9979993331110371,0.9893366087875101,0.0,0.9976666666666667,1.0,0.8498704839154403,0.887549813183768,0.9252291424520958,1
3854,0.21995992027680433,0.1,0.9858657243816255,0.10351487060641174,0.65625,1.0,0.0,0.6666666666666666,0.10139965019752639,0.0,0.1477385112878048,0.9976658886295432,0.9841548139580492,0.0,0.9973333333333333,1.0,0.9328647418115404,0.9450667725052517,0.957268803198963,1
3855,0.1055373082816512,0.0,0.9703180212014134,0.10351487060641174,0.75,1.0,0.0,0.6666666666666666,0.09681063765661413,0.0,0.2297239951627913,0.9966655551850617,0.9828827776024665,0.0,0.997,1.0,0.9557294418820481,0.9673960393274266,0.979062636772805,1
3856,0.25124941158102043,0.2,0.9957597173144876,0.320855614973262,0.40625,0.8571428571428571,0.0,0.6666666666666666,0.16620099050422033,0.5,0.5058594634695885,1.0,0.985427014630513,0.0,0.998,1.0,0.8557449912050686,0.8652253189456615,0.8747056466862543,1
3857,0.2920595934794188,0.2,0.9738515901060071,0.10351487060641174,0.59375,1.0,0.0,0.6666666666666666,0.10046298475038751,0.0,0.24617207086916837,0.9993331110370124,0.9927308629406185,0.0,0.9986666666666667,1.0,0.9380209394127726,0.9581999306700771,0.9783789219273816,1
3858,0.06374338553980785,0.1,0.9526501766784452,0.10351487060641174,0.5625,1.0,0.0,0.6666666666666666,0.07770339916454183,0.0,0.1523255347757977,0.9983327775925308,0.9834968462722958,0.0,0.994,1.0,0.919545517355178,0.9433533869602587,0.9671612565653395,1
3859,0.19321704634685477,0.0,0.9681978798586572,0.10351487060641174,0.625,1.0,0.0,0.6666666666666666,0.09039703671700106,0.0,0.16011046960726194,0.9923307769256419,0.963239121381211,0.0,0.9956666666666667,1.0,0.9066755274446759,0.9205964434221798,0.9345173593996838,1
3860,0.19912658694347096,0.0,0.9519434628975265,0.10351487060641174,0.46875,1.0,0.0,0.6666666666666666,0.07982246594140963,0.0,0.22381830864937557,0.9939979993331111,0.9702508461284703,0.0,0.9903333333333333,1.0,0.9470660918395415,0.9691769545844698,0.9912878173293982,1
3861,0.11720926950104782,0.2,0.9936395759717315,0.10351487060641174,0.71875,1.0,0.0,0.6666666666666666,0.07708280324147099,0.0,0.2182529549549056,0.9993331110370124,0.9919508731591022,0.0,0.9966666666666667,1.0,0.9040628252196993,0.9372974416818971,0.9705320581440948,1
3862,0.4311527307343207,0.6,1.0,0.6033057851239669,0.5625,0.5714285714285714,0.0,0.6666666666666666,0.6002519010941711,1.0,0.7843174473284661,1.0,0.997313401618488,0.001,1.0,1.0,0.8122192033401713,0.9018246737740506,0.99143014420793,1
3863,0.3327006657962619,0.5,1.0,0.2575250836120402,0.4375,1.0,0.0,0.6666666666666666,0.7486723803307224,0.25,0.4823653838282449,0.9996665555185061,0.9840865524568418,0.0003333333333333333,0.9986666666666667,1.0,0.7345656863288672,0.7543866672692876,0.7742076482097081,1
3864,0.20520281803737728,0.2,0.9915194346289753,0.10351487060641174,0.40625,1.0,0.0,0.6666666666666666,0.1473262126850171,1.0,0.655607696419815,1.0,0.9930816611020477,0.0003333333333333333,0.9993333333333333,1.0,0.8084838511360876,0.8765654727221195,0.9446470943081515,1
3865,0.09699029973464257,0.1,0.9971731448763251,0.10351487060641174,0.90625,1.0,0.0,0.6666666666666666,0.0890292755933284,0.0,0.24690750752073087,0.9973324441480493,0.9838861399655694,0.0,0.998,1.0,0.9707441444505789,0.9836331735031714,0.996522202555764,1
3866,0.23846794240420244,0.3,0.9858657243816255,0.320855614973262,0.28125,0.8571428571428571,0.0,0.6666666666666666,0.3865744969012661,0.0,0.4768016553000305,0.9996665555185061,0.981240384890501,0.0,0.9993333333333333,1.0,0.8247552983755356,0.885738501173257,0.9467217039709785,1
3867,0.06762227384288833,0.0,0.9371024734982332,0.10351487060641174,0.5625,1.0,0.0,0.6666666666666666,0.07692712740394736,0.0,0.09906174163603254,0.9913304434811604,0.9707847557307409,0.0,0.994,1.0,0.9211776282149985,0.9494502484606167,0.9777228687062349,1
3868,0.1134299620503223,0.1,0.984452296819788,0.10351487060641174,0.5625,1.0,0.0,0.6666666666666666,0.0996811989379437,0.0,0.2507484003083823,0.9989996665555185,0.9873674557482037,0.0,0.996,1.0,0.8155457894560905,0.8577170988975552,0.89988840833902,1
3869,0.19321704634685477,0.0,0.9809187279151943,0.10351487060641174,0.46875,1.0,0.0,0.6666666666666666,0.13167339225334262,0.0,0.24473005770661393,0.9963321107035679,0.9737085032438362,0.0,0.998,1.0,0.8757287806150459,0.8787291276349162,0.8817294746547865,1
3870,0.23797091255250247,0.1,0.9872791519434629,0.4035087719298246,0.375,0.8571428571428571,0.0,0.6666666666666666,0.24223632875001344,0.0,0.18708132772345865,0.9979993331110371,0.9825426173184636,0.0,0.998,1.0,0.8612484121426606,0.8628337844402726,0.8644191567378846,1
3871,0.22690436472124875,0.1,0.9908127208480565,0.10351487060641174,0.6875,1.0,0.0,0.6666666666666666,0.10087496308651822,0.0,0.33679825920306583,0.9989996665555185,0.9866731523794805,0.0,0.998,1.0,0.9299131877036947,0.931511757903204,0.9331103281027132,1
3872,0.2796375792191692,0.1,0.9957597173144876,0.10351487060641174,0.46875,1.0,0.0,0.6666666666666666,0.12615352525524948,0.0,0.14793089941849802,0.9979993331110371,0.9771385897755784,0.0,0.9986666666666667,1.0,0.8542666952147113,0.8885981262008751,0.9229295571870387,1
3873,0.07546380153665833,0.0,0.9519434628975265,0.10351487060641174,0.46875,1.0,0.0,0.6666666666666666,0.08294774232199786,0.0,0.18214213550024805,0.9883294431477159,0.9606436717318757,0.0,0.9913333333333333,1.0,0.9682442751522409,0.9801266514219997,0.9920090276917586,1
3874,0.12332579538365562,0.1,0.9964664310954063,0.10351487060641174,0.8125,1.0,0.0,0.6666666666666666,0.08206731558275848,0.5,0.36306471172531674,0.9993331110370124,0.9913268539178819,0.0,0.9973333333333333,1.0,0.8723849073727105,0.880026057733398,0.8876672080940855,1
3875,0.06374338553980785,0.0,0.9371024734982332,0.10351487060641174,0.5625,1.0,0.0,0.6666666666666666,0.07619672110426667,0.0,0.13406378331874336,0.9839946648882961,0.9569378023961861,0.0,0.9873333333333333,1.0,0.911545152538109,0.9322897365171138,0.9530343204961186,1
3876,0.5922045371821045,0.8,1.0,0.8064516129032258,0.375,0.8571428571428571,0.0,0.6666666666666666,0.7096972322636779,0.6666666666666666,0.7248276920359893,1.0,0.9935586242046068,0.001,0.9996666666666667,1.0,0.844091879313019,0.8520614804372206,0.8600310815614224,1
3877,0.4061527307343207,0.3,0.9964664310954063,0.4035087719298246,0.4375,0.8571428571428571,0.0,0.6666666666666666,0.3148123560067877,0.0,0.4787197516730851,0.9993331110370124,0.992627690298569,0.0,0.9986666666666667,1.0,0.8496042958416999,0.9100828978573094,0.9705614998729191,1
3878,0.31489398947557945,0.4,1.0,0.10351487060641174,0.46875,1.0,0.0,0.6666666666666666,0.14254365328639118,1.0,0.966297873516929,1.0,0.9997594931827166,0.0003333333333333333,0.9996666666666667,1.0,0.8457686932966033,0.8795844131469291,0.913400132997255,1
3879,0.45522537051543777,0.3,0.9879858657243816,0.10351487060641174,0.5,1.0,0.0,0.6666666666666666,0.10444741440913807,0.0,0.25003388854686015,0.9989996665555185,0.9872997975934011,0.0,0.999,1.0,0.9096788059814113,0.9435915172043172,0.9775042284272232,1
3880,0.21014432737297617,0.2,0.9985865724381625,0.10351487060641174,0.78125,1.0,0.0,0.6666666666666666,0.08813601299786322,0.0,0.41023054449406227,0.9989996665555185,0.9867013015109292,0.0,0.9966666666666667,1.0,0.8792005135318686,0.9315524887167942,0.9839044639017198,1
3881,0.10879713486999165,0.2,0.9929328621908127,0.10351487060641174,0.625,1.0,0.0,0.6666666666666666,0.08910481016614735,0.0,0.43028344998438894,0.9986662220740247,0.9854528591240269,0.0,0.996,1.0,0.9680634798790525,0.9742788095446487,0.980494139210245,1
3882,0.19834023073432072,0.1,0.9802120141342756,0.10351487060641174,0.625,1.0,0.0,0.6666666666666666,0.08242728900711771,0.0,0.10221624089772552,0.9969989996665555,0.9813303112270504,0.0,0.9956666666666667,1.0,0.892150642886611,0.94311950373205,0.9940883645774891,1
3883,0.22690436472124875,0.1,0.9858657243816255,0.10351487060641174,0.65625,1.0,0.0,0.6666666666666666,0.09487350544157336,0.0,0.21089890963441782,0.9973324441480493,0.9789871243977447,0.0,0.9986666666666667,1.0,0.9344987768293832,0.9399488273906648,0.9453988779519463,1
3884,0.08149498378676212,0.0,0.9371024734982332,0.10351487060641174,0.5625,1.0,0.0,0.6666666666666666,0.07785216418076979,0.0,0.1367865678504786,0.9826608869623208,0.9573210392925513,0.0,0.9913333333333333,1.0,0.885610627896546,0.9192131196255796,0.9528156113546132,1
3885,0.3968920371821044,0.2,0.9929328621908127,0.10351487060641174,0.5625,1.0,0.0,0.6666666666666666,0.1621476323014579,0.0,0.25381002380247275,0.9983327775925308,0.983092970547132,0.0,0.9986666666666667,1.0,0.8827512790544989,0.9197152690213211,0.9566792589881433,1
3886,0.43677051949164436,0.4,0.9971731448763251,0.2575250836120402,0.5625,1.0,0.0,0.6666666666666666,0.36548240850348246,0.5,0.6241438202403631,1.0,0.9909291049917662,0.0003333333333333333,0.9993333333333333,1.0,0.7788894221617804,0.835827769866883,0.8927661175719858,1
3887,0.30054375637534636,0.3,0.9908127208480565,0.10351487060641174,0.5625,1.0,0.0,0.6666666666666666,0.14555484928111595,0.5,0.6192579095654154,1.0,0.9946469337024544,0.0003333333333333333,0.9996666666666667,1.0,0.9018736708935644,0.9370417349289221,0.9722097989642797,1
3888,0.3968920371821044,0.2,0.9929328621908127,0.10351487060641174,0.5625,1.0,0.0,0.6666666666666666,0.15832816745712552,0.3333333333333333,0.30690643385740124,0.9989996665555185,0.9847861761654735,0.0003333333333333333,0.999,1.0,0.8783160222181228,0.9231605030415297,0.9680049838649368,1
3889,0.5481224115782397,0.4,0.9943462897526502,0.4035087719298246,0.46875,0.8571428571428571,0.0,0.6666666666666666,0.40290529168937506,0.0,0.2549725273402482,0.9989996665555185,0.9932751858536039,0.0,0.999,1.0,0.8394563741599472,0.8994520213600365,0.9594476685601258,1
3890,0.19834023073432072,0.0,0.9646643109540636,0.10351487060641174,0.59375,1.0,0.0,0.6666666666666666,0.07869978239982256,0.0,0.33942758855370336,0.995998666222074,0.9758173338798587,0.0,0.9943333333333333,1.0,0.8945366694468458,0.9273372654532518,0.9601378614596577,1
3891,0.12233880153665833,0.0,0.9717314487632509,0.10351487060641174,0.625,1.0,0.0,0.6666666666666666,0.08558867872955678,0.0,0.18525226087784985,0.9953317772590864,0.9854573224984549,0.0,0.9963333333333333,1.0,0.9919233314091987,0.9945177760147113,0.9971122206202236,1
3892,0.33569016462642465,0.1,0.9943462897526502,0.320855614973262,0.46875,0.8571428571428571,0.0,0.6666666666666666,0.18785533065777593,0.3333333333333333,0.4102985144981385,0.9989996665555185,0.9805887494456784,0.0,0.9983333333333333,1.0,0.841332768081648,0.8693436743661047,0.8973545806505613,1
3893,0.4842335226893508,0.4,0.9964664310954063,0.4035087719298246,0.4375,0.8571428571428571,0.0,0.6666666666666666,0.38858922775077986,0.3333333333333333,0.3663013629412786,0.9993331110370124,0.9869892159857901,0.0,0.9996666666666667,1.0,0.8500568080676281,0.8904960384910923,0.9309352689145566,1
3894,0.48066209411792227,0.4,0.9985865724381625,0.6033057851239669,0.25,0.5714285714285714,0.0,0.6666666666666666,0.6862028558323557,1.0,0.6649081448346744,1.0,0.9882828689476658,0.0003333333333333333,1.0,1.0,0.8162994346259952,0.8718799023187906,0.9274603700115861,1
3895,0.09164841939276225,0.1,0.9915194346289753,0.10351487060641174,0.59375,1.0,0.0,0.6666666666666666,0.09240164101091841,0.0,0.2959984060941854,0.9983327775925308,0.9834328640687855,0.0,0.9973333333333333,1.0,0.9266351109713078,0.9307313090497157,0.9348275071281236,1
3896,0.6991363976310311,0.7,0.9985865724381625,0.6033057851239669,0.5,0.5714285714285714,0.0,0.6666666666666666,0.6179414185831333,0.0,0.4457494606006587,0.9996665555185061,0.9792217918749988,0.0006666666666666666,1.0,1.0,0.8059712825012941,0.869252903525135,0.9325345245489758,1
3897,0.16172756825999335,0.2,0.9964664310954063,0.10351487060641174,0.5625,1.0,0.0,0.6666666666666666,0.11575985178024473,0.0,0.47646943476394177,0.9996665555185061,0.9855389511586321,0.0,0.9996666666666667,1.0,0.841739064786613,0.879982014328049,0.9182249638694849,1
3898,0.11021104128529491,0.0,0.9681978798586572,0.10351487060641174,0.5,1.0,0.0,0.6666666666666666,0.13178217495656508,0.0,0.26822906210704944,0.9966655551850617,0.9654770906366976,0.0,0.9963333333333333,1.0,0.8031118887308623,0.8261240653953992,0.849136242059936,1
3899,0.2261180085120985,0.0,0.9787985865724381,0.10351487060641174,0.6875,1.0,0.0,0.6666666666666666,0.08595745540789912,0.0,0.23451965958162657,0.995998666222074,0.9801299016042261,0.0,0.9966666666666667,1.0,0.9117223403395772,0.9442796677014731,0.9768369950633689,1
3900,0.7574697309643644,0.7,1.0,0.4035087719298246,0.625,0.8571428571428571,0.0,0.6666666666666666,0.3653326150432856,1.0,0.8513040036266526,1.0,0.9942937427863223,0.0013333333333333333,1.0,1.0,0.8330684258406662,0.897051702659904,0.9610349794791417,1
3901,0.39776009273766,0.2,0.9943462897526502,0.10351487060641174,0.78125,1.0,0.0,0.6666666666666666,0.14770299603570414,0.0,0.22658080781003553,0.9996665555185061,0.9870282297715127,0.0,0.999,1.0,0.9036258766443458,0.9237707545531275,0.9439156324619093,1
3902,0.10048680323114612,0.1,0.9901060070671378,0.10351487060641174,0.9375,1.0,0.0,0.6666666666666666,0.08518332586731281,0.0,0.37644398867953144,0.9986662220740247,0.9874161201808515,0.0,0.999,1.0,0.9740433706186512,0.9787209869654607,0.9833986033122704,1
3903,0.3940234979597579,0.4,0.995053003533569,0.320855614973262,0.46875,0.8571428571428571,0.0,0.6666666666666666,0.6190691445111876,1.0,0.7078922598601867,1.0,0.9925809065186383,0.0003333333333333333,1.0,1.0,0.7941855930842135,0.8038452581781954,0.8135049232721774,1
3904,0.22775199544020308,0.2,0.9985865724381625,0.10351487060641174,0.75,1.0,0.0,0.6666666666666666,0.07946091728926707,0.3333333333333333,0.6080764770811353,1.0,0.9958128176995579,0.0003333333333333333,0.998,1.0,0.9270956545362481,0.957373984650316,0.9876523147643839,1
3905,0.06762227384288833,0.1,0.9851590106007068,0.10351487060641174,0.6875,1.0,0.0,0.6666666666666666,0.07781076339973247,0.3333333333333333,0.36629121047035285,0.9989996665555185,0.9917990224990632,0.0,0.9946666666666667,1.0,0.9034897055666693,0.9433774158830414,0.9832651261994134,1
3906,0.06762227384288833,0.1,0.9851590106007068,0.10351487060641174,0.6875,1.0,0.0,0.6666666666666666,0.07762814282758979,0.0,0.33534912315917187,0.9996665555185061,0.9905602094435745,0.0,0.9956666666666667,1.0,0.9056860495616685,0.943902570515994,0.9821190914703195,1
3907,0.1134299620503223,0.1,0.9943462897526502,0.10351487060641174,0.59375,1.0,0.0,0.6666666666666666,0.10605478845375327,0.0,0.08435912157037906,0.9986662220740247,0.9877156673587144,0.0,0.999,1.0,0.8064470741033591,0.8525863311106081,0.8987255881178572,1
3908,0.13999246205032223,0.2,0.9901060070671378,0.10351487060641174,0.65625,1.0,0.0,0.6666666666666666,0.08432632219889469,0.0,0.3948792357479375,0.9996665555185061,0.9907305938465119,0.0,0.999,1.0,0.8620742174880092,0.8735929188536489,0.8851116202192885,1
3909,0.07546380153665833,0.0,0.9519434628975265,0.10351487060641174,0.46875,1.0,0.0,0.6666666666666666,0.08474383692637266,0.0,0.2676187211808142,0.9899966655551851,0.9686838403161683,0.0,0.9906666666666667,1.0,0.9675022328761864,0.9748805630191898,0.9822588931621932,1
3910,0.06762227384288833,0.0,0.9943462897526502,0.10351487060641174,0.65625,1.0,0.0,0.6666666666666666,0.07809847274542159,0.0,0.20028113111675305,0.9923307769256419,0.9704832831181277,0.0,0.9943333333333333,1.0,0.9102650220212846,0.9510366452259722,0.99180826843066,1
3911,0.08149498378676212,0.0,0.9371024734982332,0.10351487060641174,0.5625,1.0,0.0,0.6666666666666666,0.07676631889931818,0.0,0.2574355227675784,0.9836612204068023,0.9548578004024358,0.0,0.988,1.0,0.8972641411955473,0.9211970169572676,0.9451298927189878,1
3912,0.06762227384288833,0.0,0.9371024734982332,0.10351487060641174,0.5625,1.0,0.0,0.6666666666666666,0.07874402977047235,0.0,0.06308931308865495,0.9876625541847283,0.9611202103971123,0.0,0.9926666666666667,1.0,0.9341323651017356,0.9658304264089433,0.9975284877161511,1
3913,0.11482831712009545,0.1,0.9787985865724381,0.10351487060641174,0.875,1.0,0.0,0.6666666666666666,0.0795252453306643,0.0,0.17546848332103737,0.9979993331110371,0.9865124312360033,0.0,0.9963333333333333,1.0,0.8713765652347611,0.9016444356312082,0.9319123060276553,1
3914,0.11848249054035076,0.0,0.9886925795053003,0.10351487060641174,0.71875,1.0,0.0,0.6666666666666666,0.09173087497272703,0.0,0.1381887192793485,0.9936645548516172,0.9743821288407025,0.0,0.9966666666666667,1.0,0.8336026049832452,0.8983890449082816,0.963175484833318,1
3915,0.08297415477057701,0.1,0.9519434628975265,0.10351487060641174,0.46875,1.0,0.0,0.6666666666666666,0.07789260537377884,0.5,0.5602166887239783,1.0,0.9965875116783502,0.0003333333333333333,0.994,1.0,0.9441087048820537,0.9586640096633461,0.9732193144446384,1
3916,0.30047091255250247,0.2,0.9985865724381625,0.10351487060641174,0.625,1.0,0.0,0.6666666666666666,0.14459154779674577,1.0,0.744965716867735,1.0,0.9976967751104707,0.0003333333333333333,1.0,1.0,0.8327066641901965,0.8769732196952768,0.921239775200357,1
3917,0.2179250985195441,0.4,0.9971731448763251,0.2575250836120402,0.625,1.0,0.0,0.6666666666666666,0.19347876508402329,0.5,0.44948530489604555,0.9993331110370124,0.9866868769695076,0.0,0.9996666666666667,1.0,0.7878424280570802,0.8026631601202014,0.8174838921833226,1
3918,0.19834023073432072,0.1,0.9802120141342756,0.10351487060641174,0.625,1.0,0.0,0.6666666666666666,0.08271646867889682,0.0,0.3281323785105543,0.9983327775925308,0.9882577434034358,0.0,0.996,1.0,0.8889947291579253,0.9413034400694591,0.9936121509809928,1
3919,0.13918729147906983,0.2,0.995053003533569,0.10351487060641174,0.875,1.0,0.0,0.6666666666666666,0.0829221524583117,0.0,0.28582241635273553,0.9993331110370124,0.9844495804749089,0.0,0.9983333333333333,1.0,0.8600083152868125,0.9193368646264501,0.9786654139660877,1
3920,0.4766248270371769,0.3,0.9957597173144876,0.320855614973262,0.375,0.8571428571428571,0.0,0.6666666666666666,0.3845029120485305,0.0,0.48579277815098487,0.9996665555185061,0.978607029053196,0.0,0.9996666666666667,1.0,0.8346737612233213,0.8814995390702023,0.9283253169170833,1
3921,0.2736851982667883,0.3,0.9978798586572438,0.10351487060641174,0.5,1.0,0.0,0.6666666666666666,0.16053543941289017,0.0,0.21849203014263696,0.9989996665555185,0.9857377909233432,0.0,0.9986666666666667,1.0,0.8773384421550559,0.8825783812790984,0.8878183204031409,1
3922,0.23797091255250247,0.1,0.9872791519434629,0.4035087719298246,0.375,0.8571428571428571,0.0,0.6666666666666666,0.22628998599640837,0.0,0.0787835665227552,0.9969989996665555,0.9751136595075824,0.0,0.9976666666666667,1.0,0.8666622948788175,0.8668879602851389,0.8671136256914603,1
3923,0.1055373082816512,0.0,0.9703180212014134,0.10351487060641174,0.75,1.0,0.0,0.6666666666666666,0.09737738488925651,0.0,0.15693437620848139,0.9946648882960987,0.9771324025790165,0.0,0.9966666666666667,1.0,0.9525749390505216,0.9664036828609288,0.9802324266713361,1
3924,0.07722018388377883,0.1,0.9915194346289753,0.10351487060641174,0.75,1.0,0.0,0.6666666666666666,0.09937391345153468,0.0,0.23633502147864482,0.9979993331110371,0.975959484560372,0.0,0.9963333333333333,1.0,0.8161963727662093,0.8908849872254552,0.965573601684701,1
3925,0.23846794240420244,0.3,0.995053003533569,0.320855614973262,0.4375,0.8571428571428571,0.0,0.6666666666666666,0.35876948389522534,0.0,0.35578185942745755,0.9986662220740247,0.9812009176333321,0.0,0.9986666666666667,1.0,0.8075720654434525,0.8932296581257364,0.9788872508080202,1
3926,0.09703403854877068,0.1,0.9681978798586572,0.10351487060641174,0.625,1.0,0.0,0.6666666666666666,0.08590875339602999,0.0,0.20566588502035188,0.9976658886295432,0.9795731939969435,0.0,0.996,1.0,0.8987058255519828,0.9265949047292047,0.9544839839064266,1
3927,0.06374338553980785,0.0,0.9371024734982332,0.10351487060641174,0.5625,1.0,0.0,0.6666666666666666,0.07651282768643553,0.0,0.05502152773964242,0.9883294431477159,0.9640727915339478,0.0,0.9916666666666667,1.0,0.9463077680810466,0.952911934930375,0.9595161017797033,1
3928,0.09922756825999335,0.0,0.9908127208480565,0.10351487060641174,0.53125,1.0,0.0,0.6666666666666666,0.09985552688840249,0.0,0.15161030932752695,0.9963321107035679,0.9735185825464244,0.0,0.997,1.0,0.8658005660676755,0.8968199773686166,0.9278393886695577,1
3929,0.4255378705154379,0.0,0.9703180212014134,0.10351487060641174,0.53125,1.0,0.0,0.6666666666666666,0.2636004026630021,0.0,0.10194169857539725,0.9963321107035679,0.9700714768056559,0.0,0.9983333333333333,1.0,0.8867685472017783,0.8956515100578138,0.9045344729138494,1
3930,0.4130578086534047,0.7,0.9992932862190813,0.2575250836120402,0.65625,1.0,0.0,0.6666666666666666,0.34370921217900097,1.0,0.7713865920879935,1.0,0.9944038616986344,0.0006666666666666666,1.0,1.0,0.7682820396975147,0.7824879335195187,0.7966938273415227,1
3931,0.37605870384877116,0.1,0.9879858657243816,0.10351487060641174,0.5,1.0,0.0,0.6666666666666666,0.10055379319963464,0.0,0.306067153445006,0.9993331110370124,0.9901284175537085,0.0,0.997,1.0,0.911158013900201,0.9346107717031176,0.958063529506034,1
3932,0.22153734611893605,0.0,0.9858657243816255,0.10351487060641174,0.65625,1.0,0.0,0.6666666666666666,0.10068846506241513,0.0,0.0638590999403067,0.9966655551850617,0.9795353983547707,0.0,0.998,1.0,0.9192106020156898,0.9268255824783331,0.9344405629409765,1
3933,0.2523568312930913,0.0,0.9964664310954063,0.320855614973262,0.4375,0.8571428571428571,0.0,0.6666666666666666,0.1615468799178228,0.0,0.1244143323085779,0.9956652217405801,0.9662360413813166,0.0,0.9976666666666667,1.0,0.8540368097338331,0.8719649197983401,0.889893029862847,1
3934,0.23797091255250247,0.0,0.9985865724381625,0.4035087719298246,0.46875,0.8571428571428571,0.0,0.6666666666666666,0.2150224537876385,0.0,0.12324435999828287,0.9966655551850617,0.9722259395967172,0.0,0.9986666666666667,1.0,0.8686398161000164,0.8690139027759859,0.8693879894519554,1
3935,0.08297415477057701,0.0,0.9809187279151943,0.10351487060641174,0.59375,1.0,0.0,0.6666666666666666,0.07683193374068964,0.0,0.13887380254233317,0.9966655551850617,0.9856171880043424,0.0,0.9956666666666667,1.0,0.9380929946141396,0.9486179416335347,0.95914288865293,1
3936,0.44251636709795705,0.7,0.9985865724381625,0.6033057851239669,0.40625,0.5714285714285714,0.0,0.6666666666666666,0.6769411079578462,1.0,0.6747574898319069,1.0,0.9964288442249843,0.0003333333333333333,1.0,1.0,0.8093192644145254,0.8849147911673874,0.9605103179202494,1
3937,0.26574869033028026,0.3,1.0,0.10351487060641174,0.5,1.0,0.0,0.6666666666666666,0.15597590076393764,0.3333333333333333,0.43778062509085036,0.9996665555185061,0.995960502471872,0.0003333333333333333,0.9986666666666667,1.0,0.8543149574194242,0.8768657285808426,0.8994164997422609,1
3938,0.19912658694347096,0.0,0.9519434628975265,0.10351487060641174,0.46875,1.0,0.0,0.6666666666666666,0.08119866775462836,0.0,0.13507455982001726,0.9893297765921975,0.9684835690761407,0.0,0.9906666666666667,1.0,0.9367520830361682,0.9674342606054736,0.9981164381747788,1
3939,0.09213046820332504,0.2,0.9717314487632509,0.10351487060641174,0.625,1.0,0.0,0.6666666666666666,0.08224345569967173,0.0,0.38227802789033993,0.9973324441480493,0.9837783498104309,0.0,0.9996666666666667,1.0,0.98549934161443,0.9921076916351783,0.9987160416559266,1
3940,0.1219789940368543,0.0,0.9886925795053003,0.10351487060641174,0.71875,1.0,0.0,0.6666666666666666,0.0899276659758147,0.0,0.34014232274542633,0.9963321107035679,0.9808288474538593,0.0,0.9963333333333333,1.0,0.8370907478998607,0.8977866048310561,0.9584824617622516,1
3941,0.26574869033028026,0.3,0.9908127208480565,0.10351487060641174,0.4375,1.0,0.0,0.6666666666666666,0.16920076549211327,0.0,0.3979618552194406,0.9989996665555185,0.9898558312583583,0.0,0.9993333333333333,1.0,0.8481352648545483,0.8717139456234992,0.8952926263924503,1
3942,0.2714965270909727,0.3,0.9865724381625441,0.2575250836120402,0.375,1.0,0.0,0.6666666666666666,0.16444363624265013,0.0,0.3359522313992497,0.9993331110370124,0.9806035507870055,0.0,0.9983333333333333,1.0,0.7696758231640987,0.8246465676704055,0.8796173121767122,1
3943,0.07546380153665833,0.0,0.9519434628975265,0.10351487060641174,0.46875,1.0,0.0,0.6666666666666666,0.0833840604971181,0.0,0.13431342474165087,0.9863287762587529,0.9587425391435397,0.0,0.991,1.0,0.964663023163965,0.9765834415018132,0.9885038598396614,1
3944,0.14832579538365553,0.2,0.9971731448763251,0.10351487060641174,0.75,1.0,0.0,0.6666666666666666,0.0849959089940836,0.0,0.29355626926950573,0.9986662220740247,0.9861375199641264,0.0,0.9983333333333333,1.0,0.8549381859646468,0.8740190836333042,0.8930999813019617,1
3945,0.21757099996508988,0.1,0.9985865724381625,0.10351487060641174,0.75,1.0,0.0,0.6666666666666666,0.07989819574348178,0.0,0.38612171376529225,0.9993331110370124,0.9897570847756788,0.0,0.998,1.0,0.9149262072913232,0.9513786665078847,0.9878311257244463,1
3946,0.09034954657016114,0.1,0.9816254416961131,0.10351487060641174,0.5625,1.0,0.0,0.6666666666666666,0.08653217777174604,0.0,0.15980573471303816,0.9969989996665555,0.9775581963541328,0.0,0.997,1.0,0.8564981736945317,0.9246693722076214,0.9928405707207111,1
3947,0.217210423042013,0.1,0.9858657243816255,0.10351487060641174,0.65625,1.0,0.0,0.6666666666666666,0.1126163974766321,0.0,0.21870052960676434,0.9986662220740247,0.9814357624654537,0.0,0.9983333333333333,1.0,0.9228823470219112,0.959224482057228,0.9955666170925448,1
3948,0.2920595934794188,0.2,0.9858657243816255,0.10351487060641174,0.65625,1.0,0.0,0.6666666666666666,0.10549750053258944,0.0,0.2916206123297732,0.9973324441480493,0.9857749392525291,0.0,0.998,1.0,0.9294550413856849,0.9545763466455013,0.9796976519053175,1
3949,0.4842335226893508,0.4,1.0,0.4035087719298246,0.59375,0.8571428571428571,0.0,0.6666666666666666,0.33154267182652963,1.0,0.8194008247852793,1.0,0.9967330981824983,0.0006666666666666666,1.0,1.0,0.8570230261156624,0.8965156098393368,0.9360081935630112,1
3950,0.21244781557762393,0.1,0.992226148409894,0.10351487060641174,0.5,1.0,0.0,0.6666666666666666,0.0972971355284804,0.0,0.062066242491017665,0.9973324441480493,0.9789975388963967,0.0,0.9983333333333333,1.0,0.9140074576809822,0.9211581791020909,0.9283089005231995,1
3951,0.19834023073432072,0.0,0.9787985865724381,0.10351487060641174,0.6875,1.0,0.0,0.6666666666666666,0.08561695202667297,0.0,0.2287333442488646,0.9926642214071357,0.970721912037356,0.0,0.996,1.0,0.8922703286487584,0.9395407328607657,0.9868111370727728,1
3952,0.06374338553980785,0.0,0.984452296819788,0.10351487060641174,0.59375,1.0,0.0,0.6666666666666666,0.07752504030445195,0.0,0.03259869861630216,0.9936645548516172,0.9709948482477615,0.0,0.9936666666666667,1.0,0.8924779718359924,0.9043953636921762,0.91631275554836,1
3953,0.1657665968408505,0.1,0.9879858657243816,0.10351487060641174,0.5625,1.0,0.0,0.6666666666666666,0.17078907591892756,0.0,0.3431703166672958,0.9973324441480493,0.9650315773386909,0.0,0.9976666666666667,1.0,0.7769661485218929,0.8218297032138832,0.8666932579058734,1
3954,0.09676329538365558,0.2,0.9957597173144876,0.2575250836120402,0.5625,1.0,0.0,0.6666666666666666,0.11529309775701424,0.0,0.1832062578601954,0.9979993331110371,0.9799264485047181,0.0,0.9973333333333333,1.0,0.7944516842351275,0.8530004381956563,0.9115491921561851,1
3955,0.12359034564820581,0.1,0.9992932862190813,0.10351487060641174,0.90625,1.0,0.0,0.6666666666666666,0.09133089538966821,0.0,0.3827941079616862,0.9989996665555185,0.9899378658835445,0.0,0.9973333333333333,1.0,0.8441073227212579,0.8582688666595453,0.8724304105978326,1
3956,0.10222018388377885,0.1,0.9971731448763251,0.10351487060641174,0.5625,1.0,0.0,0.6666666666666666,0.10203952420200824,0.0,0.32916228165000305,0.9986662220740247,0.9875786157920061,0.0,0.9973333333333333,1.0,0.8109842354086988,0.8721291796494817,0.9332741238902645,1
3957,0.09213046820332504,0.1,0.9717314487632509,0.10351487060641174,0.59375,1.0,0.0,0.6666666666666666,0.08242244450909386,0.0,0.2521015357162346,0.9989996665555185,0.9904461097117564,0.0,0.996,1.0,0.9927490871051466,0.9928880471619124,0.993027007218678,1
3958,0.29296591754750745,0.1,0.9703180212014134,0.10351487060641174,0.53125,1.0,0.0,0.6666666666666666,0.1308549674561199,0.3333333333333333,0.6107650339896414,1.0,0.9971249569385777,0.0003333333333333333,0.9983333333333333,1.0,0.8977903264827841,0.9133397922845725,0.9288892580863609,1
3959,0.06374338553980785,0.0,0.9371024734982332,0.10351487060641174,0.5625,1.0,0.0,0.6666666666666666,0.07611415309082203,0.0,0.10937228552228317,0.980326775591864,0.9522123067425228,0.0,0.987,1.0,0.9123450808655318,0.9311112686410408,0.9498774564165497,1
3960,0.5505378705154378,0.6,1.0,0.10351487060641174,0.5,1.0,0.0,0.6666666666666666,0.4150130383939137,0.5,0.5017213034342799,1.0,0.9873371084131972,0.0003333333333333333,0.9996666666666667,1.0,0.8627988545724907,0.8746632012370217,0.8865275479015526,1
3961,0.0884556071762217,0.0,0.9851590106007068,0.10351487060641174,0.6875,1.0,0.0,0.6666666666666666,0.07909776373313704,0.0,0.2981689481067472,0.9949983327775925,0.9755330831598698,0.0,0.9956666666666667,1.0,0.9039331826807089,0.9517293487802658,0.9995255148798229,1
3962,0.06762227384288833,0.1,0.9371024734982332,0.10351487060641174,0.5625,1.0,0.0,0.6666666666666666,0.08156658829232055,0.0,0.0602241716161418,0.9983327775925308,0.9831192350931734,0.0,0.996,1.0,0.9488803942162807,0.9629202815017774,0.9769601687872741,1
3963,0.32336547792333825,0.4,0.995053003533569,0.5217391304347826,0.28125,0.7142857142857143,0.0,0.6666666666666666,0.33108447931477913,1.0,0.6785044519927789,1.0,0.9952093220189628,0.001,1.0,1.0,0.7405646850786125,0.8208701127367408,0.9011755403948691,1
3964,0.4990468196424157,0.6,0.9978798586572438,0.803030303030303,0.25,0.42857142857142855,0.0,0.6666666666666666,0.9483497756270929,1.0,0.6790938269454626,1.0,0.9837095635476177,0.005666666666666667,1.0,1.0,0.6786875562705288,0.7309242566698394,0.78316095706915,1
3965,0.19543844502003493,0.1,0.9964664310954063,0.10351487060641174,0.8125,1.0,0.0,0.6666666666666666,0.09518262794106469,0.0,0.4080520130905706,0.9986662220740247,0.9857626952636818,0.0,0.996,1.0,0.8499788451654656,0.9175311487052504,0.9850834522450352,1
3966,0.3699823149598823,0.2,0.9908127208480565,0.10351487060641174,0.5625,1.0,0.0,0.6666666666666666,0.20143769622624752,0.3333333333333333,0.43142375128821664,0.9993331110370124,0.9891962973032098,0.0003333333333333333,0.999,1.0,0.8826174459999765,0.9165490825942652,0.9504807191885538,1
3967,0.3699823149598823,0.1,0.9908127208480565,0.10351487060641174,0.5625,1.0,0.0,0.6666666666666666,0.1994985131724808,0.0,0.3062780865156426,0.9986662220740247,0.9807136371137674,0.0,0.9983333333333333,1.0,0.8850433984453723,0.9156124735639342,0.9461815486824962,1
3968,0.0884556071762217,0.1,0.9371024734982332,0.10351487060641174,0.5625,1.0,0.0,0.6666666666666666,0.07838668943724103,0.0,0.2152652709199404,0.9969989996665555,0.9795032506608987,0.0,0.993,1.0,0.9141242794838835,0.955599051089316,0.9970738226947484,1
3969,0.10573320279106302,0.1,0.9915194346289753,0.10351487060641174,0.78125,1.0,0.0,0.6666666666666666,0.1407152385866247,0.0,0.30121114779185354,0.9969989996665555,0.9718246927370608,0.0,0.996,1.0,0.8128599229698529,0.8180854399947515,0.82331095701965,1
3970,0.41233911275146273,0.2,0.9858657243816255,0.320855614973262,0.28125,0.8571428571428571,0.0,0.6666666666666666,0.24199481775957832,0.0,0.1217347401320632,0.9979993331110371,0.9793195116812873,0.0,0.999,1.0,0.8432092767905145,0.9066665277151025,0.9701237786396903,1
3971,0.11848249054035076,0.1,0.9696113074204947,0.10351487060641174,0.46875,1.0,0.0,0.6666666666666666,0.098188674854085,0.0,0.26178099226840246,0.9989996665555185,0.9857086502806436,0.0,0.9973333333333333,1.0,0.8305079489385482,0.9123743476003687,0.9942407462621892,1
3972,0.06762227384288833,0.1,0.9901060070671378,0.10351487060641174,0.9375,1.0,0.0,0.6666666666666666,0.08273869141168233,0.0,0.2625847608651005,0.9989996665555185,0.9866806072366336,0.0,0.999,1.0,0.9583235685486173,0.9656605167012431,0.972997464853869,1
3973,0.2786906095221995,0.2,0.9893992932862191,0.10351487060641174,0.375,1.0,0.0,0.6666666666666666,0.11978003515230917,0.0,0.38213626154813085,0.9993331110370124,0.9879789736772948,0.0,0.9993333333333333,1.0,0.9093809306996,0.9389573218231008,0.9685337129466015,1
3974,0.5092335226893508,0.7,0.9992932862190813,0.4035087719298246,0.5,0.8571428571428571,0.0,0.6666666666666666,0.5185884778503858,1.0,0.6105971724720036,1.0,0.9882067749044714,0.0003333333333333333,1.0,1.0,0.8393918627572317,0.877431860936584,0.9154718591159363,1
3975,0.19834023073432072,0.0,0.9787985865724381,0.10351487060641174,0.6875,1.0,0.0,0.6666666666666666,0.0850982233800095,0.0,0.22066794126569267,0.9949983327775925,0.9785431217476193,0.0,0.996,1.0,0.9096247707441452,0.9455033204991314,0.9813818702541176,1
3976,0.42349966950983087,0.6,0.9985865724381625,0.6033057851239669,0.34375,0.5714285714285714,0.0,0.6666666666666666,0.8415052115796331,0.3333333333333333,0.12799244168277613,0.9993331110370124,0.9790635132529004,0.0,0.9993333333333333,1.0,0.7813614826456966,0.8408257033432636,0.9002899240408305,1
3977,0.11848249054035076,0.1,0.9915194346289753,0.10351487060641174,0.625,1.0,0.0,0.6666666666666666,0.08431416547543003,0.5,0.5587576785372343,1.0,0.9946268927990347,0.0,0.998,1.0,0.8511196568033434,0.8914553179696901,0.9317909791360368,1
3978,0.15058043729346993,0.2,0.9957597173144876,0.2575250836120402,0.75,1.0,0.0,0.6666666666666666,0.15824752013354726,0.5,0.5690511514526455,1.0,0.9915853920970341,0.0,0.9996666666666667,1.0,0.7771484788659355,0.8884661683694757,0.9997838578730157,1
3979,0.17186948470404395,0.2,0.9943462897526502,0.2575250836120402,0.5625,1.0,0.0,0.6666666666666666,0.1653430991427174,0.5,0.5208216049980959,1.0,0.9899825158398609,0.0,0.999,1.0,0.7867401822362966,0.8753849967460039,0.9640298112557112,1
3980,0.20520281803737728,0.3,0.9915194346289753,0.2575250836120402,0.4375,1.0,0.0,0.6666666666666666,0.1514266168255639,0.0,0.146790703723367,0.9989996665555185,0.984638741168175,0.0,0.9993333333333333,1.0,0.8008360231442592,0.8763919408103562,0.9519478584764531,1
3981,0.15566558673984043,0.1,0.9901060070671378,0.10351487060641174,0.71875,1.0,0.0,0.6666666666666666,0.10054788733578168,0.0,0.1701829838831843,0.9973324441480493,0.9781900665580684,0.0,0.998,1.0,0.8308162081936479,0.8466149386359385,0.862413669078229,1
3982,0.21757099996508988,0.1,0.9929328621908127,0.10351487060641174,0.71875,1.0,0.0,0.6666666666666666,0.07954464036027964,0.5,0.6206748922779939,1.0,0.9950150189730962,0.0,0.9983333333333333,1.0,0.9177291098352106,0.9517853596377548,0.9858416094402989,1
3983,0.13149498378676217,0.2,0.9915194346289753,0.10351487060641174,0.875,1.0,0.0,0.6666666666666666,0.08290641401276888,1.0,0.6810285069538202,1.0,0.9967200708980392,0.0003333333333333333,1.0,1.0,0.8549053914367064,0.8887994641116502,0.922693536786594,1
3984,0.4888538528249776,0.4,0.9943462897526502,0.2575250836120402,0.5625,1.0,0.0,0.6666666666666666,0.212202629466277,0.5,0.5963230729793813,1.0,0.9931630336889185,0.0003333333333333333,0.9993333333333333,1.0,0.7689223037548171,0.867411691976006,0.965901080197195,1
3985,0.29296591754750745,0.3,0.9703180212014134,0.10351487060641174,0.53125,1.0,0.0,0.6666666666666666,0.1453731985589869,0.0,0.4410404673808829,0.9996665555185061,0.984730414104383,0.0,0.9996666666666667,1.0,0.8875829675150019,0.9148786707896558,0.9421743740643097,1
3986,0.3965797636376239,0.3,0.9943462897526502,0.5217391304347826,0.3125,0.7142857142857143,0.0,0.6666666666666666,0.5268189135773114,0.5,0.5012901000945559,1.0,0.9795437053084319,0.0,0.9996666666666667,1.0,0.7219052371287837,0.8430446654226442,0.9641840937165047,1
3987,0.19834023073432072,0.0,0.9646643109540636,0.10351487060641174,0.59375,1.0,0.0,0.6666666666666666,0.07780002233801031,0.0,0.12732539641638774,0.9889963321107036,0.9640712553393698,0.0,0.9946666666666667,1.0,0.8935641698074934,0.9163781547629986,0.9391921397185036,1
3988,0.06374338553980785,0.0,0.9646643109540636,0.10351487060641174,0.59375,1.0,0.0,0.6666666666666666,0.07733593986799114,0.0,0.2818849178685102,0.9966655551850617,0.9780877652394079,0.0,0.9953333333333333,1.0,0.8972659538667341,0.9102951934229615,0.9233244329791889,1
3989,0.21579325361013768,0.1,0.9738515901060071,0.10351487060641174,0.59375,1.0,0.0,0.6666666666666666,0.0976777487976126,0.3333333333333333,0.4036220010523902,0.9993331110370124,0.9937404511069151,0.0,0.9983333333333333,1.0,0.9421145861308226,0.9563728501153372,0.9706311140998519,1
3990,0.22412658694347098,0.1,0.9858657243816255,0.10351487060641174,0.71875,1.0,0.0,0.6666666666666666,0.09052057960224946,0.0,0.25035106200560364,0.9983327775925308,0.9856138314336961,0.0,0.9973333333333333,1.0,0.9216562293185951,0.9399251130229984,0.9581939967274016,1
3991,0.2632040127856027,0.0,0.9908127208480565,0.10351487060641174,0.5625,1.0,0.0,0.6666666666666666,0.1544375359864837,0.0,0.1896501227278672,0.9963321107035679,0.975959804123701,0.0,0.9976666666666667,1.0,0.8826359328311826,0.906076194569656,0.9295164563081295,1
3992,0.22412658694347098,0.1,0.9858657243816255,0.10351487060641174,0.71875,1.0,0.0,0.6666666666666666,0.08978365982339476,0.0,0.06640919178430638,0.9969989996665555,0.9801751209211975,0.0,0.9976666666666667,1.0,0.9293141967239742,0.9444761144777318,0.9596380322314894,1
3993,0.09164841939276225,0.2,0.9371024734982332,0.10351487060641174,0.5625,1.0,0.0,0.6666666666666666,0.0895218089112575,0.0,0.24691472716426832,0.9976658886295432,0.9835415633273333,0.0,0.9976666666666667,1.0,0.9379776579337719,0.9436498561683738,0.9493220544029758,1
3994,0.21995992027680433,0.1,0.9858657243816255,0.10351487060641174,0.65625,1.0,0.0,0.6666666666666666,0.1032397831030587,0.5,0.13009236077761654,0.9983327775925308,0.9886460668079293,0.0,0.998,1.0,0.9296370864513356,0.9433139438790551,0.9569908013067746,1
3995,0.21757099996508988,0.1,0.9929328621908127,0.10351487060641174,0.71875,1.0,0.0,0.6666666666666666,0.07967751571890869,0.0,0.3433036896650773,0.9986662220740247,0.9876555994075962,0.0,0.9976666666666667,1.0,0.9092726257623146,0.946283534112415,0.9832944424625153,1
3996,0.217210423042013,0.0,0.9738515901060071,0.10351487060641174,0.59375,1.0,0.0,0.6666666666666666,0.09643222875881574,0.0,0.20614615225604305,0.9949983327775925,0.9736055821270256,0.0,0.997,1.0,0.9515717734751671,0.9735821198189121,0.995592466162657,1
3997,0.2920595934794188,0.2,0.9858657243816255,0.10351487060641174,0.65625,1.0,0.0,0.6666666666666666,0.10623588888733992,0.0,0.23269237547966182,0.9983327775925308,0.9864376969743445,0.0,0.9983333333333333,1.0,0.9277677597251174,0.9524251590337709,0.9770825583424244,1
3998,0.1055373082816512,0.0,0.9795053003533569,0.10351487060641174,0.875,1.0,0.0,0.6666666666666666,0.09048368722826039,0.0,0.23888647354495218,0.9923307769256419,0.970207604136837,0.0,0.997,1.0,0.9408748007367129,0.9545402410693313,0.9682056814019497,1
3999,0.07775953050387341,0.1,0.9795053003533569,0.10351487060641174,0.875,1.0,0.0,0.6666666666666666,0.08566950952282038,0.0,0.3005470433808397,0.9969989996665555,0.9772875994224897,0.0,0.9946666666666667,1.0,0.9523258498231282,0.9533509743392045,0.9543760988552807,1
4000,0.451624827037177,0.4,1.0,0.10351487060641174,0.53125,1.0,0.0,0.6666666666666666,0.2766197157290049,0.3333333333333333,0.30340578634468973,0.9993331110370124,0.9840271996614678,0.0,0.9996666666666667,1.0,0.8734908440753577,0.89088029115478,0.9082697382342021,1
4001,0.07546380153665833,0.1,0.9717314487632509,0.10351487060641174,0.59375,1.0,0.0,0.6666666666666666,0.081989831564658,0.0,0.13927719691746865,0.9973324441480493,0.983178477839926,0.0,0.9943333333333333,1.0,0.9883851748008253,0.9904987673332131,0.9926123598656008,1
4002,0.2786906095221995,0.2,0.9992932862190813,0.10351487060641174,0.40625,1.0,0.0,0.6666666666666666,0.11164920889965069,1.0,0.5110585979100888,1.0,0.9879605879124733,0.0,0.9993333333333333,1.0,0.9190656692613651,0.9450008352700265,0.970936001278688,1
4003,0.21835735617424024,0.1,0.9738515901060071,0.10351487060641174,0.59375,1.0,0.0,0.6666666666666666,0.09196408982547266,0.5,0.500920442344984,1.0,0.9935470565679271,0.0,0.9986666666666667,1.0,0.9572430676283895,0.9659635368607715,0.9746840060931536,1
4004,0.21757099996508988,0.1,0.9908127208480565,0.10351487060641174,0.78125,1.0,0.0,0.6666666666666666,0.08133983762769414,0.0,0.19518435883808072,0.9973324441480493,0.9820771128069931,0.0,0.9986666666666667,1.0,0.8778783170423653,0.9236724395831917,0.9694665621240179,1
4005,0.10048680323114612,0.2,0.9985865724381625,0.10351487060641174,0.96875,1.0,0.0,0.6666666666666666,0.08824555817591817,0.0,0.3294634380985074,0.9986662220740247,0.9891880191298207,0.0,0.9976666666666667,1.0,0.967127540036457,0.9812400927990073,0.9953526455615577,1
4006,0.21698372980061387,0.0,0.9915194346289753,0.10351487060641174,0.71875,1.0,0.0,0.6666666666666666,0.08252867034092892,0.0,0.0707568134475337,0.9913304434811604,0.9706986967785812,0.0,0.9906666666666667,1.0,0.9309166678071792,0.9605463194620991,0.9901759711170192,1
4007,0.3552253705154379,0.1,0.9908127208480565,0.10351487060641174,0.4375,1.0,0.0,0.6666666666666666,0.16617860113563876,0.0,0.24772268120065166,0.9986662220740247,0.9826594753714215,0.0,0.9983333333333333,1.0,0.8634230461724796,0.9269483817548665,0.9904737173372535,1
4008,0.19834023073432072,0.0,0.9936395759717315,0.10351487060641174,0.65625,1.0,0.0,0.6666666666666666,0.08068619495277474,0.0,0.15132983685674517,0.9943314438146049,0.9764806933068532,0.0,0.9966666666666667,1.0,0.8904321042340314,0.9344518583375001,0.9784716124409688,1
4009,0.42349966950983087,0.4,0.9929328621908127,0.4035087719298246,0.59375,0.8571428571428571,0.0,0.6666666666666666,0.3417135482219277,0.0,0.23492554844082458,0.9993331110370124,0.9925089399970075,0.0,0.999,1.0,0.8370996100313581,0.8721634971766401,0.907227384321922,1
4010,0.49256685602268424,0.3,0.9964664310954063,0.4035087719298246,0.4375,0.8571428571428571,0.0,0.6666666666666666,0.30960616743179104,0.0,0.42149900664868456,0.9989996665555185,0.9880026197057223,0.0,0.9996666666666667,1.0,0.8519208140824386,0.908292658001066,0.9646645019196933,1
4011,0.11274498378676212,0.1,0.9915194346289753,0.10351487060641174,0.9375,1.0,0.0,0.6666666666666666,0.08683459159967966,0.0,0.3725599434889809,0.9973324441480493,0.9778141214590722,0.0,0.997,1.0,0.8403095140141339,0.892622009667178,0.944934505320222,1
4012,0.08297415477057701,0.1,0.9809187279151943,0.10351487060641174,0.59375,1.0,0.0,0.6666666666666666,0.07677654889465002,0.3333333333333333,0.25812615632251557,0.9983327775925308,0.9893360187483563,0.0,0.9956666666666667,1.0,0.9393578601664476,0.948794545045899,0.9582312299253504,1
4013,0.07775953050387341,0.0,0.9795053003533569,0.10351487060641174,0.875,1.0,0.0,0.6666666666666666,0.08729145296937224,0.0,0.21480547817264528,0.9943314438146049,0.9724931361100811,0.0,0.9963333333333333,1.0,0.9478508192578856,0.9511020188384375,0.9543532184189893,1
4014,0.3968920371821044,0.1,0.9908127208480565,0.10351487060641174,0.4375,1.0,0.0,0.6666666666666666,0.174443477450404,0.0,0.2632355071947614,0.9986662220740247,0.9835525667505017,0.0,0.9986666666666667,1.0,0.8690052181534081,0.9185568964081305,0.9681085746628528,1
4015,0.07546380153665833,0.0,0.9809187279151943,0.10351487060641174,0.59375,1.0,0.0,0.6666666666666666,0.07740126209787479,0.0,0.19717175112377616,0.9953317772590864,0.9760578233488041,0.0,0.992,1.0,0.9617962582058794,0.9618205494733219,0.9618448407407643,1
4016,0.21579325361013768,0.0,0.9858657243816255,0.10351487060641174,0.65625,1.0,0.0,0.6666666666666666,0.10373807295759319,0.0,0.17519548509865668,0.9963321107035679,0.9794854260016161,0.0,0.9973333333333333,1.0,0.9294975511745353,0.9462724861777803,0.9630474211810254,1
4017,0.06762227384288833,0.0,0.9371024734982332,0.10351487060641174,0.5625,1.0,0.0,0.6666666666666666,0.08043752142222393,0.0,0.2329473897652845,0.9923307769256419,0.9684891686118736,0.0,0.9943333333333333,1.0,0.9415880663205067,0.9624191792413319,0.983250292162157,1
4018,0.12359034564820581,0.2,0.9901060070671378,0.10351487060641174,0.65625,1.0,0.0,0.6666666666666666,0.0875032695190523,0.0,0.32489671510988616,0.9976658886295432,0.9844883635460279,0.0,0.9993333333333333,1.0,0.8510790758267495,0.8662682557200867,0.881457435613424,1
4019,0.07775953050387341,0.0,0.9371024734982332,0.10351487060641174,0.5625,1.0,0.0,0.6666666666666666,0.08428171341937707,0.0,0.17295127260109677,0.9936645548516172,0.9676270572100628,0.0,0.9953333333333333,1.0,0.9363668941387432,0.9469322157954454,0.9574975374521475,1
4020,0.32130424588583584,0.2,1.0,0.10351487060641174,0.46875,1.0,0.0,0.6666666666666666,0.13395976959912903,0.0,0.42351190698777497,0.9983327775925308,0.9851465228832286,0.0,0.9986666666666667,1.0,0.8638464789530662,0.8871217240004143,0.9103969690477625,1
4021,0.06762227384288833,0.0,0.9371024734982332,0.10351487060641174,0.5625,1.0,0.0,0.6666666666666666,0.08014119776742401,0.0,0.1804726992088247,0.9923307769256419,0.9701115820789118,0.0,0.9936666666666667,1.0,0.9276233442820592,0.955578577939091,0.9835338115961227,1
4022,0.21014432737297617,0.1,0.9985865724381625,0.10351487060641174,0.78125,1.0,0.0,0.6666666666666666,0.08946575088252384,0.0,0.3776644165837464,0.9996665555185061,0.9930945807281147,0.0,0.996,1.0,0.8802082642817934,0.9289040767711748,0.9775998892605562,1
4023,0.29296591754750745,0.3,0.9978798586572438,0.10351487060641174,0.65625,1.0,0.0,0.6666666666666666,0.11955367517937476,0.0,0.45507232151549726,0.9993331110370124,0.9887305893879319,0.0,0.9993333333333333,1.0,0.9076672154357175,0.9221578663732606,0.9366485173108038,1
4024,0.19834023073432072,0.1,0.9936395759717315,0.10351487060641174,0.65625,1.0,0.0,0.6666666666666666,0.07982385426848015,0.0,0.19646842618002813,0.9969989996665555,0.9766726171340833,0.0,0.997,1.0,0.8962906124338306,0.935939694206575,0.9755887759793194,1
4025,0.4255378705154379,0.1,0.9703180212014134,0.10351487060641174,0.53125,1.0,0.0,0.6666666666666666,0.27033727354352755,0.0,0.10686812352949082,0.9973324441480493,0.9717038659898203,0.0,0.9983333333333333,1.0,0.8863578615279899,0.8943861335842098,0.9024144056404299,1
4026,0.3552253705154379,0.1,0.9879858657243816,0.10351487060641174,0.5,1.0,0.0,0.6666666666666666,0.11816058048702383,0.0,0.20991428585873362,0.9989996665555185,0.9829173908597535,0.0,0.998,1.0,0.8849739681622744,0.9217815049402371,0.9585890417182,1
4027,0.3699823149598823,0.1,0.9703180212014134,0.10351487060641174,0.53125,1.0,0.0,0.6666666666666666,0.1742857749378406,0.0,0.18528249454903445,0.9969989996665555,0.9750927658710752,0.0,0.998,1.0,0.8962077400617361,0.9207003069924904,0.9451928739232447,1
4028,0.10900953050387341,0.2,0.9957597173144876,0.10351487060641174,0.84375,1.0,0.0,0.6666666666666666,0.09792865660519179,1.0,0.614022778140962,1.0,0.9889711019209507,0.0,0.9993333333333333,1.0,0.9256735235554813,0.9542889950903759,0.9829044666252706,1
4029,0.06374338553980785,0.0,0.9526501766784452,0.10351487060641174,0.5625,1.0,0.0,0.6666666666666666,0.07677769345155805,0.0,0.08533264774795368,0.9909969989996665,0.969916104317675,0.0,0.9913333333333333,1.0,0.9098202457112218,0.9104169879974496,0.9110137302836775,1
4030,0.11622106896541184,0.2,0.9795053003533569,0.10351487060641174,0.875,1.0,0.0,0.6666666666666666,0.08461009875734515,0.0,0.4075920535858233,0.9996665555185061,0.9884067484988203,0.0,0.9956666666666667,1.0,0.954228824831259,0.9572623069985816,0.9602957891659042,1
4031,0.5457900780560943,0.6,0.9978798586572438,0.4035087719298246,0.4375,0.8571428571428571,0.0,0.6666666666666666,0.46450966531940263,1.0,0.5910016292700558,1.0,0.9965523871322052,0.001,1.0,1.0,0.7820496241562305,0.826898239235272,0.8717468543143134,1
4032,0.21757099996508988,0.1,0.9908127208480565,0.10351487060641174,0.78125,1.0,0.0,0.6666666666666666,0.08104967607209179,0.0,0.24252058341745386,0.9979993331110371,0.9863645129157587,0.0,0.998,1.0,0.8800131402293215,0.9247705545619038,0.969527968894486,1
4033,0.17186948470404395,0.2,0.9915194346289753,0.10351487060641174,0.40625,1.0,0.0,0.6666666666666666,0.12020840082060258,0.5,0.4926642805895758,0.9996665555185061,0.9915891708412689,0.0,0.9973333333333333,1.0,0.8226040799987558,0.8913429283428498,0.9600817766869438,1
4034,0.409610780620942,0.4,0.9929328621908127,0.4035087719298246,0.59375,0.8571428571428571,0.0,0.6666666666666666,0.39695729222395104,0.5,0.47544088144028973,0.9996665555185061,0.992185868981071,0.0006666666666666666,0.9993333333333333,1.0,0.8307910209462879,0.8646913971934391,0.8985917734405905,1
4035,0.4707900780560942,0.2,0.9872791519434629,0.4035087719298246,0.375,0.8571428571428571,0.0,0.6666666666666666,0.30903601891327315,0.0,0.0989717127079186,0.9979993331110371,0.9800335785721657,0.0,0.998,1.0,0.8301420266407062,0.8466844125583555,0.8632267984760046,1
4036,0.41233911275146273,0.1,0.9858657243816255,0.320855614973262,0.28125,0.8571428571428571,0.0,0.6666666666666666,0.22688011668231778,0.0,0.22355197177859443,0.9989996665555185,0.9770017684273723,0.0,0.999,1.0,0.8524347076483378,0.9059523701416228,0.9594700326349078,1
4037,0.283425458007048,0.1,0.9908127208480565,0.10351487060641174,0.4375,1.0,0.0,0.6666666666666666,0.22914312666177994,0.0,0.16733823054398234,0.9969989996665555,0.9747789758626477,0.0,0.9976666666666667,1.0,0.8399640987854974,0.8583459039017711,0.8767277090180449,1
4038,0.1742743048687505,0.1,0.9908127208480565,0.2575250836120402,0.34375,1.0,0.0,0.6666666666666666,0.12706519348286227,0.0,0.4528229407939045,0.9979993331110371,0.9736008100234856,0.0,0.999,1.0,0.8011595689022736,0.8269881182046277,0.8528166675069818,1
4039,0.1218694847040439,0.1,0.9943462897526502,0.2575250836120402,0.5625,1.0,0.0,0.6666666666666666,0.1319692306612541,0.0,0.10424707051884252,0.9976658886295432,0.9790186986371648,0.0,0.998,1.0,0.8061504372563637,0.886706316222131,0.9672621951878984,1
4040,0.48066209411792227,0.5,0.9992932862190813,0.4035087719298246,0.53125,0.8571428571428571,0.0,0.6666666666666666,0.5579504274083239,0.0,0.1980026413706788,0.9993331110370124,0.9777675067827927,0.0,0.9996666666666667,1.0,0.8264047964848954,0.8838182377010243,0.9412316789171532,1
4041,0.25278734611893605,0.3,0.9957597173144876,0.4035087719298246,0.59375,0.8571428571428571,0.0,0.6666666666666666,0.22324389470642714,0.0,0.49001023296999546,0.9996665555185061,0.9807367165995124,0.0,0.9996666666666667,1.0,0.8598394942920464,0.881415729858084,0.9029919654241217,1
4042,0.07546380153665833,0.0,0.9809187279151943,0.10351487060641174,0.59375,1.0,0.0,0.6666666666666666,0.07687580597918897,0.0,0.1611272808563925,0.9866622207402468,0.9636682227487762,0.0,0.9926666666666667,1.0,0.9530238824821711,0.9573029422420081,0.9615820020018451,1
4043,0.14144748850534872,0.1,0.9915194346289753,0.10351487060641174,0.78125,1.0,0.0,0.6666666666666666,0.12980550953953873,0.0,0.0782204906782783,0.9973324441480493,0.9696235575542128,0.0,0.9983333333333333,1.0,0.8144088852046162,0.8225614356772826,0.830713986149949,1
4044,0.19834023073432072,0.0,0.9802120141342756,0.10351487060641174,0.625,1.0,0.0,0.6666666666666666,0.0806914498453366,0.0,0.2236836317540022,0.9939979993331111,0.9764681909465631,0.0,0.9973333333333333,1.0,0.9111603510837486,0.95190790903065,0.9926554669775515,1
4045,0.11848249054035076,0.0,0.9886925795053003,0.10351487060641174,0.71875,1.0,0.0,0.6666666666666666,0.09280524199579132,0.0,0.1740695428056983,0.9966655551850617,0.9802244361008305,0.0,0.9963333333333333,1.0,0.8317372220252479,0.8987948442937033,0.9658524665621585,1
4046,0.3968920371821044,0.3,0.9929328621908127,0.10351487060641174,0.5625,1.0,0.0,0.6666666666666666,0.16345628434772375,0.0,0.19777031504208653,0.9989996665555185,0.9841520441151544,0.0,0.9986666666666667,1.0,0.8843034087824572,0.9187235219991947,0.9531436352159322,1
4047,0.19834023073432072,0.0,0.9787985865724381,0.10351487060641174,0.6875,1.0,0.0,0.6666666666666666,0.08648906617919239,0.0,0.18186805863064415,0.9933311103701233,0.9738053305382074,0.0,0.9953333333333333,1.0,0.8984082381899647,0.9389448457947404,0.979481453399516,1
4048,0.39220453718210446,0.2,0.992226148409894,0.10351487060641174,0.59375,1.0,0.0,0.6666666666666666,0.12932679699950345,0.25,0.4555299508839632,0.9993331110370124,0.9949314183655934,0.0003333333333333333,0.9983333333333333,1.0,0.9294176572431451,0.9362863794227498,0.9431551016023547,1
4049,0.19543844502003493,0.0,0.9731448763250884,0.10351487060641174,0.59375,1.0,0.0,0.6666666666666666,0.09115588552828513,0.0,0.08601816104310889,0.9949983327775925,0.9760384943746063,0.0,0.9963333333333333,1.0,0.8539355234547046,0.9253638246328358,0.9967921258109671,1
4050,0.419023497959758,0.3,0.9985865724381625,0.320855614973262,0.53125,0.8571428571428571,0.0,0.6666666666666666,0.5296418818264278,1.0,0.9207778770339561,1.0,0.9985485371263322,0.0006666666666666666,1.0,1.0,0.7811964629689606,0.8096581610094002,0.83811985904984,1
4051,0.2261180085120985,0.1,0.9787985865724381,0.10351487060641174,0.6875,1.0,0.0,0.6666666666666666,0.08766605850732268,0.0,0.18784916754792313,0.9993331110370124,0.9907210641667218,0.0,0.9966666666666667,1.0,0.9105190033388169,0.9403727841291643,0.9702265649195118,1
4052,0.47378602336761333,0.2,0.9865724381625441,0.2575250836120402,0.375,1.0,0.0,0.6666666666666666,0.3204282065922336,0.0,0.31998612334675935,0.9989996665555185,0.9681067484115115,0.0,0.9993333333333333,1.0,0.7339399252553487,0.8126478222293976,0.8913557192034465,1
4053,0.29296591754750745,0.3,0.9978798586572438,0.10351487060641174,0.65625,1.0,0.0,0.6666666666666666,0.12091496785262812,0.6666666666666666,0.48275515213627884,0.9996665555185061,0.9897542489849337,0.001,0.999,1.0,0.9063066949224131,0.9238578593286759,0.9414090237349387,1
4054,0.19912658694347096,0.0,0.9519434628975265,0.10351487060641174,0.46875,1.0,0.0,0.6666666666666666,0.08171511160834688,0.0,0.11900060542404844,0.9846615538512837,0.9637401459118006,0.0,0.989,1.0,0.9371768827968034,0.9659497587854284,0.9947226347740535,1
4055,0.06762227384288833,0.1,0.9978798586572438,0.10351487060641174,0.78125,1.0,0.0,0.6666666666666666,0.08141941228710958,0.0,0.36786567985582586,0.9993331110370124,0.9893607322998234,0.0,0.997,1.0,0.9591398399502975,0.9710375329328087,0.9829352259153199,1
4056,0.0983257953836556,0.0,0.976678445229682,0.10351487060641174,0.71875,1.0,0.0,0.6666666666666666,0.09600186679401745,0.0,0.3036020591257529,0.9966655551850617,0.9729904178185728,0.0,0.9993333333333333,1.0,0.8317063927043472,0.8546012519823484,0.8774961112603495,1
4057,0.39776009273766,0.3,0.9957597173144876,0.10351487060641174,0.6875,1.0,0.0,0.6666666666666666,0.1252723820100744,0.5,0.44014101929739624,0.9993331110370124,0.988046264897306,0.0003333333333333333,0.9993333333333333,1.0,0.9093230515630426,0.9374709147811339,0.9656187779992251,1
4058,0.0962971348699917,0.1,0.9978798586572438,0.10351487060641174,0.78125,1.0,0.0,0.6666666666666666,0.0894630994541733,0.0,0.2759579200790463,0.9976658886295432,0.9844692860138594,0.0,0.9986666666666667,1.0,0.9823874753142969,0.9841056240055683,0.9858237726968396,1
4059,0.0983257953836556,0.0,0.9964664310954063,0.10351487060641174,0.8125,1.0,0.0,0.6666666666666666,0.08346630109658049,0.0,0.21995759947239757,0.9966655551850617,0.9745916262794982,0.0,0.9983333333333333,1.0,0.8720475733940792,0.8749113857022947,0.8777751980105101,1
4060,0.07546380153665833,0.0,0.9519434628975265,0.10351487060641174,0.46875,1.0,0.0,0.6666666666666666,0.0819530387552827,0.0,0.0668803820592988,0.9796598866288763,0.9509745973800854,0.0,0.9916666666666667,1.0,0.9665503456918881,0.9820848956195838,0.9976194455472795,1
4061,0.06374338553980785,0.0,0.9371024734982332,0.10351487060641174,0.5625,1.0,0.0,0.6666666666666666,0.07629512082648682,0.0,0.2094990272338625,0.9929976658886296,0.973815044661984,0.0,0.9913333333333333,1.0,0.9463391465726471,0.9482598842052713,0.9501806218378955,1
4062,0.22982986042430598,0.4,0.9992932862190813,0.2575250836120402,0.65625,1.0,0.0,0.6666666666666666,0.20695771813227848,0.0,0.40322167310805446,0.9996665555185061,0.9843963797146814,0.0,0.9996666666666667,1.0,0.7926206479267615,0.7994763351522481,0.8063320223777348,1
4063,0.22690436472124875,0.2,0.9858657243816255,0.10351487060641174,0.71875,1.0,0.0,0.6666666666666666,0.09218718111780422,0.0,0.36390717415958385,0.9986662220740247,0.9898241600888138,0.0,0.993,1.0,0.9528718706437568,0.9529030983811869,0.9529343261186171,1
4064,0.06762227384288833,0.2,0.9851590106007068,0.10351487060641174,0.6875,1.0,0.0,0.6666666666666666,0.08005857954208795,0.0,0.36764529602999685,0.9983327775925308,0.9806518052435771,0.0,0.999,1.0,0.8805892119551004,0.9337516943255271,0.9869141766959538,1
4065,0.8248150265705296,1.0,1.0,0.9924012158054711,0.21875,0.2857142857142857,0.0,0.6666666666666666,0.9732290443784619,1.0,0.9192209052402359,1.0,0.9946736409987054,0.064,1.0,1.0,0.7043241264277047,0.7926899734781273,0.8810558205285499,1
4066,0.19912658694347096,0.0,0.9519434628975265,0.10351487060641174,0.46875,1.0,0.0,0.6666666666666666,0.08376685218619817,0.0,0.04429137678374462,0.9863287762587529,0.963869636133924,0.0,0.989,1.0,0.9441084394638725,0.9636805834405069,0.9832527274171412,1
4067,0.0983257953836556,0.0,0.9724381625441696,0.10351487060641174,0.53125,1.0,0.0,0.6666666666666666,0.08178310510917719,0.0,0.07200361013238243,0.9946648882960987,0.9757922845204273,0.0,0.9956666666666667,1.0,0.8661713009617598,0.884993671263919,0.9038160415660784,1
4068,0.27709290167449163,0.2,0.9929328621908127,0.10351487060641174,0.5,1.0,0.0,0.6666666666666666,0.13300858781728908,0.0,0.3399207081481598,0.9993331110370124,0.9872137128741869,0.0,0.9993333333333333,1.0,0.890363670313954,0.896030199068275,0.9016967278225959,1
4069,0.294023497959758,0.4,0.9985865724381625,0.320855614973262,0.53125,0.8571428571428571,0.0,0.6666666666666666,0.407214922455708,0.5,0.41656614719796126,0.9996665555185061,0.9761605732271565,0.0003333333333333333,0.9996666666666667,1.0,0.7930108362894616,0.819092857628998,0.8451748789685344,1
4070,0.09703403854877068,0.0,0.9681978798586572,0.10351487060641174,0.625,1.0,0.0,0.6666666666666666,0.08638344946367671,0.0,0.17058281865284775,0.9953317772590864,0.9744196552723464,0.0,0.9953333333333333,1.0,0.8953220625994474,0.9245417850182136,0.9537615074369797,1
4071,0.19834023073432072,0.0,0.9802120141342756,0.10351487060641174,0.625,1.0,0.0,0.6666666666666666,0.08201965710349213,0.0,0.31199003612200427,0.9963321107035679,0.9783907803027346,0.0,0.9976666666666667,1.0,0.9118416374066762,0.9547361574474416,0.997630677488207,1
4072,0.5359236542552442,0.4,1.0,0.4035087719298246,0.71875,0.8571428571428571,0.0,0.6666666666666666,0.4077089564275562,0.5,0.6512666771443232,1.0,0.9950091537392213,0.0006666666666666666,0.9993333333333333,1.0,0.8402880299137343,0.844487546679269,0.8486870634448037,1
4073,0.12233880153665833,0.0,0.9717314487632509,0.10351487060641174,0.625,1.0,0.0,0.6666666666666666,0.0856890569447476,0.0,0.15629774942647556,0.9946648882960987,0.9821467485003391,0.0,0.9963333333333333,1.0,0.9931198523562369,0.9944033632121871,0.9956868740681373,1
4074,0.15566558673984043,0.2,0.9901060070671378,0.10351487060641174,0.71875,1.0,0.0,0.6666666666666666,0.11255306495925887,0.0,0.16519068789481395,0.9986662220740247,0.9819826785403791,0.0,0.9976666666666667,1.0,0.8158334582243855,0.8372282898060228,0.8586231213876602,1
4075,0.30989651383277383,0.3,0.9992932862190813,0.320855614973262,0.40625,0.8571428571428571,0.0,0.6666666666666666,0.4669319597208199,0.6666666666666666,0.8963116549034894,1.0,0.9983641407235512,0.0003333333333333333,0.9996666666666667,1.0,0.8204731354587461,0.8761858415347026,0.931898547610659,1
4076,0.5451038528249776,0.5,0.9943462897526502,0.2575250836120402,0.46875,1.0,0.0,0.6666666666666666,0.49470233034826205,0.5,0.674337227742575,1.0,0.9958424726198828,0.0003333333333333333,0.9993333333333333,1.0,0.7321122111538224,0.840788498092981,0.9494647850321394,1
4077,0.2781194847040439,0.6,0.9957597173144876,0.2575250836120402,0.46875,1.0,0.0,0.6666666666666666,0.30050368082746715,0.5,0.14431376738533663,0.9996665555185061,0.9891371706142922,0.0,0.9996666666666667,1.0,0.7851455517803414,0.8429153573532312,0.900685162926121,1
4078,0.08149498378676212,0.0,0.9787985865724381,0.10351487060641174,0.875,1.0,0.0,0.6666666666666666,0.07996764925284983,0.0,0.035495314482786644,0.9896632210736912,0.9678986533161945,0.0,0.9933333333333333,1.0,0.8685057583623038,0.9068339565181115,0.9451621546739192,1
4079,0.22775199544020308,0.1,0.9802120141342756,0.10351487060641174,0.625,1.0,0.0,0.6666666666666666,0.07958775938612539,0.5,0.21264845355512196,0.9996665555185061,0.9951557235639339,0.0,0.996,1.0,0.9306471717961851,0.9599697432268757,0.9892923146575662,1
4080,0.41144774038400045,0.3,0.9978798586572438,0.8591549295774648,0.21875,0.2857142857142857,0.0,0.6666666666666666,0.47178461044072795,0.0,0.3970510979138684,0.9993331110370124,0.9733553065861876,0.0,0.9996666666666667,1.0,0.7898573941925972,0.8623678149765412,0.9348782357604852,1
4081,0.12267472933832435,0.1,0.9971731448763251,0.10351487060641174,0.65625,1.0,0.0,0.6666666666666666,0.10121131615594181,0.0,0.30783543336688857,0.9989996665555185,0.9907149932597916,0.0,0.998,1.0,0.8163449366899632,0.9002769143648675,0.9842088920397716,1
4082,0.2749027307343207,0.2,0.9908127208480565,0.10351487060641174,0.5625,1.0,0.0,0.6666666666666666,0.14465862255456563,0.0,0.06741275309618333,0.9973324441480493,0.981902672061058,0.0,0.9976666666666667,1.0,0.906627931725489,0.9340033377566155,0.9613787437877421,1
4083,0.21553512586673462,0.3,0.9936395759717315,0.10351487060641174,0.46875,1.0,0.0,0.6666666666666666,0.22241332242421452,0.0,0.43683846849990393,0.9986662220740247,0.9682304496840806,0.0,0.9993333333333333,1.0,0.8008513740708945,0.8422162116344665,0.8835810491980386,1
4084,0.3490820236636136,0.5,0.9908127208480565,0.10351487060641174,0.4375,1.0,0.0,0.6666666666666666,0.19885975548695967,0.0,0.3501015747145402,0.9993331110370124,0.9885951736219691,0.0,0.9996666666666667,1.0,0.8576264077928151,0.8680359897573513,0.8784455717218876,1
4085,0.2348837130135214,0.3,0.9809187279151943,0.10351487060641174,0.46875,1.0,0.0,0.6666666666666666,0.11892145669859067,0.5,0.7081173795025804,1.0,0.9958557242181969,0.0006666666666666666,0.9973333333333333,1.0,0.8854753123521892,0.8881624001120068,0.8908494878718243,1
4086,0.1219789940368543,0.2,0.9936395759717315,0.10351487060641174,0.78125,1.0,0.0,0.6666666666666666,0.0927916325009216,0.5,0.5483210860529613,1.0,0.9873501607286098,0.0003333333333333333,0.9993333333333333,1.0,0.8408855600564988,0.9151201425165967,0.9893547249766946,1
4087,0.19543844502003493,0.0,0.9731448763250884,0.10351487060641174,0.59375,1.0,0.0,0.6666666666666666,0.09671076986178562,0.0,0.051264414544923254,0.9923307769256419,0.9679047181107171,0.0,0.996,1.0,0.8580392483781617,0.9145372171502083,0.9710351859222549,1
4088,0.3702006657962619,0.6,0.9964664310954063,0.2575250836120402,0.46875,1.0,0.0,0.6666666666666666,0.286116058112758,1.0,0.592060340249428,1.0,0.9833377701364207,0.0003333333333333333,0.9996666666666667,1.0,0.7468954041713154,0.8001022514278409,0.8533090986843662,1
4089,0.19543844502003493,0.0,0.9731448763250884,0.10351487060641174,0.59375,1.0,0.0,0.6666666666666666,0.09205792055801987,0.0,0.18472382061455317,0.9929976658886296,0.9745637989262423,0.0,0.9946666666666667,1.0,0.8588409138136326,0.9226790221832053,0.986517130552778,1
4090,0.12105306811092831,0.0,0.9809187279151943,0.10351487060641174,0.78125,1.0,0.0,0.6666666666666666,0.08389298629737796,0.0,0.2881821106926029,0.9963321107035679,0.9820439999210896,0.0,0.997,1.0,0.8597477097748363,0.8763980100689366,0.893048310363037,1
4091,0.22690436472124875,0.1,0.9858657243816255,0.10351487060641174,0.65625,1.0,0.0,0.6666666666666666,0.09820339699930325,0.5,0.2867547771121124,0.9993331110370124,0.9904829682997063,0.0,0.9986666666666667,1.0,0.9356106257277185,0.9368246514466859,0.9380386771656534,1
4092,0.22153734611893605,0.2,0.9943462897526502,0.10351487060641174,0.75,1.0,0.0,0.6666666666666666,0.10627514273173932,0.0,0.25318269112895386,0.9983327775925308,0.9817917783252269,0.0,0.9986666666666667,1.0,0.9240322837953198,0.9288684907818067,0.9337046977682936,1
4093,0.4599581603705103,0.4,0.9992932862190813,0.320855614973262,0.40625,0.8571428571428571,0.0,0.6666666666666666,0.39788181380413024,0.3333333333333333,0.7567048532219263,1.0,0.995981138686535,0.0003333333333333333,0.9996666666666667,1.0,0.8538342751519161,0.8764048025992283,0.8989753300465404,1
4094,0.08297415477057701,0.1,0.9809187279151943,0.10351487060641174,0.59375,1.0,0.0,0.6666666666666666,0.07726445866724885,0.0,0.23095964846345318,0.9976658886295432,0.9851961724971341,0.0,0.997,1.0,0.940670203120784,0.9531326007069233,0.9655949982930626,1
4095,0.13293831401256773,0.0,0.9681978798586572,0.10351487060641174,0.5,1.0,0.0,0.6666666666666666,0.11950477494890843,0.0,0.05901024080629069,0.9963321107035679,0.9666868585819157,0.0,0.998,1.0,0.7989616620747872,0.8431279750104614,0.8872942879461355,1
4096,0.5481224115782397,0.4,0.9943462897526502,0.4035087719298246,0.46875,0.8571428571428571,0.0,0.6666666666666666,0.3888388275547451,0.0,0.20316980793247275,0.9989996665555185,0.9909529152776807,0.0,0.9993333333333333,1.0,0.8412813412262021,0.900397643452638,0.9595139456790738,1
4097,0.14739986945772965,0.1,0.9681978798586572,0.10351487060641174,0.5,1.0,0.0,0.6666666666666666,0.14246153852925225,0.0,0.2834488335837225,0.9976658886295432,0.9702570919235591,0.0,0.9963333333333333,1.0,0.8011817064825334,0.8201687266342921,0.8391557467860509,1
4098,0.08149498378676212,0.0,0.9371024734982332,0.10351487060641174,0.5625,1.0,0.0,0.6666666666666666,0.07714513225279329,0.0,0.22804761029401388,0.9923307769256419,0.9690012848532871,0.0,0.99,1.0,0.8936858023305354,0.9233899345989001,0.9530940668672646,1
4099,0.08297415477057701,0.1,0.9519434628975265,0.10351487060641174,0.46875,1.0,0.0,0.6666666666666666,0.07802177014924583,0.0,0.3590633870107818,0.9996665555185061,0.9922383100228803,0.0,0.9933333333333333,1.0,0.9428742890581329,0.9588263414525532,0.9747783938469735,1
4100,0.19912658694347096,0.0,0.9519434628975265,0.10351487060641174,0.46875,1.0,0.0,0.6666666666666666,0.08366230497656979,0.0,0.09844646779051724,0.9823274424808269,0.9577517993512513,0.0,0.9883333333333333,1.0,0.9471656231008683,0.9655794423142194,0.9839932615275705,1
4101,0.11720926950104782,0.3,0.9936395759717315,0.10351487060641174,0.71875,1.0,0.0,0.6666666666666666,0.07774559465453545,0.0,0.15341115904208025,0.9986662220740247,0.9885207898574431,0.0,0.999,1.0,0.8972896137013728,0.9365196761632617,0.9757497386251507,1
4102,0.29101253674686767,0.3,0.9943462897526502,0.5217391304347826,0.3125,0.7142857142857143,0.0,0.6666666666666666,0.6212496472114851,0.0,0.38005837133848697,0.9989996665555185,0.9679843108355215,0.0,0.9993333333333333,1.0,0.7235064836869599,0.7846635045544622,0.8458205254219645,1
4103,0.06762227384288833,0.1,0.9371024734982332,0.10351487060641174,0.5625,1.0,0.0,0.6666666666666666,0.08205546385517493,0.0,0.12753153917629512,0.9989996665555185,0.9871898060315619,0.0,0.996,1.0,0.9468305570941723,0.9598323775508053,0.9728341980074382,1
4104,0.3968920371821044,0.2,0.9943462897526502,0.10351487060641174,0.78125,1.0,0.0,0.6666666666666666,0.14197579876587196,0.0,0.4623101640544002,0.9996665555185061,0.9922546812446724,0.0,1.0,1.0,0.8947188959996107,0.9280900879876804,0.9614612799757501,1
4105,0.2786906095221995,0.2,0.9703180212014134,0.10351487060641174,0.53125,1.0,0.0,0.6666666666666666,0.13761592191852123,0.0,0.2493614813080418,0.9989996665555185,0.9822264202188264,0.0,0.9986666666666667,1.0,0.895004348832231,0.9346412187892933,0.9742780887463556,1
4106,0.10717129520975577,0.1,0.995053003533569,0.10351487060641174,0.75,1.0,0.0,0.6666666666666666,0.08417246088726615,0.0,0.2821786112687825,0.9973324441480493,0.9845050448062087,0.0,0.9983333333333333,1.0,0.9813777361212331,0.982787458046853,0.9841971799724727,1
4107,0.06374338553980785,0.0,0.9646643109540636,0.10351487060641174,0.59375,1.0,0.0,0.6666666666666666,0.07777433242317633,0.0,0.22655891589423072,0.9956652217405801,0.9791090262193753,0.0,0.9946666666666667,1.0,0.8966622722634865,0.9020449267644461,0.9074275812654059,1
4108,0.11848249054035076,0.1,1.0,0.10351487060641174,0.78125,1.0,0.0,0.6666666666666666,0.09707045522960855,0.3333333333333333,0.35461155771754516,0.9996665555185061,0.9907295465413628,0.0,0.9976666666666667,1.0,0.8318000524508211,0.91185088381104,0.9919017151712587,1
4109,0.07546380153665833,0.0,0.9717314487632509,0.10351487060641174,0.59375,1.0,0.0,0.6666666666666666,0.08089550863069961,0.0,0.1559184224336695,0.9896632210736912,0.9657049155800461,0.0,0.9936666666666667,1.0,0.9802998998151906,0.9845836387957895,0.9888673777763883,1
4110,0.5207900780560942,0.3,0.9985865724381625,0.4035087719298246,0.375,0.8571428571428571,0.0,0.6666666666666666,0.31952794351917213,0.0,0.3882606987561298,0.9993331110370124,0.9930978349771341,0.0003333333333333333,0.9996666666666667,1.0,0.8183399419881874,0.8431305648568732,0.8679211877255589,1
4111,0.22446704634685477,0.1,0.984452296819788,0.10351487060641174,0.53125,1.0,0.0,0.6666666666666666,0.10501674854865228,0.0,0.21531910699902224,0.9979993331110371,0.9859143385297748,0.0,0.998,1.0,0.8969797134816361,0.8999427352497233,0.9029057570178106,1
4112,0.06762227384288833,0.1,0.9851590106007068,0.10351487060641174,0.6875,1.0,0.0,0.6666666666666666,0.07829973903531673,0.0,0.33487660249315265,0.9983327775925308,0.9866430599854958,0.0,0.9956666666666667,1.0,0.8977456336117376,0.9415530180888334,0.9853604025659292,1
4113,0.2348837130135214,0.3,0.9879858657243816,0.10351487060641174,0.5625,1.0,0.0,0.6666666666666666,0.11383266330595754,0.5,0.7011885714774966,1.0,0.9958434117618051,0.0003333333333333333,0.9993333333333333,1.0,0.8845036608657677,0.8890500722649064,0.8935964836640451,1
4114,0.11915912871698897,0.1,0.976678445229682,0.10351487060641174,0.71875,1.0,0.0,0.6666666666666666,0.09705207631024149,0.0,0.14216467901314678,0.9989996665555185,0.9808722201091249,0.0,0.9986666666666667,1.0,0.8259916158151871,0.8565596074185882,0.8871275990219892,1
4115,0.19321704634685477,0.1,0.984452296819788,0.10351487060641174,0.53125,1.0,0.0,0.6666666666666666,0.10964304008327597,0.0,0.15259282883630754,0.9979993331110371,0.9836681267132692,0.0,0.9986666666666667,1.0,0.8758382746387036,0.8894673885361433,0.9030965024335829,1
4116,0.15058043729346993,0.2,0.9957597173144876,0.2575250836120402,0.75,1.0,0.0,0.6666666666666666,0.15954528119863987,0.0,0.2551612113859263,0.9976658886295432,0.9794120498201836,0.0,0.9983333333333333,1.0,0.7713999773871476,0.8740866248550367,0.976773272322926,1
4117,0.5319011891672053,0.5,0.9985865724381625,0.4035087719298246,0.46875,0.8571428571428571,0.0,0.6666666666666666,0.564214319872925,1.0,0.5403194153318409,1.0,0.9917104181242666,0.0,1.0,1.0,0.7935494526010004,0.8210116124580363,0.8484737723150723,1
4118,0.1055373082816512,0.1,0.9795053003533569,0.10351487060641174,0.875,1.0,0.0,0.6666666666666666,0.09396152991394557,0.0,0.19602281894252205,0.9969989996665555,0.9794362777263254,0.0,0.9966666666666667,1.0,0.9408714078505149,0.9657510807803648,0.9906307537102146,1
4119,0.0983257953836556,0.0,0.9901060070671378,0.10351487060641174,0.59375,1.0,0.0,0.6666666666666666,0.08214701534394075,0.0,0.19232052096647034,0.9946648882960987,0.9753134476810508,0.0,0.9963333333333333,1.0,0.8655573113192025,0.8828039923802178,0.9000506734412331,1
4120,0.2179250985195441,0.3,0.9985865724381625,0.2575250836120402,0.53125,1.0,0.0,0.6666666666666666,0.1911637805228048,0.6666666666666666,0.5775236067369329,1.0,0.9953396490748663,0.0006666666666666666,0.9993333333333333,1.0,0.7829196686492429,0.8040919635330877,0.8252642584169325,1
4121,0.6501619306658137,0.6,0.9978798586572438,0.6033057851239669,0.1875,0.5714285714285714,0.0,0.6666666666666666,0.9247524414422343,0.3333333333333333,0.06302294724862945,0.9993331110370124,0.9848439525534509,0.0003333333333333333,0.9993333333333333,1.0,0.7731677637815347,0.8482661931478908,0.9233646225142468,1
4122,0.43677051949164436,0.6,0.9971731448763251,0.2575250836120402,0.5625,1.0,0.0,0.6666666666666666,0.4203993209461102,0.0,0.19067835298712932,0.9989996665555185,0.9772302605657582,0.0,0.9996666666666667,1.0,0.7727147948725824,0.830987101118936,0.8892594073652896,1
4123,0.1217632953836556,0.2,0.995053003533569,0.2575250836120402,0.40625,1.0,0.0,0.6666666666666666,0.1098303303293171,0.0,0.4098902744460302,0.9983327775925308,0.9898228877265471,0.0,0.9983333333333333,1.0,0.8019061132848753,0.8501333534506046,0.898360593616334,1
4124,0.4766248270371769,0.2,0.9858657243816255,0.320855614973262,0.28125,0.8571428571428571,0.0,0.6666666666666666,0.2860274391673995,0.5,0.5618688471757283,1.0,0.9917086067550155,0.0003333333333333333,0.9993333333333333,1.0,0.8444225743243343,0.8944621372025384,0.9445017000807425,1
4125,0.13999246205032223,0.1,1.0,0.10351487060641174,0.71875,1.0,0.0,0.6666666666666666,0.08392280986212997,0.3333333333333333,0.6398747152416904,1.0,0.9965806927757231,0.0003333333333333333,0.9976666666666667,1.0,0.8616145847197558,0.8754162643439221,0.8892179439680883,1
4126,0.4707900780560942,0.3,0.9971731448763251,0.4035087719298246,0.4375,0.8571428571428571,0.0,0.6666666666666666,0.2665760718599405,0.5,0.4718739671037462,0.9996665555185061,0.9933742294296656,0.0003333333333333333,0.9996666666666667,1.0,0.823523745968482,0.8497916476068208,0.8760595492451596,1
4127,0.21014432737297617,0.0,0.9674911660777386,0.10351487060641174,0.4375,1.0,0.0,0.6666666666666666,0.09489609749841177,0.0,0.3075712985531731,0.9966655551850617,0.9847223664003549,0.0,0.998,1.0,0.8852997354513418,0.9211597755254886,0.9570198155996352,1
4128,0.22668844502003493,0.1,0.992226148409894,0.10351487060641174,0.6875,1.0,0.0,0.6666666666666666,0.10009803284027396,1.0,0.5608624451647488,1.0,0.9930592825003953,0.0,0.9943333333333333,1.0,0.8884240133609183,0.915919519584885,0.943415025808852,1
4129,0.07722018388377883,0.1,0.9681978798586572,0.10351487060641174,0.5,1.0,0.0,0.6666666666666666,0.11011292143026019,0.0,0.21945608984942433,0.9976658886295432,0.9783024385286482,0.0,0.9976666666666667,1.0,0.8033021933453782,0.8860521249603706,0.9688020565753629,1
4130,0.14277317927548394,0.1,0.9681978798586572,0.10351487060641174,0.5,1.0,0.0,0.6666666666666666,0.11038361216136061,0.0,0.24990241722499063,0.9983327775925308,0.9735674603823282,0.0,0.9986666666666667,1.0,0.8090310717645793,0.9025657640132649,0.9961004562619504,1
4131,0.5922045371821045,0.6,0.9985865724381625,0.4035087719298246,0.34375,0.8571428571428571,0.0,0.6666666666666666,0.7163285838943252,0.5,0.4166037517751138,0.9996665555185061,0.9858169888283237,0.0003333333333333333,0.9996666666666667,1.0,0.8245271039564864,0.8594370282026179,0.8943469524487494,1
4132,0.2179250985195441,0.4,0.9971731448763251,0.2575250836120402,0.625,1.0,0.0,0.6666666666666666,0.19905152904084678,0.0,0.4064745377476916,0.9993331110370124,0.9907414288694445,0.0,0.999,1.0,0.7833826611525512,0.8019914114660062,0.8206001617794612,1
4133,0.35351253674686767,0.4,1.0,0.5217391304347826,0.3125,0.7142857142857143,0.0,0.6666666666666666,0.6165889485797216,0.5,0.6349264204440948,1.0,0.9880207390432315,0.0003333333333333333,0.9993333333333333,1.0,0.7266715124068054,0.7807527914476954,0.8348340704885854,1
4134,0.14739986945772965,0.1,0.9681978798586572,0.10351487060641174,0.5,1.0,0.0,0.6666666666666666,0.1308913403919063,0.5,0.3955737522574264,0.9996665555185061,0.9818085742040549,0.0003333333333333333,0.9976666666666667,1.0,0.8085815502279353,0.8244552094644517,0.840328868700968,1
4135,0.38948606406765407,0.4,0.9971731448763251,0.4035087719298246,0.3125,0.8571428571428571,0.0,0.6666666666666666,0.5030696719103633,0.0,0.33338677746536693,0.9993331110370124,0.9872930712065591,0.0,0.9996666666666667,1.0,0.8202499791590726,0.90736015502843,0.9944703308977874,1
4136,0.21757099996508988,0.1,0.9858657243816255,0.10351487060641174,0.6875,1.0,0.0,0.6666666666666666,0.08364494962286251,0.0,0.3738348726512617,0.9969989996665555,0.9775489081185715,0.0,0.9973333333333333,1.0,0.8698520431370228,0.924479361997313,0.9791066808576031,1
4137,0.10717129520975577,0.1,0.995053003533569,0.10351487060641174,0.75,1.0,0.0,0.6666666666666666,0.08314662339707912,0.5,0.4775605574243116,0.9996665555185061,0.9950345271622287,0.0003333333333333333,0.998,1.0,0.9811893753514955,0.9836780150678361,0.9861666547841768,1
4138,0.1055373082816512,0.1,0.9795053003533569,0.10351487060641174,0.875,1.0,0.0,0.6666666666666666,0.09287847581691433,0.0,0.35691038228205074,0.9983327775925308,0.986691831630584,0.0,0.9963333333333333,1.0,0.9405340388098711,0.9622841042647905,0.9840341697197099,1
4139,0.32130424588583584,0.3,0.9992932862190813,0.10351487060641174,0.40625,1.0,0.0,0.6666666666666666,0.12157920274286593,0.5,0.7659932344256253,1.0,0.9976799661038982,0.0003333333333333333,0.999,1.0,0.8730963702503937,0.8955772797789828,0.918058189307572,1
4140,0.24053512586673476,0.1,0.9964664310954063,0.10351487060641174,0.5,1.0,0.0,0.6666666666666666,0.1322334289349909,0.0,0.330778014810182,0.9993331110370124,0.9848839093580857,0.0,0.999,1.0,0.8506434502389525,0.8705305013678852,0.8904175524968181,1
4141,0.12978616628847095,0.1,0.9816254416961131,0.10351487060641174,0.5625,1.0,0.0,0.6666666666666666,0.10095367728052251,0.0,0.2541631764405671,0.9976658886295432,0.9798922932630949,0.0,0.998,1.0,0.8188849027574845,0.9067123123026044,0.9945397218477242,1
4142,0.4802253705154378,0.4,0.9992932862190813,0.320855614973262,0.46875,0.8571428571428571,0.0,0.6666666666666666,0.17760570300168,0.5,0.48198359105002864,0.9996665555185061,0.9947300935153207,0.0,1.0,1.0,0.8554679862036048,0.9264728320188091,0.9974776778340134,1
4143,0.1217632953836556,0.1,0.995053003533569,0.2575250836120402,0.40625,1.0,0.0,0.6666666666666666,0.11532364061351752,0.0,0.3206198080313528,0.9986662220740247,0.9870693498064741,0.0,0.9983333333333333,1.0,0.7991203450969496,0.8418882602542188,0.8846561754114879,1
4144,0.5359236542552442,0.3,0.9872791519434629,0.4035087719298246,0.375,0.8571428571428571,0.0,0.6666666666666666,0.2784821484771707,1.0,0.5546470261344489,1.0,0.989515665181945,0.0,0.999,1.0,0.8533924860375262,0.8562316286151587,0.8590707711927912,1
4145,0.2475682196260799,0.4,0.9978798586572438,0.5217391304347826,0.3125,0.7142857142857143,0.0,0.6666666666666666,0.49649380140473764,0.6666666666666666,0.5331676324863313,1.0,0.9848743780206483,0.0003333333333333333,0.9996666666666667,1.0,0.7453206322707843,0.7786191517539263,0.8119176712370682,1
4146,0.37605870384877116,0.1,0.9879858657243816,0.10351487060641174,0.5,1.0,0.0,0.6666666666666666,0.10746875067898687,0.0,0.17353663279428022,0.9973324441480493,0.9764810357037994,0.0,0.9983333333333333,1.0,0.8995796077228742,0.9301479360124831,0.9607162643020921,1
4147,0.19912658694347096,0.1,0.9519434628975265,0.10351487060641174,0.46875,1.0,0.0,0.6666666666666666,0.08669387852653854,0.0,0.24017776684455072,0.9993331110370124,0.9852924328597915,0.0,0.991,1.0,0.9366597970358448,0.9534030574418321,0.9701463178478194,1
4148,0.08149498378676212,0.0,0.9371024734982332,0.10351487060641174,0.5625,1.0,0.0,0.6666666666666666,0.07897149407651627,0.0,0.20299805913601388,0.9909969989996665,0.9717785945258486,0.0,0.9943333333333333,1.0,0.87645897431058,0.9157407953933281,0.9550226164760763,1
4149,0.22321622279781272,0.1,0.9674911660777386,0.10351487060641174,0.4375,1.0,0.0,0.6666666666666666,0.10262439979547422,0.0,0.27271536713642475,0.9976658886295432,0.980220839596819,0.0,0.996,1.0,0.8617014168939383,0.9073326390365811,0.9529638611792239,1
4150,0.4802253705154378,0.3,0.9978798586572438,0.320855614973262,0.5,0.8571428571428571,0.0,0.6666666666666666,0.1911655497677167,0.5,0.6803630110898162,1.0,0.9933786844698745,0.0003333333333333333,1.0,1.0,0.8478373713286914,0.9216970695036084,0.9955567676785253,1
4151,0.06374338553980785,0.0,0.9526501766784452,0.10351487060641174,0.5625,1.0,0.0,0.6666666666666666,0.07656505181545903,0.0,0.12230349382201355,0.9863287762587529,0.9605426653037845,0.0,0.9923333333333333,1.0,0.9168978699542898,0.9311144264119069,0.945330982869524,1
4152,0.09213046820332504,0.0,0.9371024734982332,0.10351487060641174,0.5625,1.0,0.0,0.6666666666666666,0.07690850562879037,0.0,0.10459073663659235,0.9899966655551851,0.9687115153993598,0.0,0.993,1.0,0.9378452959202831,0.9566450500483024,0.9754448041763217,1
4153,0.19321704634685477,0.0,0.9681978798586572,0.10351487060641174,0.625,1.0,0.0,0.6666666666666666,0.09042422551452822,0.0,0.10149063095671718,0.9886628876292097,0.9555672540803033,0.0,0.9956666666666667,1.0,0.8941780817859871,0.9162574534866661,0.9383368251873451,1
4154,0.1055373082816512,0.1,0.9703180212014134,0.10351487060641174,0.75,1.0,0.0,0.6666666666666666,0.09692953222149647,0.0,0.2946209058565642,0.9989996665555185,0.9896397404822062,0.0,0.9976666666666667,1.0,0.9583511866681634,0.9673193868040991,0.9762875869400348,1
4155,0.09164841939276225,0.0,0.9371024734982332,0.10351487060641174,0.5625,1.0,0.0,0.6666666666666666,0.087732525656811,0.0,0.3152057121181655,0.9966655551850617,0.9752029162591875,0.0,0.995,1.0,0.9201652004466928,0.9310272612989976,0.9418893221513023,1
4156,0.32974966950983087,0.3,0.9985865724381625,0.4035087719298246,0.53125,0.8571428571428571,0.0,0.6666666666666666,0.27510480422877026,0.0,0.459173036063549,0.9996665555185061,0.9817907695959055,0.0,0.999,1.0,0.8466411260581236,0.8857441994791976,0.9248472729002716,1
4157,0.07936838553980785,0.0,0.9371024734982332,0.10351487060641174,0.5625,1.0,0.0,0.6666666666666666,0.07586047064107082,0.0,0.2067455744458817,0.9906635545181727,0.967981567840557,0.0,0.9866666666666667,1.0,0.9318505607107308,0.9371827320670196,0.9425149034233083,1
4158,0.06374338553980785,0.0,0.984452296819788,0.10351487060641174,0.59375,1.0,0.0,0.6666666666666666,0.07755167344503633,0.0,0.03183285442891115,0.9933311103701233,0.9703025454335655,0.0,0.9943333333333333,1.0,0.892386336002494,0.9041125748310448,0.9158388136595957,1
4159,0.24886106406765407,0.0,0.9703180212014134,0.10351487060641174,0.53125,1.0,0.0,0.6666666666666666,0.14124588145796158,0.0,0.19222467443648816,0.9966655551850617,0.9810329545264677,0.0,0.9983333333333333,1.0,0.8944692415114237,0.9407152488592332,0.9869612562070426,1
4160,0.06374338553980785,0.1,0.9646643109540636,0.10351487060641174,0.59375,1.0,0.0,0.6666666666666666,0.077139164526285,0.0,0.18139736036821164,0.9983327775925308,0.9879583751509106,0.0,0.9936666666666667,1.0,0.8998252259727139,0.9142123034299354,0.9285993808871571,1
4161,0.1492275682599934,0.2,0.9908127208480565,0.10351487060641174,0.53125,1.0,0.0,0.6666666666666666,0.09449145210611964,0.0,0.38698369265109633,0.9993331110370124,0.9904756467567741,0.0,0.996,1.0,0.8674826015266067,0.9043774060092278,0.9412722104918488,1
4162,0.08149498378676212,0.0,0.9787985865724381,0.10351487060641174,0.875,1.0,0.0,0.6666666666666666,0.07967086760811992,0.0,0.09835120598922675,0.9903301100366789,0.9735976278303502,0.0,0.9943333333333333,1.0,0.8709732132169107,0.9111176273095877,0.9512620414022647,1
4163,0.1746188988319315,0.2,0.9929328621908127,0.2575250836120402,0.71875,1.0,0.0,0.6666666666666666,0.14106324893493505,0.5,0.24730942063195782,0.9996665555185061,0.9878920728030139,0.0,0.9993333333333333,1.0,0.7803502150895475,0.8779538730960822,0.9755575311026169,1
4164,0.06762227384288833,0.0,0.9371024734982332,0.10351487060641174,0.5625,1.0,0.0,0.6666666666666666,0.07864298275231374,0.0,0.059345261317092834,0.9856618872957652,0.9583932092867403,0.0,0.9933333333333333,1.0,0.9347084309457598,0.9667385914126068,0.9987687518794536,1
4165,0.2475682196260799,0.3,0.9992932862190813,0.5217391304347826,0.28125,0.7142857142857143,0.0,0.6666666666666666,0.4110433257126188,1.0,0.7474922463527186,1.0,0.9946470157674315,0.0003333333333333333,1.0,1.0,0.7553098157082845,0.7824276371250248,0.8095454585417652,1
4166,0.21757099996508988,0.1,0.9526501766784452,0.10351487060641174,0.5625,1.0,0.0,0.6666666666666666,0.07803443851539149,0.0,0.18803715478895122,0.9969989996665555,0.9763165029101725,0.0,0.9966666666666667,1.0,0.9088527002630349,0.937028794937769,0.9652048896125032,1
4167,0.38765908263664994,0.2,0.9957597173144876,0.10351487060641174,0.6875,1.0,0.0,0.6666666666666666,0.10894964584026323,0.5,0.4929234346505791,0.9996665555185061,0.9932361217574266,0.0,0.9993333333333333,1.0,0.9160001218900554,0.9538991931375946,0.9917982643851339,1
4168,0.10324157931443612,0.0,0.9717314487632509,0.10351487060641174,0.59375,1.0,0.0,0.6666666666666666,0.07831919939225473,0.0,0.14415816842424511,0.9963321107035679,0.9827806725599384,0.0,0.9966666666666667,1.0,0.9599028936419143,0.971394033064211,0.9828851724865076,1
4169,0.41545269003428,0.4,0.995053003533569,0.2575250836120402,0.71875,1.0,0.0,0.6666666666666666,0.30954275893200267,0.3333333333333333,0.6891901068431676,1.0,0.9930083277117255,0.0003333333333333333,0.9986666666666667,1.0,0.7391769051018323,0.8656409218989429,0.9921049386960537,1
4170,0.06374338553980785,0.0,0.9526501766784452,0.10351487060641174,0.5625,1.0,0.0,0.6666666666666666,0.07644749212934965,0.0,0.07191779038095802,0.9813271090363455,0.9531053224834132,0.0,0.9883333333333333,1.0,0.9102676906425907,0.9141893632752895,0.9181110359079883,1
4171,0.19543844502003493,0.0,0.9674911660777386,0.10351487060641174,0.4375,1.0,0.0,0.6666666666666666,0.10932276870780155,0.0,0.1542317031992383,0.9929976658886296,0.9749194465386137,0.0,0.9956666666666667,1.0,0.8872808733739694,0.9075828265156145,0.9278847796572595,1
4172,0.23804375637534636,0.2,0.9978798586572438,0.10351487060641174,0.78125,1.0,0.0,0.6666666666666666,0.09326925639566563,0.0,0.20237645951331562,0.9996665555185061,0.9921140245272042,0.0,0.9983333333333333,1.0,0.9711142952706338,0.9762336877915645,0.9813530803124951,1
4173,0.2893536699481155,0.6,0.9985865724381625,0.2575250836120402,0.53125,1.0,0.0,0.6666666666666666,0.21333772291450837,0.0,0.3789858233688588,0.9993331110370124,0.9907748352468961,0.0,0.9996666666666667,1.0,0.7732606627251831,0.8011000489396507,0.8289394351541182,1
4174,0.26574869033028026,0.2,0.995053003533569,0.10351487060641174,0.46875,1.0,0.0,0.6666666666666666,0.1468312116820264,0.0,0.2878182925145829,0.9986662220740247,0.98725174898099,0.0,0.999,1.0,0.8574053003535955,0.8805655568853645,0.9037258134171335,1
4175,0.21995992027680433,0.2,0.9893992932862191,0.10351487060641174,0.375,1.0,0.0,0.6666666666666666,0.11597794529870031,0.0,0.3502408619854286,0.9993331110370124,0.9847661572884295,0.0,0.9996666666666667,1.0,0.9121340195386651,0.9340128763076788,0.9558917330766925,1
4176,0.4888538528249776,0.5,0.9943462897526502,0.2575250836120402,0.46875,1.0,0.0,0.6666666666666666,0.2794075909221472,0.0,0.20704654273423173,0.9993331110370124,0.984377861802182,0.0,0.999,1.0,0.759738371607723,0.8550373312205457,0.9503362908333683,1
4177,0.70795269003428,0.9,1.0,0.8983050847457628,0.25,0.5714285714285714,0.0,0.6666666666666666,0.9668720854196408,1.0,0.6013132271838402,1.0,0.9805637706617708,0.09233333333333334,1.0,1.0,0.6996102384967355,0.7528747325593532,0.8061392266219708,1
4178,0.12267472933832435,0.1,0.9971731448763251,0.10351487060641174,0.65625,1.0,0.0,0.6666666666666666,0.09706317113719887,0.0,0.3928659646190553,0.9986662220740247,0.9909873481101044,0.0,0.997,1.0,0.8224849265058751,0.9023596256996151,0.982234324893355,1
4179,0.30054375637534636,0.3,0.9908127208480565,0.10351487060641174,0.5625,1.0,0.0,0.6666666666666666,0.1479053453597181,0.0,0.2887095756063024,0.9983327775925308,0.9850243467589098,0.0,0.9986666666666667,1.0,0.9026630469933031,0.9341727258653982,0.9656824047374933,1
4180,0.30047091255250247,0.3,0.9971731448763251,0.10351487060641174,0.59375,1.0,0.0,0.6666666666666666,0.1369680866576135,0.0,0.4170963212454787,0.9993331110370124,0.9940335873749986,0.0,0.9993333333333333,1.0,0.8322787417635524,0.8803260479835345,0.9283733542035166,1
4181,0.45522537051543777,0.2,0.9971731448763251,0.10351487060641174,0.75,1.0,0.0,0.6666666666666666,0.13374273545446513,0.0,0.12744395651383134,0.9986662220740247,0.9815162630370085,0.0,0.999,1.0,0.8876978527452878,0.9368989333656343,0.986100013985981,1
4182,0.14739986945772965,0.0,0.9681978798586572,0.10351487060641174,0.5,1.0,0.0,0.6666666666666666,0.1535282279710135,0.0,0.10367224231320649,0.9939979993331111,0.9526778357251919,0.0,0.997,1.0,0.8014562650124847,0.8146852738430921,0.8279142826736995,1
4183,0.4006799159699833,0.2,0.9929328621908127,0.10351487060641174,0.5625,1.0,0.0,0.6666666666666666,0.13016750270633637,0.5,0.15962757026584307,0.9996665555185061,0.9910738991026934,0.0006666666666666666,0.998,1.0,0.8819788226834366,0.9370005310857605,0.9920222394880845,1
4184,0.30047091255250247,0.2,0.9943462897526502,0.10351487060641174,0.53125,1.0,0.0,0.6666666666666666,0.12120178354790223,0.0,0.3100591007989917,0.9989996665555185,0.9830754395535564,0.0,0.9986666666666667,1.0,0.8354535102809492,0.8895265399780485,0.9435995696751478,1
4185,0.08874338553980787,0.0,0.9526501766784452,0.10351487060641174,0.5625,1.0,0.0,0.6666666666666666,0.0772999619870085,0.0,0.15597744001494962,0.9946648882960987,0.9791810978975226,0.0,0.994,1.0,0.9025410587229268,0.9047827966532698,0.9070245345836129,1
4186,0.29133532591674727,0.3,0.995053003533569,0.320855614973262,0.46875,0.8571428571428571,0.0,0.6666666666666666,0.4830775150349641,0.3333333333333333,0.5298904835559315,1.0,0.984782560053326,0.0,0.9986666666666667,1.0,0.8095627773428258,0.8146865502404552,0.8198103231380847,1
4187,0.12105306811092831,0.1,0.9724381625441696,0.10351487060641174,0.53125,1.0,0.0,0.6666666666666666,0.07929118805903579,0.5,0.3508062525551391,0.9993331110370124,0.9888903338001657,0.0003333333333333333,0.9963333333333333,1.0,0.8806270465694477,0.8953924456915165,0.9101578448135854,1
4188,0.07722018388377883,0.1,0.9915194346289753,0.10351487060641174,0.6875,1.0,0.0,0.6666666666666666,0.12243003363736615,0.0,0.14669514063187994,0.9979993331110371,0.9675688943980101,0.0,0.9983333333333333,1.0,0.7929583814314389,0.8824799873340679,0.9720015932366969,1
4189,0.2682170463468547,0.0,0.9879858657243816,0.10351487060641174,0.5,1.0,0.0,0.6666666666666666,0.10752131432274414,0.0,0.1478749175311863,0.9953317772590864,0.9714796044265984,0.0,0.9976666666666667,1.0,0.8987418149701949,0.9280414097537193,0.9573410045372438,1
4190,0.22153734611893605,0.1,0.9908127208480565,0.10351487060641174,0.6875,1.0,0.0,0.6666666666666666,0.10390691678559916,0.0,0.29975114855043805,0.9993331110370124,0.9879247813738792,0.0,0.9986666666666667,1.0,0.9276992016088136,0.9311204322452775,0.9345416628817415,1
4191,0.23846794240420244,0.1,0.9858657243816255,0.320855614973262,0.28125,0.8571428571428571,0.0,0.6666666666666666,0.3234368766074417,0.0,0.3952508721748399,0.9986662220740247,0.9748327597140809,0.0,0.9993333333333333,1.0,0.8295551161707772,0.8946668078219151,0.959778499473053,1
4192,0.06374338553980785,0.0,0.984452296819788,0.10351487060641174,0.59375,1.0,0.0,0.6666666666666666,0.07882570920133491,0.0,0.040699858374613096,0.9956652217405801,0.9774471449174919,0.0,0.9966666666666667,1.0,0.8854057550250528,0.8948040177297667,0.9042022804344805,1
4193,0.22668844502003493,0.0,0.9674911660777386,0.10351487060641174,0.4375,1.0,0.0,0.6666666666666666,0.10292309827700297,0.0,0.18836777299121055,0.9949983327775925,0.9812327372700073,0.0,0.9933333333333333,1.0,0.8825440827794999,0.9114369634046606,0.9403298440298212,1
4194,0.29352646810805805,0.2,0.9936395759717315,0.10351487060641174,0.78125,1.0,0.0,0.6666666666666666,0.10594086609534759,0.5,0.4448457644600886,0.9996665555185061,0.9961499253470699,0.0003333333333333333,0.9996666666666667,1.0,0.8343456783574809,0.9037510500843764,0.9731564218112719,1
4195,0.29413349996509,0.4,0.9929328621908127,0.10351487060641174,0.6875,1.0,0.0,0.6666666666666666,0.11832812273447735,0.6666666666666666,0.8207973218251172,1.0,0.9975630440178491,0.0003333333333333333,1.0,1.0,0.9321668351048569,0.9464296272316748,0.9606924193584928,1
4196,0.1134299620503223,0.1,0.984452296819788,0.10351487060641174,0.5625,1.0,0.0,0.6666666666666666,0.09853975306585316,0.0,0.20047868959621162,0.9969989996665555,0.9830682013122488,0.0,0.9966666666666667,1.0,0.8173301799902485,0.8589791485250045,0.9006281170597605,1
4197,0.19912658694347096,0.0,0.9519434628975265,0.10351487060641174,0.46875,1.0,0.0,0.6666666666666666,0.08239670412642097,0.0,0.1116410650452263,0.9656552184061353,0.9381615481947264,0.0,0.9896666666666667,1.0,0.9548106367661077,0.9733838439913305,0.9919570512165532,1
4198,0.16172756825999335,0.3,0.9978798586572438,0.10351487060641174,0.59375,1.0,0.0,0.6666666666666666,0.1255313518002209,0.0,0.2284143291261721,0.9983327775925308,0.9833519089175362,0.0,0.9996666666666667,1.0,0.8251789573661115,0.8742015369356217,0.9232241165051321,1
4199,0.19321704634685477,0.0,0.9809187279151943,0.10351487060641174,0.46875,1.0,0.0,0.6666666666666666,0.13497724674610223,0.0,0.26687149395652254,0.995998666222074,0.9720461543460385,0.0,0.9973333333333333,1.0,0.8718732441439281,0.8787001519752802,0.8855270598066323,1
4200,0.24886106406765407,0.3,0.9929328621908127,0.10351487060641174,0.5625,1.0,0.0,0.6666666666666666,0.1728390022506494,0.0,0.299662512523874,0.9993331110370124,0.9887506421076152,0.0,0.999,1.0,0.87685272571142,0.9290607421259911,0.9812687585405623,1
4201,0.20520281803737728,0.3,0.9915194346289753,0.2575250836120402,0.4375,1.0,0.0,0.6666666666666666,0.15821937720578327,0.6666666666666666,0.4546459939680343,0.9996665555185061,0.9905501184674151,0.0,0.999,1.0,0.8029776595583655,0.8726099305407371,0.9422422015231088,1
4202,0.10717129520975577,0.1,0.9901060070671378,0.10351487060641174,0.9375,1.0,0.0,0.6666666666666666,0.08295449207606986,0.0,0.24639830434426846,0.9989996665555185,0.9890240773823694,0.0,0.9986666666666667,1.0,0.9690872142441633,0.9734511519404222,0.9778150896366811,1
4203,0.22982986042430598,0.4,0.9978798586572438,0.2575250836120402,0.375,1.0,0.0,0.6666666666666666,0.14292264019427092,0.5,0.4066140524953491,0.9996665555185061,0.9779183602500504,0.0,0.999,1.0,0.8007594644434426,0.8175466859517826,0.8343339074601226,1
4204,0.35615273073432063,0.2,0.9957597173144876,0.4035087719298246,0.5,0.8571428571428571,0.0,0.6666666666666666,0.26697985986859873,0.0,0.27305016173989893,0.9993331110370124,0.9878143187200862,0.0,0.9993333333333333,1.0,0.8528040851299283,0.9261725431804269,0.9995410012309253,1
4205,0.5520906655464937,0.5,0.9992932862190813,0.4035087719298246,0.46875,0.8571428571428571,0.0,0.6666666666666666,0.2922266358606359,0.5,0.4865327475243132,0.9993331110370124,0.9836709208990784,0.0003333333333333333,1.0,1.0,0.8687707142932573,0.8970433655868995,0.9253160168805415,1
4206,0.35351253674686767,0.3,0.9943462897526502,0.5217391304347826,0.3125,0.7142857142857143,0.0,0.6666666666666666,0.7679667356396923,0.5,0.3308292594089174,0.9989996665555185,0.96577673275967,0.0003333333333333333,0.9993333333333333,1.0,0.7138869117276982,0.7722941669739174,0.8307014222201365,1
4207,0.06374338553980785,0.0,0.9371024734982332,0.10351487060641174,0.5625,1.0,0.0,0.6666666666666666,0.07651405483228069,0.0,0.05265325978336943,0.9886628876292097,0.9666122152732352,0.0,0.9926666666666667,1.0,0.9487465635417255,0.952384635845789,0.9560227081498526,1
4208,0.21757099996508988,0.1,0.9858657243816255,0.10351487060641174,0.6875,1.0,0.0,0.6666666666666666,0.08349077797782967,0.0,0.38276813265723664,0.9983327775925308,0.9840159913721859,0.0,0.998,1.0,0.8742463726135585,0.9291084338397323,0.9839704950659061,1
4209,0.1219789940368543,0.1,0.9886925795053003,0.10351487060641174,0.71875,1.0,0.0,0.6666666666666666,0.08845976965031233,0.0,0.20494433884138896,0.9973324441480493,0.9805329812535954,0.0,0.998,1.0,0.8407784095323928,0.8985230565984641,0.9562677036645355,1
4210,0.283425458007048,0.1,0.9908127208480565,0.10351487060641174,0.4375,1.0,0.0,0.6666666666666666,0.20295279087602602,0.0,0.2638312436191047,0.9973324441480493,0.9806635379668515,0.0,0.998,1.0,0.8449934228738473,0.8637998686831341,0.8826063144924208,1
4211,0.19321704634685477,0.0,0.9681978798586572,0.10351487060641174,0.625,1.0,0.0,0.6666666666666666,0.08973744473472767,0.0,0.18377952304568845,0.9903301100366789,0.9593804826539736,0.0,0.9956666666666667,1.0,0.9014373625059791,0.9197842030087815,0.9381310435115838,1
4212,0.11720926950104782,0.2,0.9936395759717315,0.10351487060641174,0.71875,1.0,0.0,0.6666666666666666,0.07715932512072132,0.5,0.23105373814208507,0.9993331110370124,0.9925380764993517,0.0,0.997,1.0,0.9030439247899628,0.9370469355788652,0.9710499463677676,1
4213,0.08149498378676212,0.0,0.9787985865724381,0.10351487060641174,0.875,1.0,0.0,0.6666666666666666,0.08003315521005505,0.0,0.036801598805870306,0.9903301100366789,0.9690817088510385,0.0,0.9936666666666667,1.0,0.868089471151664,0.9064593923652393,0.9448293135788146,1
4214,0.17186948470404395,0.2,1.0,0.2575250836120402,0.5625,1.0,0.0,0.6666666666666666,0.1381323585818699,0.5,0.45942878783491714,0.9996665555185061,0.988743477627528,0.0,0.9996666666666667,1.0,0.794728847919777,0.8880316514986002,0.9813344550774232,1
4215,0.16423488629274652,0.0,0.9681978798586572,0.10351487060641174,0.5,1.0,0.0,0.6666666666666666,0.1609164424480286,0.0,0.10558159359007246,0.9943314438146049,0.9480094946955635,0.0,0.9973333333333333,1.0,0.7984248183417071,0.812518800131514,0.8266127819213209,1
4216,0.2399376957692857,0.1,0.9929328621908127,0.10351487060641174,0.6875,1.0,0.0,0.6666666666666666,0.11179966892857529,0.0,0.42321980359453426,0.9993331110370124,0.9890087287595596,0.0,0.9983333333333333,1.0,0.9318081716383257,0.9561961860962218,0.9805842005541179,1
4217,0.451624827037177,0.3,0.9978798586572438,0.10351487060641174,0.59375,1.0,0.0,0.6666666666666666,0.22076542189798665,0.5,0.46207357213877354,0.9996665555185061,0.9935519321845738,0.0003333333333333333,0.9996666666666667,1.0,0.8724153045973482,0.9017167766510548,0.9310182487047614,1
4218,0.1261035731614334,0.1,0.9724381625441696,0.10351487060641174,0.53125,1.0,0.0,0.6666666666666666,0.0806958397725166,0.0,0.22722679483855968,0.9983327775925308,0.9817662835819153,0.0,0.997,1.0,0.8689156637616504,0.8946742815198078,0.9204328992779651,1
4219,0.09213046820332504,0.1,0.9717314487632509,0.10351487060641174,0.59375,1.0,0.0,0.6666666666666666,0.07768532824198038,0.0,0.02183337483522374,0.9979993331110371,0.9858891352320284,0.0,0.994,1.0,0.9528381565862486,0.9661018618013302,0.9793655670164116,1
4220,0.2786906095221995,0.2,0.9978798586572438,0.10351487060641174,0.71875,1.0,0.0,0.6666666666666666,0.12727124138293855,0.5,0.5445327827891865,1.0,0.9897399734299704,0.0003333333333333333,0.999,1.0,0.901988708413146,0.9337890073962138,0.9655893063792815,1
4221,0.21014432737297617,0.0,0.9674911660777386,0.10351487060641174,0.4375,1.0,0.0,0.6666666666666666,0.09371124925321572,0.0,0.13973488163144754,0.9966655551850617,0.9806970662720521,0.0,0.9966666666666667,1.0,0.8827308782631065,0.9222043652647645,0.9616778522664223,1
4222,0.419023497959758,0.5,0.995053003533569,0.320855614973262,0.46875,0.8571428571428571,0.0,0.6666666666666666,0.40344064433996984,0.0,0.4407627462997157,0.9989996665555185,0.9668395846362458,0.0,1.0,1.0,0.8055958938720127,0.8199628788262946,0.8343298637805765,1
4223,0.23405451644860642,0.1,0.9929328621908127,0.10351487060641174,0.71875,1.0,0.0,0.6666666666666666,0.08017070332230825,0.0,0.3436819222890223,0.9969989996665555,0.9860718601966971,0.0,0.9973333333333333,1.0,0.9078642382829328,0.9473645595805158,0.9868648808780989,1
4224,0.23846794240420244,0.2,0.995053003533569,0.320855614973262,0.4375,0.8571428571428571,0.0,0.6666666666666666,0.424214790894895,0.0,0.37302463193654267,0.9983327775925308,0.9707210510206028,0.0,0.9983333333333333,1.0,0.799975071931428,0.8921707582991909,0.9843664446669539,1
4225,0.06374338553980785,0.0,0.9646643109540636,0.10351487060641174,0.59375,1.0,0.0,0.6666666666666666,0.07733040712989248,0.0,0.22020606575103263,0.9949983327775925,0.9747469700810856,0.0,0.9953333333333333,1.0,0.8993483002205889,0.9067735991171935,0.9141988980137982,1
4226,0.06374338553980785,0.0,0.984452296819788,0.10351487060641174,0.59375,1.0,0.0,0.6666666666666666,0.07875967096817138,0.0,0.04242661562173167,0.9956652217405801,0.9783858100565543,0.0,0.9966666666666667,1.0,0.8860597354111823,0.8951147531748951,0.904169770938608,1
4227,0.42064808661899034,0.4,0.9879858657243816,0.10351487060641174,0.5625,1.0,0.0,0.6666666666666666,0.31125147563717026,0.0,0.12354445281441251,0.9989996665555185,0.9560656665057584,0.0,0.999,1.0,0.7739354218654739,0.833832736715082,0.89373005156469,1
4228,0.18258505464291486,0.1,0.9731448763250884,0.10351487060641174,0.59375,1.0,0.0,0.6666666666666666,0.08600383018140934,0.0,0.3064612722934965,0.9976658886295432,0.9812541165353026,0.0,0.998,1.0,0.853972567316787,0.9120226949015177,0.9700728224862484,1
4229,0.235426235007825,0.0,0.9929328621908127,0.10351487060641174,0.5,1.0,0.0,0.6666666666666666,0.13108876305173078,0.0,0.09744631229215261,0.9956652217405801,0.9797503757762009,0.0,0.9973333333333333,1.0,0.8998212102755343,0.9033206066480601,0.906820003020586,1
4230,0.2632040127856027,0.0,0.9957597173144876,0.4035087719298246,0.59375,0.8571428571428571,0.0,0.6666666666666666,0.20281097251188174,0.0,0.14430019193768373,0.9966655551850617,0.9702619247634867,0.0,0.9993333333333333,1.0,0.8635288542847654,0.8957540921450677,0.92797933000537,1
4231,0.10324157931443612,0.1,0.9717314487632509,0.10351487060641174,0.59375,1.0,0.0,0.6666666666666666,0.07881483728848715,0.0,0.16687375803821303,0.9969989996665555,0.9812512906743214,0.0,0.997,1.0,0.961767710134959,0.9750016970221452,0.9882356839093315,1
4232,0.21014432737297617,0.0,0.9674911660777386,0.10351487060641174,0.4375,1.0,0.0,0.6666666666666666,0.09518820654696314,0.0,0.2615994589658692,0.9963321107035679,0.9841567792905033,0.0,0.9946666666666667,1.0,0.8795097474024226,0.9194095907415857,0.9593094340807488,1
4233,0.11720926950104782,0.3,0.9936395759717315,0.10351487060641174,0.71875,1.0,0.0,0.6666666666666666,0.07764556898203046,0.0,0.17161116380426844,0.9986662220740247,0.9899378807286562,0.0,0.9993333333333333,1.0,0.8987477802474839,0.9372250051162241,0.9757022299849641,1
4234,0.4990468196424157,0.4,0.9971731448763251,0.803030303030303,0.34375,0.42857142857142855,0.0,0.6666666666666666,0.9183111660004275,0.6666666666666666,0.6496058987731362,1.0,0.9808646711588244,0.0013333333333333333,0.9996666666666667,1.0,0.6959099978758876,0.7380411550400373,0.780172312204187,1
4235,0.07546380153665833,0.0,0.9908127208480565,0.10351487060641174,0.5625,1.0,0.0,0.6666666666666666,0.07739825392983068,0.0,0.25360955379640293,0.9966655551850617,0.9818475802107184,0.0,0.9943333333333333,1.0,0.9581963869395601,0.9629717179092374,0.9677470488789148,1
4236,0.29296591754750745,0.2,0.9703180212014134,0.10351487060641174,0.53125,1.0,0.0,0.6666666666666666,0.13322255441619224,0.0,0.3460962232479913,0.9993331110370124,0.9884911715015601,0.0,0.9996666666666667,1.0,0.8957529543643463,0.9161693001903783,0.9365856460164105,1
4237,0.4969664419440092,0.3,0.9964664310954063,0.10351487060641174,0.5,1.0,0.0,0.6666666666666666,0.28495738140859794,0.0,0.10565858372749115,0.9993331110370124,0.9914595547158814,0.0,0.9993333333333333,1.0,0.88237474574711,0.8899507300734284,0.897526714399747,1
4238,0.21757099996508988,0.1,0.9964664310954063,0.10351487060641174,0.8125,1.0,0.0,0.6666666666666666,0.08229368027558759,1.0,0.7722840390672298,1.0,0.9975466977827355,0.0003333333333333333,0.9993333333333333,1.0,0.8805225901300029,0.9312589283265401,0.9819952665230773,1
4239,0.11482831712009545,0.2,0.9787985865724381,0.10351487060641174,0.875,1.0,0.0,0.6666666666666666,0.08082148982344017,0.5,0.49988688379244284,0.9996665555185061,0.9932775619196618,0.0,0.999,1.0,0.8640764854410283,0.8961181051718682,0.928159724902708,1
4240,0.12267472933832435,0.1,0.976678445229682,0.10351487060641174,0.71875,1.0,0.0,0.6666666666666666,0.09766877429609966,0.3333333333333333,0.220878166711295,0.9993331110370124,0.995105880394888,0.0,0.9963333333333333,1.0,0.8207948569248779,0.899719426442095,0.9786439959593122,1
4241,0.19543844502003493,0.0,0.9674911660777386,0.10351487060641174,0.4375,1.0,0.0,0.6666666666666666,0.10647399438986316,0.0,0.09864217240122974,0.9916638879626543,0.9735036105546215,0.0,0.9936666666666667,1.0,0.8822470038904061,0.9082364293929205,0.9342258548954349,1
4242,0.2796375792191692,0.1,0.9985865724381625,0.10351487060641174,0.40625,1.0,0.0,0.6666666666666666,0.13402596293778368,0.0,0.1929105151926236,0.9976658886295432,0.9803290634829019,0.0,0.9986666666666667,1.0,0.8556707495058614,0.8851019935823938,0.9145332376589264,1
4243,0.10324157931443612,0.1,0.9717314487632509,0.10351487060641174,0.59375,1.0,0.0,0.6666666666666666,0.07915084351428547,0.0,0.2879153541655738,0.9969989996665555,0.9818773621142419,0.0,0.9966666666666667,1.0,0.9746415419676582,0.9759561716771314,0.9772708013866047,1
4244,0.22336547792333816,0.0,0.992226148409894,0.10351487060641174,0.625,1.0,0.0,0.6666666666666666,0.14897020261263427,0.0,0.05586968643482271,0.9966655551850617,0.9567180978887676,0.0,0.9976666666666667,1.0,0.7770073450144727,0.8473635042870862,0.9177196635596997,1
4245,0.4672045371821044,0.2,0.9971731448763251,0.10351487060641174,0.65625,1.0,0.0,0.6666666666666666,0.17460228645282272,0.5,0.4754092120987139,0.9996665555185061,0.9921713211513606,0.0,0.9986666666666667,1.0,0.9064757725278718,0.9134660645246508,0.9204563565214299,1
4246,0.2736851982667883,0.3,0.9943462897526502,0.10351487060641174,0.46875,1.0,0.0,0.6666666666666666,0.17350204968850103,0.0,0.3607256648146363,0.9986662220740247,0.9818409895265269,0.0,0.9983333333333333,1.0,0.8709382000232015,0.8772837513297232,0.883629302636245,1
4247,0.15378556549859812,0.2,0.9985865724381625,0.2575250836120402,0.9375,1.0,0.0,0.6666666666666666,0.1294865670274714,1.0,0.649998982625084,1.0,0.9949495868050736,0.0003333333333333333,0.9996666666666667,1.0,0.7901921490622216,0.887997126473608,0.9858021038849943,1
4248,0.22690436472124875,0.2,0.9858657243816255,0.10351487060641174,0.65625,1.0,0.0,0.6666666666666666,0.0952799597770807,0.5,0.6904516778008296,1.0,0.9963798048529036,0.0006666666666666666,0.998,1.0,0.9448821452312384,0.9481950523832072,0.9515079595351761,1
4249,0.19329805613261541,0.2,0.9915194346289753,0.10351487060641174,0.40625,1.0,0.0,0.6666666666666666,0.16425357790256578,0.0,0.03859406182763203,0.9989996665555185,0.9840394839571446,0.0,0.9993333333333333,1.0,0.814190374544883,0.8689944803050957,0.9237985860653086,1
4250,0.25406939740098733,0.4,0.9929328621908127,0.10351487060641174,0.5625,1.0,0.0,0.6666666666666666,0.16853309983761977,0.0,0.3886683109380532,0.9993331110370124,0.9862622295599546,0.0,0.9993333333333333,1.0,0.8763144957961835,0.9168406605555539,0.9573668253149243,1
4251,0.1408942349266601,0.2,0.9915194346289753,0.10351487060641174,0.625,1.0,0.0,0.6666666666666666,0.10830461972678118,0.5,0.3394103165034873,0.9989996665555185,0.9829445584568361,0.0,0.9996666666666667,1.0,0.8273426464203492,0.8902769253171845,0.9532112042140198,1
4252,0.7277078262024597,0.8,0.9992932862190813,0.6033057851239669,0.4375,0.5714285714285714,0.0,0.6666666666666666,0.6951486522171344,0.6666666666666666,0.6501471400525846,1.0,0.9910807339696219,0.0016666666666666668,1.0,1.0,0.8002590358804825,0.8928960843875258,0.9855331328945691,1
4253,0.15378556549859812,0.2,0.9929328621908127,0.2575250836120402,0.46875,1.0,0.0,0.6666666666666666,0.1379365947526764,0.0,0.3643917109346667,0.9983327775925308,0.9797162174559367,0.0,0.9996666666666667,1.0,0.7887054399719409,0.8936700030768332,0.9986345661817256,1
4254,0.09164841939276225,0.0,0.9915194346289753,0.10351487060641174,0.59375,1.0,0.0,0.6666666666666666,0.09292312307277129,0.0,0.2507267468843559,0.9963321107035679,0.9780649877952083,0.0,0.9976666666666667,1.0,0.9259524036911636,0.9338815715018185,0.9418107393124734,1
4255,0.22775199544020308,0.0,0.9802120141342756,0.10351487060641174,0.625,1.0,0.0,0.6666666666666666,0.08117381150928804,0.0,0.16048921103565628,0.995998666222074,0.9798625512143301,0.0,0.993,1.0,0.9309196370539685,0.9648014693101634,0.9986833015663583,1
4256,0.3330019925834139,0.3,0.9964664310954063,0.320855614973262,0.53125,0.8571428571428571,0.0,0.6666666666666666,0.22999724768985375,0.5,0.6319035012020358,1.0,0.9910970207119977,0.0003333333333333333,0.9993333333333333,1.0,0.829958954393907,0.858883163801949,0.8878073732099909,1
4257,0.09676329538365558,0.0,0.9865724381625441,0.2575250836120402,0.375,1.0,0.0,0.6666666666666666,0.12973422279971558,0.0,0.09873949423172723,0.9946648882960987,0.9610575882614378,0.0,0.998,1.0,0.7834623931858044,0.844020894889649,0.9045793965934938,1
4258,0.19834023073432072,0.0,0.9802120141342756,0.10351487060641174,0.625,1.0,0.0,0.6666666666666666,0.08097975903800725,0.0,0.21945141229659382,0.9946648882960987,0.976212844878943,0.0,0.9983333333333333,1.0,0.9128074124925635,0.9541600160556911,0.9955126196188189,1
4259,0.1261035731614334,0.1,0.9724381625441696,0.10351487060641174,0.53125,1.0,0.0,0.6666666666666666,0.08188577116722318,0.0,0.27195025270680684,0.9986662220740247,0.9842165810829911,0.0,0.9976666666666667,1.0,0.8622738611999654,0.8910979626657849,0.9199220641316045,1
4260,0.1890665361243964,0.1,0.9992932862190813,0.10351487060641174,1.0,1.0,0.0,0.6666666666666666,0.09788577166673573,0.0,0.4194521039064709,0.9996665555185061,0.981903126759343,0.0,0.998,1.0,0.828789116008186,0.8501025305021794,0.8714159449961728,1
4261,0.31489398947557945,0.3,0.995053003533569,0.10351487060641174,0.46875,1.0,0.0,0.6666666666666666,0.1518221635589414,0.3333333333333333,0.2883517340068906,0.9989996665555185,0.9920037759925991,0.0003333333333333333,0.999,1.0,0.8411029067979668,0.8753793188536743,0.9096557309093818,1
4262,0.13918729147906983,0.3,0.995053003533569,0.10351487060641174,0.875,1.0,0.0,0.6666666666666666,0.08125778358242108,0.0,0.479532975452041,0.9996665555185061,0.9924001869722259,0.0,1.0,1.0,0.8669023099999802,0.9204342635799934,0.9739662171600064,1
4263,0.217210423042013,0.0,0.9738515901060071,0.10351487060641174,0.59375,1.0,0.0,0.6666666666666666,0.09806658999248008,0.0,0.1373034414973292,0.9966655551850617,0.9759974037990052,0.0,0.9966666666666667,1.0,0.9467570322544563,0.9696560893429177,0.9925551464313791,1
4264,0.14378034083820102,0.2,0.995053003533569,0.10351487060641174,0.71875,1.0,0.0,0.6666666666666666,0.07980161063596902,0.0,0.3387725829702507,0.9996665555185061,0.9952544002804583,0.0,0.9973333333333333,1.0,0.8745896653556715,0.9025810573177259,0.9305724492797802,1
4265,0.19834023073432072,0.0,0.9936395759717315,0.10351487060641174,0.65625,1.0,0.0,0.6666666666666666,0.08002918093936573,0.0,0.16420694594281438,0.9929976658886296,0.9711335732550005,0.0,0.9973333333333333,1.0,0.8936806346930709,0.9344609051656817,0.9752411756382925,1
4266,0.09164841939276225,0.1,0.9915194346289753,0.10351487060641174,0.59375,1.0,0.0,0.6666666666666666,0.08974236327533824,0.0,0.4102299557696867,0.9996665555185061,0.9936383176478136,0.0,0.9986666666666667,1.0,0.9351709511081819,0.9365148484164066,0.9378587457246313,1
4267,0.07775953050387341,0.0,0.9795053003533569,0.10351487060641174,0.875,1.0,0.0,0.6666666666666666,0.08854506586631361,0.0,0.15221899421912632,0.9956652217405801,0.9754391989335228,0.0,0.997,1.0,0.9438857752888706,0.9506924078800093,0.957499040471148,1
4268,0.06374338553980785,0.0,0.9526501766784452,0.10351487060641174,0.5625,1.0,0.0,0.6666666666666666,0.0772400370796138,0.0,0.09327510230177616,0.9933311103701233,0.9752267689225056,0.0,0.99,1.0,0.8995634690391618,0.9054791735973969,0.911394878155632,1
4269,0.0962971348699917,0.1,0.9717314487632509,0.10351487060641174,0.59375,1.0,0.0,0.6666666666666666,0.07959722090197863,0.0,0.32029025147720136,0.9973324441480493,0.9815294769433875,0.0,0.9963333333333333,1.0,0.9683323122520873,0.9800665186647131,0.9918007250773389,1
4270,0.12496397202183218,0.1,0.9915194346289753,0.10351487060641174,0.875,1.0,0.0,0.6666666666666666,0.09995844419193212,0.0,0.3355316872001849,0.9973324441480493,0.9776094324939102,0.0,0.998,1.0,0.8434654974077765,0.8447970248338348,0.8461285522598931,1
4271,0.4936527307343207,0.6,1.0,0.4035087719298246,0.65625,0.8571428571428571,0.0,0.6666666666666666,0.3896559121998475,1.0,0.7197580581587071,1.0,0.9905285695233146,0.0006666666666666666,1.0,1.0,0.8317550255105639,0.9078731833885989,0.9839913412666338,1
4272,0.09676329538365558,0.0,0.9865724381625441,0.2575250836120402,0.375,1.0,0.0,0.6666666666666666,0.12688861320948674,0.0,0.0824627817214334,0.9949983327775925,0.964242911321993,0.0,0.9966666666666667,1.0,0.7854250965204927,0.8452177089084373,0.9050103212963818,1
4273,0.19321704634685477,0.1,0.9681978798586572,0.10351487060641174,0.625,1.0,0.0,0.6666666666666666,0.09480559278268685,0.0,0.14032760569192693,0.9989996665555185,0.9802042501157727,0.0,0.995,1.0,0.8987117111101575,0.9112273300550984,0.9237429490000392,1
4274,0.4707900780560942,0.2,0.9992932862190813,0.10351487060641174,0.5625,1.0,0.0,0.6666666666666666,0.25381902370984966,0.5,0.4079386998834048,0.9996665555185061,0.9913567856086015,0.0,0.9996666666666667,1.0,0.8256384757481937,0.8518002819131809,0.877962088078168,1
4275,0.11622106896541184,0.1,0.9901060070671378,0.10351487060641174,0.9375,1.0,0.0,0.6666666666666666,0.08453024057049263,0.0,0.40060708201148754,0.9969989996665555,0.9809763136367671,0.0,0.9973333333333333,1.0,0.9684345423689592,0.9692622729050664,0.9700900034411735,1
4276,0.21579325361013768,0.1,0.9738515901060071,0.10351487060641174,0.59375,1.0,0.0,0.6666666666666666,0.09671354268399435,0.0,0.2875574768347656,0.9989996665555185,0.9894904254490706,0.0,0.9986666666666667,1.0,0.9444219452969608,0.9580071002765822,0.9715922552562037,1
4277,0.0962971348699917,0.1,0.9717314487632509,0.10351487060641174,0.625,1.0,0.0,0.6666666666666666,0.08048735424193265,0.0,0.18189631146086926,0.9979993331110371,0.9832801545770725,0.0,0.998,1.0,0.968411871972361,0.9832606069852334,0.998109341998106,1
4278,0.06762227384288833,0.0,0.9851590106007068,0.10351487060641174,0.6875,1.0,0.0,0.6666666666666666,0.07824440099447727,0.0,0.15283639952438477,0.995998666222074,0.9811512434834747,0.0,0.9943333333333333,1.0,0.9039307515833326,0.9469310792590875,0.9899314069348425,1
4279,0.2599988845804745,0.2,0.9858657243816255,0.10351487060641174,0.65625,1.0,0.0,0.6666666666666666,0.09765316664630219,0.0,0.4155851072481811,0.9996665555185061,0.9919448503761006,0.0,0.9996666666666667,1.0,0.9100315692903638,0.9260368606930207,0.9420421520956778,1
4280,0.5520906655464937,0.3,1.0,0.10351487060641174,0.53125,1.0,0.0,0.6666666666666666,0.2420749734473927,0.5,0.6663854373470628,1.0,0.9931365014580114,0.0,0.9993333333333333,1.0,0.8796230066549359,0.9037426131562001,0.9278622196574643,1
4281,0.06374338553980785,0.0,0.9646643109540636,0.10351487060641174,0.59375,1.0,0.0,0.6666666666666666,0.07805445699577063,0.0,0.16285526781980808,0.9936645548516172,0.9731677573127244,0.0,0.9963333333333333,1.0,0.8933563762223203,0.9003893515911873,0.9074223269600542,1
4282,0.09213046820332504,0.1,0.9717314487632509,0.10351487060641174,0.625,1.0,0.0,0.6666666666666666,0.08335173803012041,0.5,0.4891770602476607,0.9996665555185061,0.9972257103838222,0.0003333333333333333,0.9976666666666667,1.0,0.9950646412956435,0.9972331113789363,0.999401581462229,1
4283,0.21835735617424024,0.0,0.9929328621908127,0.10351487060641174,0.625,1.0,0.0,0.6666666666666666,0.08706686177836453,0.0,0.2971654079565441,0.9966655551850617,0.9815471091020312,0.0,0.9916666666666667,1.0,0.9741324842938854,0.9745987383774943,0.9750649924611032,1
4284,0.3237854027216627,0.1,0.995053003533569,0.320855614973262,0.4375,0.8571428571428571,0.0,0.6666666666666666,0.3790378050965435,0.5,0.5662513002025196,1.0,0.9875138531851855,0.0,0.999,1.0,0.8014186939370587,0.8756203526692987,0.9498220114015388,1
4285,0.4311527307343207,0.6,1.0,0.4035087719298246,0.5,0.8571428571428571,0.0,0.6666666666666666,0.5074184032452949,0.5,0.5131093452266253,1.0,0.9885003683028273,0.0003333333333333333,1.0,1.0,0.8225799601742656,0.9034648018746844,0.9843496435751031,1
4286,0.1055373082816512,0.1,0.995053003533569,0.10351487060641174,0.625,1.0,0.0,0.6666666666666666,0.1001077206112212,0.0,0.3330321681417997,0.9979993331110371,0.9899606480818977,0.0,0.9986666666666667,1.0,0.9630464900058958,0.9632769522800748,0.9635074145542537,1
4287,0.24352621251569717,0.0,0.9703180212014134,0.10351487060641174,0.53125,1.0,0.0,0.6666666666666666,0.1428668296701977,0.0,0.1924030096643914,0.9956652217405801,0.980167156910862,0.0,0.9976666666666667,1.0,0.8964798584117076,0.9470164455853138,0.9975530327589199,1
4288,0.43677051949164436,0.6,0.9971731448763251,0.2575250836120402,0.5625,1.0,0.0,0.6666666666666666,0.4396210038466847,0.0,0.16510948337499876,0.9986662220740247,0.9730181196952769,0.0,0.9996666666666667,1.0,0.7698839222612521,0.8295292419203769,0.8891745615795017,1
4289,0.0983257953836556,0.1,0.9901060070671378,0.10351487060641174,0.59375,1.0,0.0,0.6666666666666666,0.08119097603038106,0.0,0.30498168038085827,0.9976658886295432,0.9781671815564458,0.0,0.998,1.0,0.8756089986779177,0.8836518786321916,0.8916947585864655,1
4290,0.13293831401256773,0.2,0.9681978798586572,0.10351487060641174,0.5,1.0,0.0,0.6666666666666666,0.10864259399326759,0.0,0.40345028454959264,0.9993331110370124,0.9808312203715394,0.0,0.999,1.0,0.8060226948379242,0.8545672527064359,0.9031118105749476,1
4291,0.14832579538365553,0.2,0.995053003533569,0.10351487060641174,0.71875,1.0,0.0,0.6666666666666666,0.08556529575319505,0.5,0.4817246090685784,0.9996665555185061,0.9933231416935494,0.0003333333333333333,0.999,1.0,0.8502134121122596,0.8749567586306192,0.8997001051489787,1
4292,0.09034954657016114,0.1,0.9943462897526502,0.10351487060641174,0.6875,1.0,0.0,0.6666666666666666,0.08902853498587615,0.0,0.24963028209088667,0.9979993331110371,0.9825943957422087,0.0,0.997,1.0,0.8529211103614249,0.9177192582086992,0.9825174060559734,1
4293,0.08078016857973047,0.0,0.9943462897526502,0.10351487060641174,0.6875,1.0,0.0,0.6666666666666666,0.08442021154541768,0.0,0.35312320434519173,0.9953317772590864,0.9706607809425303,0.0,0.9986666666666667,1.0,0.870782931993979,0.927890772841309,0.984998613688639,1
4294,0.08149498378676212,0.1,0.9787985865724381,0.10351487060641174,0.875,1.0,0.0,0.6666666666666666,0.07983705387852447,0.0,0.18651402389885607,0.9979993331110371,0.9845767350186154,0.0,0.9953333333333333,1.0,0.8724297647564695,0.9180899497847135,0.9637501348129573,1
4295,0.2893536699481155,0.6,1.0,0.2575250836120402,0.59375,1.0,0.0,0.6666666666666666,0.22149465554326886,0.5,0.6102691977577218,1.0,0.9964206063232202,0.0003333333333333333,0.9993333333333333,1.0,0.7735882781695287,0.7990974022618937,0.8246065263542589,1
4296,0.19912658694347096,0.0,0.9519434628975265,0.10351487060641174,0.46875,1.0,0.0,0.6666666666666666,0.08382917754378572,0.0,0.18024793983160214,0.991997332444148,0.9716971943703684,0.0,0.989,1.0,0.9399114649821173,0.9613605535334312,0.9828096420847451,1
4297,0.44251636709795705,0.6,0.9985865724381625,0.6033057851239669,0.3125,0.5714285714285714,0.0,0.6666666666666666,0.784690316023825,0.3333333333333333,0.49175085456177325,0.9996665555185061,0.9927241284423306,0.001,1.0,1.0,0.7947295032038048,0.8830750764462325,0.9714206496886602,1
4298,0.10879713486999165,0.3,0.9929328621908127,0.10351487060641174,0.625,1.0,0.0,0.6666666666666666,0.0880909281698915,0.0,0.2256175799814033,0.9979993331110371,0.9875827779968099,0.0,0.9983333333333333,1.0,0.9746063382608668,0.9813923210740996,0.9881783038873324,1
4299,0.06762227384288833,0.1,0.9371024734982332,0.10351487060641174,0.5625,1.0,0.0,0.6666666666666666,0.08247371227802935,0.0,0.2378491776063506,0.9986662220740247,0.9848374550685215,0.0,0.995,1.0,0.9175880123607706,0.9425559623708613,0.9675239123809518,1
4300,0.06762227384288833,0.0,0.9371024734982332,0.10351487060641174,0.5625,1.0,0.0,0.6666666666666666,0.08105305306892896,0.0,0.18014897478166703,0.9916638879626543,0.9677237072302247,0.0,0.996,1.0,0.9253505105509934,0.9508745447155595,0.9763985788801256,1
4301,0.2348837130135214,0.0,0.9879858657243816,0.10351487060641174,0.5625,1.0,0.0,0.6666666666666666,0.10862824200187071,0.0,0.19658498994956253,0.995998666222074,0.9737344891216588,0.0,0.9983333333333333,1.0,0.8955694957133604,0.9001633043384669,0.9047571129635735,1
4302,0.22775199544020308,0.1,0.9929328621908127,0.10351487060641174,0.71875,1.0,0.0,0.6666666666666666,0.07894493628652266,0.5,0.5675209720168511,1.0,0.9937409790055396,0.0,0.9986666666666667,1.0,0.929195671498967,0.9563012721658859,0.9834068728328048,1
4303,0.2599988845804745,0.0,0.9787985865724381,0.10351487060641174,0.6875,1.0,0.0,0.6666666666666666,0.08896293710340719,0.0,0.2423456657130727,0.995998666222074,0.9780415422648082,0.0,0.9966666666666667,1.0,0.9002285610803462,0.9345379642442757,0.9688473674082053,1
4304,0.07722018388377883,0.1,0.9681978798586572,0.10351487060641174,0.5,1.0,0.0,0.6666666666666666,0.11954430267478067,0.0,0.4590643418498258,0.9989996665555185,0.9799998466359341,0.0,0.9983333333333333,1.0,0.7934380867845059,0.8620199130352745,0.9306017392860431,1
4305,0.19543844502003493,0.3,0.9674911660777386,0.10351487060641174,0.4375,1.0,0.0,0.6666666666666666,0.12031033852796547,0.0,0.43780933042211545,0.9996665555185061,0.990262938810171,0.0,0.9996666666666667,1.0,0.8705770907280064,0.8955776537372414,0.9205782167464764,1
4306,0.39220453718210446,0.2,0.992226148409894,0.10351487060641174,0.59375,1.0,0.0,0.6666666666666666,0.13224837226966557,0.0,0.37014298863237916,0.9996665555185061,0.9921563866208809,0.0,0.9993333333333333,1.0,0.9259883454829473,0.9348945535002435,0.9438007615175398,1
4307,0.1774250402595995,0.2,0.9915194346289753,0.2575250836120402,0.4375,1.0,0.0,0.6666666666666666,0.1845354738784808,0.0,0.19193993894551953,0.9983327775925308,0.9773231190399817,0.0,0.9986666666666667,1.0,0.7800702827283688,0.8704217515265857,0.9607732203248028,1
4308,0.7280378705154378,1.0,1.0,0.9924012158054711,0.28125,0.2857142857142857,0.0,0.6666666666666666,0.9624717630947007,1.0,0.9033429994295413,1.0,0.9926491537528419,0.017,1.0,1.0,0.7556235469892767,0.8155661860539167,0.8755088251185567,1
4309,0.11395760366252272,0.0,0.9971731448763251,0.10351487060641174,0.71875,1.0,0.0,0.6666666666666666,0.08557205769841969,0.0,0.20969306044927583,0.9946648882960987,0.9775245176568311,0.0,0.9966666666666667,1.0,0.8638517276309113,0.9244048531467769,0.9849579786626425,1
4310,0.1742743048687505,0.1,0.9908127208480565,0.2575250836120402,0.34375,1.0,0.0,0.6666666666666666,0.13927114200150337,0.0,0.16906487255958802,0.9976658886295432,0.9774511911106503,0.0,0.997,1.0,0.7903298740356659,0.823272622866051,0.8562153716964359,1
4311,0.21244781557762393,0.1,0.992226148409894,0.10351487060641174,0.5,1.0,0.0,0.6666666666666666,0.09763454117915282,0.0,0.06482637491028953,0.9983327775925308,0.9799700378272003,0.0,0.998,1.0,0.9132656426867323,0.9208836761149236,0.928501709543115,1
4312,0.07722018388377883,0.0,0.976678445229682,0.10351487060641174,0.71875,1.0,0.0,0.6666666666666666,0.08918457432594362,0.0,0.08294642139311492,0.9966655551850617,0.9677927912917389,0.0,0.9986666666666667,1.0,0.8342906950227503,0.8810093008053238,0.9277279065878973,1
4313,0.3699823149598823,0.0,0.992226148409894,0.10351487060641174,0.59375,1.0,0.0,0.6666666666666666,0.1331885165180432,0.0,0.19051117709765453,0.9963321107035679,0.9796631859841884,0.0,0.9986666666666667,1.0,0.9244290044111408,0.9317167601014634,0.939004515791786,1
4314,0.22668844502003493,0.2,0.9858657243816255,0.10351487060641174,0.6875,1.0,0.0,0.6666666666666666,0.08837300172059237,0.3333333333333333,0.1468415878389665,0.9989996665555185,0.9934244006461762,0.0,0.996,1.0,0.8671094079441594,0.9305405113295067,0.9939716147148541,1
4315,0.4624027307343207,0.6,0.9978798586572438,0.4035087719298246,0.46875,0.8571428571428571,0.0,0.6666666666666666,0.5338010765245096,0.5,0.19898290420577747,0.9996665555185061,0.9882201965398357,0.0003333333333333333,0.9996666666666667,1.0,0.821499539996202,0.8979638648941592,0.9744281897921164,1
4316,0.3422045371821044,0.1,0.9985865724381625,0.10351487060641174,0.625,1.0,0.0,0.6666666666666666,0.11582902227302017,0.0,0.3214318172108602,0.9976658886295432,0.9800173129255186,0.0,0.998,1.0,0.9273647347191969,0.9441364780168686,0.9609082213145403,1
4317,0.11949056811092829,0.1,0.9971731448763251,0.10351487060641174,0.75,1.0,0.0,0.6666666666666666,0.09268338875248316,0.3333333333333333,0.413692590545771,0.9996665555185061,0.9931166289380259,0.0003333333333333333,0.9986666666666667,1.0,0.8321459423676523,0.8609580715478189,0.8897702007279855,1
4318,0.24678512586673462,0.1,0.9809187279151943,0.10351487060641174,0.46875,1.0,0.0,0.6666666666666666,0.15677740633630266,0.0,0.3557534022934258,0.9986662220740247,0.9804326993326418,0.0,0.9983333333333333,1.0,0.8540698245908093,0.8618656620399807,0.8696614994891522,1
4319,0.1218694847040439,0.0,0.9696113074204947,0.10351487060641174,0.46875,1.0,0.0,0.6666666666666666,0.12296886005879137,0.0,0.17835946142123993,0.9949983327775925,0.971444521654883,0.0,0.9963333333333333,1.0,0.8104516652154227,0.8925900088304697,0.9747283524455168,1
4320,0.08149498378676212,0.0,0.9915194346289753,0.10351487060641174,0.9375,1.0,0.0,0.6666666666666666,0.08590433016961851,0.0,0.26823413603586155,0.9953317772590864,0.9718284786293441,0.0,0.9966666666666667,1.0,0.8438500393395465,0.8993458929890283,0.9548417466385102,1
4321,0.07722018388377883,0.1,0.976678445229682,0.10351487060641174,0.71875,1.0,0.0,0.6666666666666666,0.08985364517600491,0.0,0.0904488279944563,0.9979993331110371,0.9707654320798588,0.0,0.9986666666666667,1.0,0.8326425941363983,0.8803190772928501,0.9279955604493019,1
4322,0.07546380153665833,0.0,0.9717314487632509,0.10351487060641174,0.59375,1.0,0.0,0.6666666666666666,0.08196271432053637,0.0,0.1232142731857705,0.9926642214071357,0.9709703315267832,0.0,0.9923333333333333,1.0,0.980333015388512,0.988585739167511,0.99683846294651,1
4323,0.4599581603705103,0.5,0.9992932862190813,0.320855614973262,0.4375,0.8571428571428571,0.0,0.6666666666666666,0.37865528717381636,0.0,0.39737484130615897,0.9993331110370124,0.9836168583857979,0.0,0.9996666666666667,1.0,0.8506237953805195,0.8787870010160657,0.9069502066516119,1
4324,0.07546380153665833,0.0,0.9717314487632509,0.10351487060641174,0.59375,1.0,0.0,0.6666666666666666,0.07964153056393175,0.0,0.22355145719348213,0.9943314438146049,0.9747350112185497,0.0,0.995,1.0,0.9786690098651685,0.9787160643722026,0.9787631188792368,1
4325,0.35615273073432063,0.2,0.9957597173144876,0.4035087719298246,0.5,0.8571428571428571,0.0,0.6666666666666666,0.2792129924531631,0.0,0.30747021528827645,0.9993331110370124,0.9897101507212921,0.0,0.9993333333333333,1.0,0.8502538497075585,0.9248122562907992,0.9993706628740401,1
4326,0.07775953050387341,0.0,0.9971731448763251,0.10351487060641174,0.90625,1.0,0.0,0.6666666666666666,0.09650080886340695,0.0,0.14430876127328862,0.995998666222074,0.981565770158655,0.0,0.9966666666666667,1.0,0.9378364675877771,0.9679736832897025,0.9981108989916279,1
4327,0.19912658694347096,0.0,0.9519434628975265,0.10351487060641174,0.46875,1.0,0.0,0.6666666666666666,0.07983507808630397,0.0,0.06068824883687429,0.9939979993331111,0.9737130895319452,0.0,0.9926666666666667,1.0,0.940452242162683,0.9661432238159633,0.9918342054692437,1
4328,0.235426235007825,0.0,0.9929328621908127,0.10351487060641174,0.5,1.0,0.0,0.6666666666666666,0.12996480135896715,0.0,0.029245109988474738,0.995998666222074,0.9796359254166888,0.0,0.9973333333333333,1.0,0.9015517877824604,0.9018257241913115,0.9020996606001627,1
4329,0.09213046820332504,0.1,0.9371024734982332,0.10351487060641174,0.5625,1.0,0.0,0.6666666666666666,0.07740663139507808,0.0,0.281786790305123,0.9973324441480493,0.9847800146490484,0.0,0.9933333333333333,1.0,0.9452407148881088,0.9628226247589857,0.9804045346298627,1
4330,0.17186948470404395,0.5,0.9992932862190813,0.2575250836120402,0.5,1.0,0.0,0.6666666666666666,0.2176662228020625,0.5,0.5144403210235731,1.0,0.9873795927065442,0.0,0.9996666666666667,1.0,0.7975578492023958,0.855596542926381,0.9136352366503662,1
4331,0.5520906655464937,0.3,0.9985865724381625,0.4035087719298246,0.40625,0.8571428571428571,0.0,0.6666666666666666,0.25532138054012965,0.5,0.6669481334564118,1.0,0.9931507503713222,0.0003333333333333333,0.9993333333333333,1.0,0.873720949488271,0.903419795077608,0.9331186406669449,1
4332,0.09922756825999335,0.1,0.9908127208480565,0.10351487060641174,0.53125,1.0,0.0,0.6666666666666666,0.10046852889850888,0.0,0.16521932537020168,0.9969989996665555,0.9770778054395223,0.0,0.997,1.0,0.8563087597355804,0.895345808168768,0.9343828566019555,1
4333,0.2348837130135214,0.1,0.9879858657243816,0.10351487060641174,0.5625,1.0,0.0,0.6666666666666666,0.10638863662846199,0.0,0.22577847934493633,0.9969989996665555,0.9778596693165112,0.0,0.9976666666666667,1.0,0.8991311907374433,0.9015407969967242,0.9039504032560051,1
4334,0.0962971348699917,0.1,0.9717314487632509,0.10351487060641174,0.625,1.0,0.0,0.6666666666666666,0.08030878623792681,0.0,0.15390208912323144,0.9976658886295432,0.9795124102931749,0.0,0.9976666666666667,1.0,0.9658528212301748,0.9817746833106573,0.9976965453911399,1
4335,0.08149498378676212,0.0,0.976678445229682,0.10351487060641174,0.71875,1.0,0.0,0.6666666666666666,0.09016541066557304,0.0,0.2779201555845493,0.9943314438146049,0.9644257931989375,0.0,0.997,1.0,0.831652636697486,0.8884758756569076,0.9452991146163291,1
4336,0.07775953050387341,0.0,0.9371024734982332,0.10351487060641174,0.5625,1.0,0.0,0.6666666666666666,0.08343745709800743,0.0,0.25508097145986797,0.9956652217405801,0.9782345608429136,0.0,0.9953333333333333,1.0,0.924582828804244,0.9429504681901213,0.9613181075759987,1
4337,0.0884556071762217,0.1,0.9681978798586572,0.10351487060641174,0.625,1.0,0.0,0.6666666666666666,0.08057628390376603,0.0,0.2839732562256764,0.9969989996665555,0.9808493885835131,0.0,0.998,1.0,0.9035796955775576,0.9444693594260483,0.9853590232745391,1
4338,0.7634221119167454,0.7,0.9992932862190813,0.6033057851239669,0.375,0.5714285714285714,0.0,0.6666666666666666,0.8403477923989255,1.0,0.7768232001817471,1.0,0.9939737316489861,0.0016666666666666668,1.0,1.0,0.7801482784426189,0.8629443094999318,0.9457403405572447,1
4339,0.235426235007825,0.0,0.9929328621908127,0.10351487060641174,0.5,1.0,0.0,0.6666666666666666,0.1305026660622315,0.0,0.02854647842356972,0.9956652217405801,0.9791353317466629,0.0,0.9973333333333333,1.0,0.9011157164396795,0.9015933347381249,0.9020709530365704,1
4340,0.30047091255250247,0.3,0.9971731448763251,0.10351487060641174,0.59375,1.0,0.0,0.6666666666666666,0.14081204131780323,0.0,0.17055853894841366,0.9986662220740247,0.9898384612253438,0.0,0.9996666666666667,1.0,0.8295664877797849,0.8783855259622273,0.9272045641446696,1
4341,0.29296591754750745,0.2,0.9929328621908127,0.10351487060641174,0.5625,1.0,0.0,0.6666666666666666,0.16812952631739986,0.5,0.38860020297696707,0.9993331110370124,0.9849862814298586,0.0,0.999,1.0,0.8790902766947992,0.8891286581540547,0.8991670396133101,1
4342,0.13999246205032223,0.1,0.9901060070671378,0.10351487060641174,0.59375,1.0,0.0,0.6666666666666666,0.08349865471098405,0.0,0.3538599224831751,0.9986662220740247,0.9847371791756371,0.0,0.998,1.0,0.8691772993236117,0.8750847351384886,0.8809921709533656,1
4343,0.09703403854877068,0.2,0.9681978798586572,0.10351487060641174,0.625,1.0,0.0,0.6666666666666666,0.08279856752279624,0.5,0.5887749050705169,1.0,0.9917508570591468,0.0003333333333333333,0.998,1.0,0.9018890592020017,0.9359348300484105,0.9699806008948193,1
4344,0.38765908263664994,0.2,0.9957597173144876,0.10351487060641174,0.84375,1.0,0.0,0.6666666666666666,0.09969059059107954,0.0,0.4521786216667796,0.9993331110370124,0.990503973015196,0.0,0.9983333333333333,1.0,0.9291451957969133,0.9634599251956044,0.9977746545942955,1
4345,0.22668844502003493,0.2,0.9978798586572438,0.10351487060641174,0.71875,1.0,0.0,0.6666666666666666,0.09547253703833336,0.0,0.4342862539845286,0.9996665555185061,0.9916229161421871,0.0,0.9986666666666667,1.0,0.8893794060764849,0.9214987258559376,0.9536180456353903,1
4346,0.21244781557762393,0.1,0.992226148409894,0.10351487060641174,0.5,1.0,0.0,0.6666666666666666,0.09967606447765998,0.0,0.29862665796788757,0.9979993331110371,0.978390361685223,0.0,0.9983333333333333,1.0,0.9093042240164493,0.9223920715141203,0.9354799190117914,1
4347,0.5755378705154377,0.6,1.0,0.4035087719298246,0.3125,0.8571428571428571,0.0,0.6666666666666666,0.49359569901473355,1.0,0.6898154268461982,1.0,0.9913946084111057,0.0006666666666666666,1.0,1.0,0.8493282791766681,0.8746713036045177,0.9000143280323675,1
4348,0.26574869033028026,0.2,0.995053003533569,0.10351487060641174,0.46875,1.0,0.0,0.6666666666666666,0.13791882333041772,0.0,0.19749551501605733,0.9973324441480493,0.9809609799027208,0.0,0.9983333333333333,1.0,0.856010283014956,0.8835383528808267,0.9110664227466974,1
4349,0.42064808661899034,0.5,0.9879858657243816,0.10351487060641174,0.5625,1.0,0.0,0.6666666666666666,0.3391666131286589,0.0,0.13762359177435934,0.9989996665555185,0.9614326225230515,0.0003333333333333333,0.999,1.0,0.7697526073417335,0.8314855596457875,0.8932185119498416,1
4350,0.18258505464291486,0.3,0.9964664310954063,0.10351487060641174,0.75,1.0,0.0,0.6666666666666666,0.08574482796901928,0.0,0.3249471442377564,0.9979993331110371,0.9842450166559971,0.0,0.9986666666666667,1.0,0.8513833898594437,0.9060836132993442,0.9607838367392445,1
4351,0.07775953050387341,0.0,0.9795053003533569,0.10351487060641174,0.875,1.0,0.0,0.6666666666666666,0.08648055118851228,0.0,0.017412166927829542,0.9953317772590864,0.9779909128319518,0.0,0.9963333333333333,1.0,0.9531312155992888,0.9562214418161791,0.9593116680330693,1
4352,0.1219789940368543,0.2,0.9731448763250884,0.10351487060641174,0.59375,1.0,0.0,0.6666666666666666,0.08353876937887084,0.0,0.1551443202550693,0.9983327775925308,0.9864564175038721,0.0,0.998,1.0,0.855793533311594,0.899560309816467,0.9433270863213399,1
4353,0.09164841939276225,0.1,0.9371024734982332,0.10351487060641174,0.5625,1.0,0.0,0.6666666666666666,0.0886573155725473,0.0,0.24793580555012407,0.9989996665555185,0.9887630819781806,0.0,0.9983333333333333,1.0,0.9394657706193115,0.9404498720648694,0.9414339735104273,1
4354,0.5201038528249776,0.4,0.9978798586572438,0.2575250836120402,0.3125,1.0,0.0,0.6666666666666666,0.48259441121027813,0.3333333333333333,0.3419611311887778,0.9993331110370124,0.9850148413631025,0.0,0.9993333333333333,1.0,0.7396721671956552,0.8359190566181127,0.9321659460405703,1
4355,0.22690436472124875,0.2,0.9858657243816255,0.10351487060641174,0.65625,1.0,0.0,0.6666666666666666,0.09641493534687384,0.0,0.2617110798942618,0.9983327775925308,0.9883985912426801,0.0,0.995,1.0,0.9425753186801763,0.9486302793438911,0.9546852400076059,1
4356,0.5201038528249776,0.5,0.9957597173144876,0.2575250836120402,0.46875,1.0,0.0,0.6666666666666666,0.5911333448568128,1.0,0.6146772517886574,1.0,0.9922792748409277,0.0006666666666666666,1.0,1.0,0.7450845373750272,0.8212172136357458,0.8973498898964644,1
4357,0.23405451644860642,0.1,0.9646643109540636,0.10351487060641174,0.59375,1.0,0.0,0.6666666666666666,0.07899022624825991,0.3333333333333333,0.3796690894578185,0.9996665555185061,0.989798211707281,0.0,0.9963333333333333,1.0,0.8856654785872938,0.9178639510509644,0.950062423514635,1
4358,0.12702949908735928,0.1,0.9915194346289753,0.10351487060641174,0.625,1.0,0.0,0.6666666666666666,0.08986318599403376,0.0,0.2851834714190008,0.9976658886295432,0.9865232718507868,0.0,0.9966666666666667,1.0,0.8334560657959962,0.8848572165910271,0.9362583673860582,1
4359,0.09925172130958149,0.0,0.9724381625441696,0.10351487060641174,0.53125,1.0,0.0,0.6666666666666666,0.08810775709565688,0.0,0.2840567070399106,0.9916638879626543,0.970685181248665,0.0,0.9966666666666667,1.0,0.8382552462856467,0.8782816350986552,0.9183080239116637,1
4360,0.7481335754640839,0.9,1.0,0.8591549295774648,0.21875,0.2857142857142857,0.0,0.6666666666666666,0.9315850696067166,1.0,0.7451717322052672,1.0,0.9846099224090115,0.0013333333333333333,1.0,1.0,0.7351454843930513,0.8491711901241814,0.9631968958553117,1
4361,0.23405451644860642,0.1,0.9936395759717315,0.10351487060641174,0.65625,1.0,0.0,0.6666666666666666,0.07970661831834747,1.0,0.5665977395034268,1.0,0.9921026343019058,0.0,0.9973333333333333,1.0,0.9019374696639734,0.940465038478044,0.9789926072921147,1
4362,0.8001457144012174,1.0,1.0,0.9924012158054711,0.15625,0.2857142857142857,0.0,0.6666666666666666,0.9737131326108284,1.0,0.8776689500289063,1.0,0.9893322090106359,0.06633333333333333,1.0,1.0,0.6988781733564143,0.8251938692499052,0.951509565143396,1
4363,0.09164841939276225,0.1,0.9915194346289753,0.10351487060641174,0.59375,1.0,0.0,0.6666666666666666,0.09196065007847998,0.0,0.28041633060185545,0.9969989996665555,0.9819998177833259,0.0,0.9973333333333333,1.0,0.9282939432030182,0.9334656758288817,0.9386374084547453,1
4364,0.11482831712009545,0.1,0.9787985865724381,0.10351487060641174,0.875,1.0,0.0,0.6666666666666666,0.08088153054440406,0.0,0.2871184235106684,0.9983327775925308,0.9864926767922636,0.0,0.9973333333333333,1.0,0.8634366725028407,0.8974941064817559,0.9315515404606709,1
4365,0.1903922268945315,0.2,0.9985865724381625,0.10351487060641174,0.8125,1.0,0.0,0.6666666666666666,0.10744718908266604,0.0,0.32943321650526236,0.9996665555185061,0.9837686878571543,0.0,0.999,1.0,0.8192859021899609,0.8964603558297924,0.973634809469624,1
4366,0.13999246205032223,0.2,0.9901060070671378,0.10351487060641174,0.59375,1.0,0.0,0.6666666666666666,0.08374111887663993,0.0,0.4006892451873011,0.9983327775925308,0.9872039246436631,0.0,0.9976666666666667,1.0,0.8661311541044665,0.874748304630914,0.8833654551573615,1
4367,0.19321704634685477,0.1,0.9681978798586572,0.10351487060641174,0.625,1.0,0.0,0.6666666666666666,0.09477685959207083,0.0,0.14052312096675823,0.9989996665555185,0.9802610711230445,0.0,0.9953333333333333,1.0,0.8968220649089852,0.910608651978146,0.9243952390473067,1
4368,0.06374338553980785,0.0,0.9526501766784452,0.10351487060641174,0.5625,1.0,0.0,0.6666666666666666,0.0760457440449318,0.0,0.052726428213107135,0.9773257752584195,0.9476218689343237,0.0,0.9876666666666667,1.0,0.9170277076315326,0.9215221190527815,0.9260165304740303,1
4369,0.3968920371821044,0.1,0.9929328621908127,0.10351487060641174,0.5625,1.0,0.0,0.6666666666666666,0.17090102086363712,0.5,0.4744166483846102,0.9993331110370124,0.991184654471397,0.0003333333333333333,0.9983333333333333,1.0,0.8792085638842061,0.9165809283039771,0.9539532927237481,1
4370,0.48314808661899034,0.9,1.0,0.5217391304347826,0.375,0.7142857142857143,0.0,0.6666666666666666,0.43459328028816213,1.0,0.5663956825719028,1.0,0.9748874980743691,0.003,1.0,1.0,0.7428785043738249,0.8392672293140753,0.9356559542543258,1
4371,0.3422045371821044,0.1,0.9908127208480565,0.10351487060641174,0.5625,1.0,0.0,0.6666666666666666,0.19083281368131677,0.0,0.2176538112129881,0.9973324441480493,0.9846668979003614,0.0,0.9973333333333333,1.0,0.9072702865181057,0.9097400938128699,0.9122099011076342,1
4372,0.19543844502003493,0.0,0.9957597173144876,0.10351487060641174,0.46875,1.0,0.0,0.6666666666666666,0.10110650491738515,0.0,0.21377061891714022,0.9963321107035679,0.9767114865579529,0.0,0.996,1.0,0.8596926800738948,0.9088071851481239,0.957921690222353,1
4373,0.10879713486999165,0.0,0.9929328621908127,0.10351487060641174,0.625,1.0,0.0,0.6666666666666666,0.0869398369593517,0.0,0.1888437243178126,0.995998666222074,0.9798066807369489,0.0,0.991,1.0,0.9758440893955427,0.9773221138096577,0.9788001382237727,1
4374,0.22775199544020308,0.0,0.9802120141342756,0.10351487060641174,0.625,1.0,0.0,0.6666666666666666,0.08116792907368697,0.0,0.21252670710072707,0.9933311103701233,0.9763667158696966,0.0,0.9956666666666667,1.0,0.9248528461288368,0.9622448126963057,0.9996367792637745,1
4375,0.37378602336761335,0.3,0.995053003533569,0.2575250836120402,0.71875,1.0,0.0,0.6666666666666666,0.2818151044151751,0.0,0.21177275121351125,0.9986662220740247,0.9782965403364561,0.0,0.999,1.0,0.737411962287432,0.8358517045209706,0.934291446754509,1
4376,0.07775953050387341,0.0,0.9703180212014134,0.10351487060641174,0.75,1.0,0.0,0.6666666666666666,0.09992364411568688,0.0,0.06313237934062577,0.9966655551850617,0.982786887009419,0.0,0.996,1.0,0.9353698525607104,0.9635210416797462,0.9916722307987819,1
4377,0.4599581603705103,0.3,0.9992932862190813,0.320855614973262,0.4375,0.8571428571428571,0.0,0.6666666666666666,0.4631782984773797,0.6666666666666666,0.5830847775248773,1.0,0.9900569954045518,0.0003333333333333333,0.9996666666666667,1.0,0.8500101378325688,0.8702285096518092,0.8904468814710497,1
4378,0.2632040127856027,0.1,0.9929328621908127,0.10351487060641174,0.5625,1.0,0.0,0.6666666666666666,0.16662624074749943,0.5,0.7725873997945167,1.0,0.9979137635307914,0.0003333333333333333,0.9986666666666667,1.0,0.8772504668941787,0.8986750804192254,0.9200996939442719,1
4379,0.2632040127856027,0.2,0.992226148409894,0.10351487060641174,0.6875,1.0,0.0,0.6666666666666666,0.10090406559012799,0.6666666666666666,0.5062217667003923,1.0,0.9935305673543497,0.0,0.9986666666666667,1.0,0.9059870026602548,0.9211878070640828,0.9363886114679107,1
4380,0.25278734611893605,0.2,0.9929328621908127,0.10351487060641174,0.5625,1.0,0.0,0.6666666666666666,0.16648872133196124,0.0,0.4428920626619298,0.9996665555185061,0.9911382310337048,0.0,1.0,1.0,0.8776331586175666,0.8969126078616708,0.916192057105775,1
4381,0.5279329351989513,0.3,0.9985865724381625,0.4035087719298246,0.65625,0.8571428571428571,0.0,0.6666666666666666,0.4461033452787787,0.6666666666666666,0.5229367733051388,1.0,0.9892554143711859,0.0,0.9996666666666667,1.0,0.8311532881565286,0.8366458028598892,0.8421383175632499,1
4382,0.0962971348699917,0.1,0.9717314487632509,0.10351487060641174,0.625,1.0,0.0,0.6666666666666666,0.08990386985468635,0.3333333333333333,0.7267654202410869,1.0,0.9972132302878448,0.0003333333333333333,0.996,1.0,0.9724876257159744,0.9859171847118082,0.9993467437076421,1
4383,0.12105306811092831,0.0,0.9646643109540636,0.10351487060641174,0.59375,1.0,0.0,0.6666666666666666,0.0784567167337491,0.0,0.10753523674542553,0.9953317772590864,0.975282622690478,0.0,0.9966666666666667,1.0,0.8878440488507966,0.8991909287453747,0.9105378086399527,1
4384,0.2348837130135214,0.3,0.9964664310954063,0.10351487060641174,0.5,1.0,0.0,0.6666666666666666,0.1124629504000797,0.0,0.2922819319792952,0.9979993331110371,0.9797286354349033,0.0,0.9976666666666667,1.0,0.890288463027388,0.8974422003264797,0.9045959376255714,1
4385,0.09925172130958149,0.0,0.9724381625441696,0.10351487060641174,0.53125,1.0,0.0,0.6666666666666666,0.08659303361879422,0.0,0.28401649624847825,0.991997332444148,0.9720874239042739,0.0,0.997,1.0,0.8427836842275163,0.8823361815213155,0.9218886788151147,1
4386,0.09922756825999335,0.1,0.9908127208480565,0.10351487060641174,0.53125,1.0,0.0,0.6666666666666666,0.09876872997822239,0.0,0.2535088691833507,0.9969989996665555,0.9790662914935826,0.0,0.997,1.0,0.8644522026249162,0.8980176785911154,0.9315831545573147,1
4387,0.41144774038400045,0.2,0.9978798586572438,0.8591549295774648,0.21875,0.2857142857142857,0.0,0.6666666666666666,0.4523838734872965,0.5,0.6585153344505956,1.0,0.9909950826642949,0.0003333333333333333,0.9996666666666667,1.0,0.7919184655626206,0.8558826856123603,0.9198469056620999,1
4388,0.6382571687610519,0.6,0.9978798586572438,0.6033057851239669,0.28125,0.5714285714285714,0.0,0.6666666666666666,0.8671138303941253,0.5,0.3051830663411771,0.9996665555185061,0.9884794074164842,0.002,0.9996666666666667,1.0,0.7815514942038791,0.8755790346690855,0.9696065751342917,1
4389,0.3552253705154379,0.1,0.9809187279151943,0.10351487060641174,0.46875,1.0,0.0,0.6666666666666666,0.11876326886513633,0.0,0.05879943822097089,0.9969989996665555,0.9735606480792593,0.0,0.999,1.0,0.8820585568144019,0.912883514169021,0.9437084715236402,1
4390,0.2348837130135214,0.2,0.9964664310954063,0.10351487060641174,0.5,1.0,0.0,0.6666666666666666,0.1120927491074366,0.0,0.26031745196872613,0.9976658886295432,0.9730659549548342,0.0,0.9986666666666667,1.0,0.889739117284671,0.9010222069715716,0.9123052966584723,1
4391,0.2920595934794188,0.2,0.9858657243816255,0.10351487060641174,0.65625,1.0,0.0,0.6666666666666666,0.10202676870566563,0.0,0.38370807027739284,0.9993331110370124,0.9925356388290326,0.0,0.9983333333333333,1.0,0.9354369926354386,0.957705817892603,0.9799746431497675,1
4392,0.0884556071762217,0.1,0.9943462897526502,0.10351487060641174,0.65625,1.0,0.0,0.6666666666666666,0.08011658377092556,0.0,0.27029757056601456,0.9993331110370124,0.9906092774718607,0.0,0.997,1.0,0.9097951647420456,0.9482155597962996,0.9866359548505534,1
4393,0.0962971348699917,0.1,0.9717314487632509,0.10351487060641174,0.625,1.0,0.0,0.6666666666666666,0.08114172667051378,0.5,0.506194959164977,1.0,0.9943083918658665,0.0003333333333333333,0.9976666666666667,1.0,0.9762736969127997,0.9877167851920747,0.9991598734713497,1
4394,0.3773568312930913,0.5,0.9957597173144876,0.320855614973262,0.59375,0.8571428571428571,0.0,0.6666666666666666,0.17187057499618874,1.0,0.5593502755537045,1.0,0.9843568705429087,0.0003333333333333333,1.0,1.0,0.8485274100142906,0.9055285036300684,0.9625295972458462,1
4395,0.14144748850534872,0.2,0.9915194346289753,0.10351487060641174,0.78125,1.0,0.0,0.6666666666666666,0.1480723255106744,0.3333333333333333,0.554327710638246,1.0,0.9896350295769201,0.0003333333333333333,0.9973333333333333,1.0,0.8142832680090469,0.8147617606959241,0.8152402533828013,1
4396,0.21579325361013768,0.1,0.9738515901060071,0.10351487060641174,0.59375,1.0,0.0,0.6666666666666666,0.0946442473350051,0.0,0.36336027227590095,0.9976658886295432,0.9832344651396895,0.0,0.9986666666666667,1.0,0.9497712760648529,0.9617193572375204,0.973667438410188,1
4397,0.1903922268945315,0.3,0.9985865724381625,0.10351487060641174,0.8125,1.0,0.0,0.6666666666666666,0.10409285374133181,0.5,0.43417719168880287,0.9996665555185061,0.989547121352891,0.0003333333333333333,0.999,1.0,0.8243140160343931,0.898571269751266,0.9728285234681388,1
4398,0.5919232782695741,0.7,0.9992932862190813,0.803030303030303,0.40625,0.42857142857142855,0.0,0.6666666666666666,0.6602420437975467,1.0,0.6867277099115056,1.0,0.9818509332954702,0.0003333333333333333,1.0,1.0,0.7029606410802962,0.8381241717703264,0.9732877024603566,1
4399,0.42349966950983087,0.5,0.9985865724381625,0.4035087719298246,0.65625,0.8571428571428571,0.0,0.6666666666666666,0.3109052711396483,1.0,0.6535270904839818,1.0,0.9959084089526704,0.0006666666666666666,0.9996666666666667,1.0,0.8415034819838351,0.8755354172171925,0.9095673524505501,1
4400,0.12105306811092831,0.1,0.9724381625441696,0.10351487060641174,0.53125,1.0,0.0,0.6666666666666666,0.0789675307367369,0.0,0.20777024262226518,0.9979993331110371,0.984182788680996,0.0,0.9963333333333333,1.0,0.8834949786753594,0.8965609845661223,0.9096269904568852,1
4401,0.11021104128529491,0.0,0.9681978798586572,0.10351487060641174,0.5,1.0,0.0,0.6666666666666666,0.1282332852353173,0.0,0.16526463084378062,0.9953317772590864,0.9626486621065833,0.0,0.9966666666666667,1.0,0.802397910143372,0.8293496702779737,0.8563014304125752,1
4402,0.19543844502003493,0.1,0.9674911660777386,0.10351487060641174,0.4375,1.0,0.0,0.6666666666666666,0.11942200977612172,0.0,0.3420150873393877,0.9983327775925308,0.9797302264704117,0.0,0.999,1.0,0.8666627325545521,0.895076292569967,0.923489852585382,1
4403,0.15378556549859812,0.1,0.9886925795053003,0.2575250836120402,0.6875,1.0,0.0,0.6666666666666666,0.2081785164646709,0.0,0.026691609504270963,0.9983327775925308,0.9699954356128756,0.0,0.999,1.0,0.7555598597247518,0.8665060283373351,0.9774521969499186,1
4404,0.23405451644860642,0.1,0.9802120141342756,0.10351487060641174,0.625,1.0,0.0,0.6666666666666666,0.08225068725931228,0.0,0.4530780014576753,0.9993331110370124,0.9898557594324665,0.0,0.9966666666666667,1.0,0.9052801257880272,0.9521154816020762,0.9989508374161251,1
4405,0.06374338553980785,0.1,0.9526501766784452,0.10351487060641174,0.5625,1.0,0.0,0.6666666666666666,0.0775705480002229,0.0,0.22070254070040296,0.9979993331110371,0.9814704070431054,0.0,0.9966666666666667,1.0,0.9232540842053827,0.9450841076602728,0.966914131115163,1
4406,0.08647065826708056,0.1,0.9526501766784452,0.10351487060641174,0.5625,1.0,0.0,0.6666666666666666,0.0767960117856703,0.0,0.391872792548866,0.9979993331110371,0.9872802225864289,0.0,0.9923333333333333,1.0,0.9066092429584928,0.9214501302225506,0.9362910174866084,1
4407,0.4255378705154379,0.1,0.9703180212014134,0.10351487060641174,0.53125,1.0,0.0,0.6666666666666666,0.24681552934493434,0.0,0.3488306237788148,0.9986662220740247,0.9816018699407294,0.0,0.9983333333333333,1.0,0.8939637918102056,0.8974899036717395,0.9010160155332735,1
4408,0.06762227384288833,0.0,0.9371024734982332,0.10351487060641174,0.5625,1.0,0.0,0.6666666666666666,0.07884538155582255,0.0,0.10931579982440998,0.9899966655551851,0.9670469351117964,0.0,0.9926666666666667,1.0,0.931450885821887,0.9637356758035251,0.9960204657851635,1
4409,0.12359034564820581,0.1,0.9901060070671378,0.10351487060641174,0.65625,1.0,0.0,0.6666666666666666,0.08781023668531174,0.0,0.33630070146007174,0.9986662220740247,0.9853064015256185,0.0,0.9986666666666667,1.0,0.8524053895726335,0.864925828238164,0.8774462669036945,1
4410,0.21244781557762393,0.2,0.9957597173144876,0.10351487060641174,0.625,1.0,0.0,0.6666666666666666,0.09768835272989695,0.0,0.15602633088831086,0.9986662220740247,0.98283819398718,0.0,0.9983333333333333,1.0,0.9118206841996904,0.9129567024941835,0.9140927207886765,1
4411,0.29101253674686767,0.4,0.9943462897526502,0.5217391304347826,0.3125,0.7142857142857143,0.0,0.6666666666666666,0.7235312577049882,0.0,0.27222569045546885,0.9989996665555185,0.9589256358140712,0.0,0.999,1.0,0.7135176949384219,0.7825792788564798,0.8516408627745379,1
4412,0.0962971348699917,0.0,0.9717314487632509,0.10351487060641174,0.625,1.0,0.0,0.6666666666666666,0.08763786643751126,0.0,0.09061063080920584,0.9916638879626543,0.9742686015558908,0.0,0.997,1.0,0.9865473515052541,0.9892172646266465,0.9918871777480389,1
4413,0.1219789940368543,0.1,0.9886925795053003,0.10351487060641174,0.71875,1.0,0.0,0.6666666666666666,0.08813905466071359,0.0,0.12146589507181582,0.9976658886295432,0.9813647416172341,0.0,0.9983333333333333,1.0,0.8422540088283055,0.9001693455787871,0.9580846823292689,1
4414,0.07775953050387341,0.0,0.9703180212014134,0.10351487060641174,0.75,1.0,0.0,0.6666666666666666,0.09701586478459456,0.0,0.060928650135259055,0.995998666222074,0.9802723686197796,0.0,0.9956666666666667,1.0,0.944590368204713,0.9674737596090781,0.9903571510134432,1
4415,0.24352621251569717,0.2,1.0,0.10351487060641174,0.875,1.0,0.0,0.6666666666666666,0.12982471998632505,0.5,0.9240235424634884,1.0,0.9993576227922609,0.0003333333333333333,0.999,1.0,0.9045444233602631,0.949502452352815,0.9944604813453671,1
4416,0.0884556071762217,0.1,0.9371024734982332,0.10351487060641174,0.5625,1.0,0.0,0.6666666666666666,0.07909711085225757,0.0,0.33027102423520305,0.9969989996665555,0.980082241423861,0.0,0.992,1.0,0.9249399959043954,0.9590374636712875,0.9931349314381798,1
4417,0.21995992027680433,0.3,0.9893992932862191,0.10351487060641174,0.375,1.0,0.0,0.6666666666666666,0.11753861804502952,0.0,0.16267143872509027,0.9989996665555185,0.9869358307084904,0.0,0.9993333333333333,1.0,0.9098810562790454,0.928110059579861,0.9463390628806766,1
4418,0.09676329538365558,0.1,0.9696113074204947,0.10351487060641174,0.46875,1.0,0.0,0.6666666666666666,0.10724855594918059,0.0,0.2589986210014976,0.9976658886295432,0.981303936938529,0.0,0.9973333333333333,1.0,0.8075215413699589,0.8882471146998657,0.9689726880297725,1
4419,0.25406939740098733,0.3,0.9929328621908127,0.10351487060641174,0.5625,1.0,0.0,0.6666666666666666,0.16089381859680474,0.0,0.3606011836542078,0.9986662220740247,0.983406540264879,0.0,0.9986666666666667,1.0,0.8794810978057099,0.9152842934515918,0.9510874890974736,1
4420,0.14277317927548394,0.3,0.9964664310954063,0.10351487060641174,0.75,1.0,0.0,0.6666666666666666,0.22447013081395428,0.0,0.22375844405285594,0.9996665555185061,0.9840888075838202,0.0,0.9996666666666667,1.0,0.7593883209790607,0.8768057215112728,0.9942231220434847,1
4421,0.5300360233676134,0.5,0.9985865724381625,0.803030303030303,0.34375,0.42857142857142855,0.0,0.6666666666666666,0.9003775426550886,0.5,0.3793046188164758,0.9996665555185061,0.9841560353741524,0.0,0.9996666666666667,1.0,0.7194165310763905,0.7885633771192802,0.8577102231621697,1
4422,0.32974966950983087,0.2,0.9985865724381625,0.4035087719298246,0.53125,0.8571428571428571,0.0,0.6666666666666666,0.27470579125145544,0.3333333333333333,0.5080077391720478,1.0,0.9881133358648999,0.0003333333333333333,0.9986666666666667,1.0,0.8464217078488621,0.8936293169003251,0.940836925951788,1
4423,0.17186948470404395,0.3,0.9943462897526502,0.10351487060641174,0.53125,1.0,0.0,0.6666666666666666,0.1248056454183647,0.5,0.6540287261526943,1.0,0.9935528911762764,0.0003333333333333333,0.9993333333333333,1.0,0.824831327970769,0.8874821841822775,0.9501330403937861,1
4424,0.19912658694347096,0.0,0.9519434628975265,0.10351487060641174,0.46875,1.0,0.0,0.6666666666666666,0.08341044134311648,0.0,0.09275242229383762,0.9909969989996665,0.9706159056370655,0.0,0.9903333333333333,1.0,0.9345408280267123,0.9598017522791784,0.9850626765316445,1
4425,0.1218694847040439,0.0,0.9696113074204947,0.10351487060641174,0.46875,1.0,0.0,0.6666666666666666,0.11716882655283423,0.0,0.22599532904200914,0.9946648882960987,0.9736128823989804,0.0,0.9953333333333333,1.0,0.8106667638705998,0.8987222519488021,0.9867777400270042,1
4426,0.1742743048687505,0.0,0.9908127208480565,0.2575250836120402,0.34375,1.0,0.0,0.6666666666666666,0.14774338315751856,0.0,0.19525568505002733,0.9963321107035679,0.9647557555131243,0.0,0.997,1.0,0.7844282931531892,0.8212387362225604,0.8580491792919317,1
4427,0.4624027307343207,0.7,0.9971731448763251,0.4035087719298246,0.3125,0.8571428571428571,0.0,0.6666666666666666,0.5623452377810363,1.0,0.7413640142935154,1.0,0.9956562551927702,0.001,1.0,1.0,0.820245486141635,0.8928527397177569,0.9654599932938789,1
4428,0.06374338553980785,0.0,0.9371024734982332,0.10351487060641174,0.5625,1.0,0.0,0.6666666666666666,0.0758310801549853,0.0,0.08322841470230802,0.9853284428142715,0.9600336585845805,0.0,0.9863333333333333,1.0,0.925757929455414,0.934023255479592,0.9422885815037699,1
4429,0.11915912871698897,0.0,0.9809187279151943,0.10351487060641174,0.78125,1.0,0.0,0.6666666666666666,0.08620993367474172,0.0,0.11958858871654099,0.9956652217405801,0.9777565911269875,0.0,0.9973333333333333,1.0,0.8508006474494378,0.8717216796529175,0.8926427118563971,1
4430,0.15058043729346993,0.1,0.9886925795053003,0.2575250836120402,0.6875,1.0,0.0,0.6666666666666666,0.18786983181788797,0.0,0.4456764767931616,0.9996665555185061,0.9886385167706369,0.0,0.999,1.0,0.7654787801679538,0.8820091687412366,0.9985395573145195,1
4431,0.2642348862927465,0.4,0.9978798586572438,0.2575250836120402,0.375,1.0,0.0,0.6666666666666666,0.3027054499673627,1.0,0.5535844916279,1.0,0.9921787005915033,0.0003333333333333333,0.9993333333333333,1.0,0.7751879186428737,0.7881653428189779,0.801142766995082,1
4432,0.19321704634685477,0.1,0.984452296819788,0.10351487060641174,0.53125,1.0,0.0,0.6666666666666666,0.11469787311285595,0.0,0.18641973080043306,0.9973324441480493,0.9858770285341554,0.0,0.9973333333333333,1.0,0.8583045609296225,0.8820158391327,0.9057271173357775,1
4433,0.21757099996508988,0.0,0.9526501766784452,0.10351487060641174,0.5625,1.0,0.0,0.6666666666666666,0.07781213953774702,0.0,0.1582754832464437,0.9943314438146049,0.970990903372982,0.0,0.9943333333333333,1.0,0.9083823958386219,0.9350474445920872,0.9617124933455525,1
4434,0.2399376957692857,0.1,0.9929328621908127,0.10351487060641174,0.6875,1.0,0.0,0.6666666666666666,0.11704113567806096,0.0,0.42053874318490203,0.9986662220740247,0.988976146632257,0.0,0.998,1.0,0.9248111076600873,0.9526692404062821,0.9805273731524768,1
4435,0.07546380153665833,0.0,0.9964664310954063,0.10351487060641174,0.5625,1.0,0.0,0.6666666666666666,0.08225542749239423,0.0,0.0879814620494529,0.9859953317772591,0.9580975342295129,0.0,0.991,1.0,0.9701784181917589,0.9835336001590633,0.9968887821263677,1
4436,0.15378556549859812,0.2,0.9886925795053003,0.2575250836120402,0.6875,1.0,0.0,0.6666666666666666,0.21224698666913833,0.5,0.4671033770129518,0.9996665555185061,0.9834176146682408,0.0003333333333333333,0.999,1.0,0.758590126596065,0.8787292586830795,0.9988683907700939,1
4437,0.3699823149598823,0.1,0.9703180212014134,0.10351487060641174,0.53125,1.0,0.0,0.6666666666666666,0.18761837677268767,0.0,0.3955970868431298,0.9993331110370124,0.9873719503463442,0.0,0.999,1.0,0.8869662281061786,0.919938939410679,0.9529116507151794,1
4438,0.3422045371821044,0.1,1.0,0.10351487060641174,0.59375,1.0,0.0,0.6666666666666666,0.20748382235910112,0.0,0.3165631499926106,0.9969989996665555,0.9769325065232181,0.0,0.9986666666666667,1.0,0.8990677393298686,0.9063491503203438,0.9136305613108189,1
4439,0.11942619717054004,0.0,0.9703180212014134,0.10351487060641174,0.75,1.0,0.0,0.6666666666666666,0.09354579214142644,0.0,0.1744414787091404,0.9949983327775925,0.9802496076225271,0.0,0.9966666666666667,1.0,0.9555842453010132,0.973483627869887,0.9913830104387608,1
4440,0.2348837130135214,0.3,0.9809187279151943,0.10351487060641174,0.46875,1.0,0.0,0.6666666666666666,0.11990747571387395,0.0,0.1568904757415286,0.9996665555185061,0.9914583660916982,0.0,0.998,1.0,0.8825390622459327,0.8847339346337401,0.8869288070215474,1
4441,0.2786906095221995,0.2,0.9703180212014134,0.10351487060641174,0.53125,1.0,0.0,0.6666666666666666,0.13536331202226737,0.5,0.3530217050388358,0.9993331110370124,0.9885156686105775,0.0,0.9986666666666667,1.0,0.8970028012381928,0.9369696781428043,0.9769365550474158,1
4442,0.06762227384288833,0.0,0.9371024734982332,0.10351487060641174,0.5625,1.0,0.0,0.6666666666666666,0.07755091184501561,0.0,0.19312882022875566,0.9839946648882961,0.9602210613123651,0.0,0.9923333333333333,1.0,0.92185428134959,0.9548945651189367,0.9879348488882832,1
4443,0.11021104128529491,0.0,0.992226148409894,0.10351487060641174,0.625,1.0,0.0,0.6666666666666666,0.1460554068854042,0.0,0.1706322584974005,0.9963321107035679,0.9547546926842204,0.0,0.9976666666666667,1.0,0.7797208071863005,0.841547486066253,0.9033741649462054,1
4444,0.8144694226079043,1.0,1.0,0.9924012158054711,0.4375,0.2857142857142857,0.0,0.6666666666666666,0.9463901978811652,1.0,0.8436655895923252,1.0,0.9888922099935141,0.004666666666666667,1.0,1.0,0.7484922938560399,0.8419747321631971,0.9354571704703543,1
4445,0.08149498378676212,0.0,0.9371024734982332,0.10351487060641174,0.5625,1.0,0.0,0.6666666666666666,0.07674180098043681,0.0,0.0658268458458473,0.991997332444148,0.9703475907971694,0.0,0.989,1.0,0.8993410229242513,0.9258435738856516,0.9523461248470521,1
4446,0.1217632953836556,0.1,0.995053003533569,0.2575250836120402,0.40625,1.0,0.0,0.6666666666666666,0.11443238027886637,0.0,0.17033016955468583,0.9969989996665555,0.976084758813951,0.0,0.9966666666666667,1.0,0.8016717675727898,0.8404367989303737,0.8792018302879576,1
4447,0.1774250402595995,0.3,0.9943462897526502,0.2575250836120402,0.5625,1.0,0.0,0.6666666666666666,0.20067401720946998,0.0,0.37356039204921243,0.9989996665555185,0.9829512113042483,0.0,0.9993333333333333,1.0,0.7730958224389746,0.8685639377178676,0.9640320529967606,1
4448,0.22775199544020308,0.1,0.9802120141342756,0.10351487060641174,0.625,1.0,0.0,0.6666666666666666,0.08065329667020293,0.0,0.22841243185711468,0.9976658886295432,0.9831920530185466,0.0,0.9973333333333333,1.0,0.9221943517158195,0.959142585837766,0.9960908199597124,1
4449,0.09213046820332504,0.0,0.9371024734982332,0.10351487060641174,0.5625,1.0,0.0,0.6666666666666666,0.07714105095644375,0.0,0.10309423897947168,0.9939979993331111,0.9762063811831745,0.0,0.9936666666666667,1.0,0.9425636847820794,0.9599713144408248,0.9773789440995702,1
4450,0.3461068312930913,0.6,0.9964664310954063,0.320855614973262,0.4375,0.8571428571428571,0.0,0.6666666666666666,0.15411386271015914,0.0,0.44414300731034684,0.9993331110370124,0.9884182830666826,0.0,0.999,1.0,0.8542261026182727,0.8908883923264598,0.9275506820346469,1
4451,0.23846794240420244,0.3,0.995053003533569,0.320855614973262,0.4375,0.8571428571428571,0.0,0.6666666666666666,0.3517910652819569,0.0,0.1644084486682439,0.9976658886295432,0.9722605143149328,0.0,0.9986666666666667,1.0,0.8069897068443772,0.8875230485218888,0.9680563901994004,1
4452,0.07936838553980785,0.0,0.9371024734982332,0.10351487060641174,0.5625,1.0,0.0,0.6666666666666666,0.07601133726924769,0.0,0.06462910135613387,0.9929976658886296,0.9707347149971736,0.0,0.987,1.0,0.933308421422442,0.9363738944113701,0.9394393674002982,1
4453,0.11211889883193149,0.2,0.9886925795053003,0.2575250836120402,0.6875,1.0,0.0,0.6666666666666666,0.16143313516520985,0.0,0.277413248632171,0.9976658886295432,0.9687505018605338,0.0,0.998,1.0,0.765977549193322,0.8423121153626418,0.9186466815319617,1
4454,0.3940234979597579,0.5,1.0,0.320855614973262,0.4375,0.8571428571428571,0.0,0.6666666666666666,0.714772444555712,1.0,0.7308983096050122,1.0,0.992997229504335,0.0003333333333333333,1.0,1.0,0.7885440502228134,0.7966797547080626,0.804815459193312,1
4455,0.19834023073432072,0.0,0.9787985865724381,0.10351487060641174,0.6875,1.0,0.0,0.6666666666666666,0.0846480114007594,0.0,0.17733530547630805,0.9949983327775925,0.974919942534809,0.0,0.9953333333333333,1.0,0.9066393364494313,0.945638466463891,0.9846375964783508,1
4456,0.5092335226893508,0.5,0.9978798586572438,0.4035087719298246,0.375,0.8571428571428571,0.0,0.6666666666666666,0.7220269026651296,1.0,0.6348784225252557,1.0,0.9921170308952167,0.0003333333333333333,1.0,1.0,0.8175390899367688,0.863914369557381,0.9102896491779933,1
4457,0.2632040127856027,0.1,0.992226148409894,0.4035087719298246,0.4375,0.8571428571428571,0.0,0.6666666666666666,0.19730293694692136,0.0,0.14652260268588646,0.9969989996665555,0.9708017375523446,0.0,0.9986666666666667,1.0,0.8651882978685943,0.8974272526116137,0.9296662073546331,1
4458,0.2682170463468547,0.3,0.992226148409894,0.10351487060641174,0.5,1.0,0.0,0.6666666666666666,0.10595359834117002,0.5,0.06645157349340436,0.9989996665555185,0.9833985147350893,0.0,0.9983333333333333,1.0,0.8984693016377184,0.919161492374446,0.9398536831111735,1
4459,0.3702006657962619,0.7,0.9964664310954063,0.2575250836120402,0.46875,1.0,0.0,0.6666666666666666,0.24180461498141004,1.0,0.8923269175351769,1.0,0.9970430288133492,0.0006666666666666666,1.0,1.0,0.7569335341426349,0.802563078828489,0.8481926235143431,1
4460,0.21835735617424024,0.1,0.995053003533569,0.10351487060641174,0.625,1.0,0.0,0.6666666666666666,0.09042526140653973,0.0,0.25717360109608833,0.9993331110370124,0.9913357278732566,0.0,0.9946666666666667,1.0,0.9611574113258611,0.9663452199417062,0.9715330285575513,1
4461,0.23405451644860642,0.1,0.9908127208480565,0.10351487060641174,0.78125,1.0,0.0,0.6666666666666666,0.0797449413732989,0.5,0.27519772151913235,0.9996665555185061,0.9951910975266739,0.0003333333333333333,0.9986666666666667,1.0,0.8834146946695898,0.9209833302109871,0.9585519657523845,1
4462,0.20520281803737728,0.3,0.9978798586572438,0.2575250836120402,0.3125,1.0,0.0,0.6666666666666666,0.16493083404174558,0.3333333333333333,0.6467906062344764,1.0,0.9943231784050635,0.0003333333333333333,0.9993333333333333,1.0,0.8058371148769948,0.8694081897790779,0.9329792646811609,1
4463,0.08149498378676212,0.1,0.9371024734982332,0.10351487060641174,0.5625,1.0,0.0,0.6666666666666666,0.07958322072860669,0.0,0.1700653041014153,0.9979993331110371,0.9827112710505597,0.0,0.9956666666666667,1.0,0.8743061144814812,0.9192962478899438,0.9642863812984064,1
4464,0.06374338553980785,0.0,0.9371024734982332,0.10351487060641174,0.5625,1.0,0.0,0.6666666666666666,0.07742554454565953,0.0,0.1559043489047114,0.9916638879626543,0.9617860501450658,0.0,0.992,1.0,0.8885142024362385,0.914794715570421,0.9410752287046035,1
4465,0.11021104128529491,0.3,0.9915194346289753,0.10351487060641174,0.875,1.0,0.0,0.6666666666666666,0.11485011813507762,0.0,0.32180555296940494,0.9989996665555185,0.9771392841746922,0.0,0.9973333333333333,1.0,0.8164360265226676,0.834504050658201,0.8525720747937344,1
4466,0.22668844502003493,0.1,0.9674911660777386,0.10351487060641174,0.4375,1.0,0.0,0.6666666666666666,0.10140984971139633,0.0,0.06929055156309372,0.9969989996665555,0.985525293859848,0.0,0.9946666666666667,1.0,0.8831886290161363,0.9130791569478555,0.9429696848795747,1
4467,0.4969664419440092,0.2,0.9985865724381625,0.10351487060641174,0.40625,1.0,0.0,0.6666666666666666,0.34614755920023044,0.3333333333333333,0.5956968249381605,1.0,0.9927465993230078,0.0003333333333333333,0.9983333333333333,1.0,0.8763203423614879,0.8842328045672563,0.8921452667730245,1
4468,0.12496397202183218,0.0,0.9915194346289753,0.10351487060641174,0.875,1.0,0.0,0.6666666666666666,0.09539945670413108,0.0,0.17157757522054085,0.995998666222074,0.9755423771318186,0.0,0.9976666666666667,1.0,0.8466885081298517,0.8506072308906671,0.8545259536514827,1
4469,0.07546380153665833,0.0,0.9519434628975265,0.10351487060641174,0.46875,1.0,0.0,0.6666666666666666,0.08191560699405476,0.0,0.08411050814411514,0.9833277759253084,0.9558044025967072,0.0,0.9913333333333333,1.0,0.9689573196111007,0.9838164801176104,0.9986756406241201,1
4470,0.10048680323114612,0.2,0.9901060070671378,0.10351487060641174,0.9375,1.0,0.0,0.6666666666666666,0.08744710435240244,0.0,0.21234033634852312,0.9979993331110371,0.9874210802134994,0.0,0.9983333333333333,1.0,0.9702411588130289,0.9821845749176359,0.994127991022243,1
4471,0.25124941158102043,0.1,0.9964664310954063,0.320855614973262,0.4375,0.8571428571428571,0.0,0.6666666666666666,0.19593962388749275,0.0,0.26181968190522786,0.9989996665555185,0.9830713827027905,0.0,0.9983333333333333,1.0,0.8499315354373516,0.8515064184820772,0.8530813015268028,1
4472,0.11848249054035076,0.1,0.9731448763250884,0.10351487060641174,0.59375,1.0,0.0,0.6666666666666666,0.08354495271690021,0.3333333333333333,0.6397204966773797,1.0,0.99578190379973,0.0003333333333333333,0.9993333333333333,1.0,0.8542619860350112,0.8924419857264276,0.9306219854178441,1
4473,0.24678512586673462,0.2,0.995053003533569,0.10351487060641174,0.5,1.0,0.0,0.6666666666666666,0.16273651162831204,0.5,0.39549946412787795,0.9996665555185061,0.988575815956662,0.0,0.9983333333333333,1.0,0.8610377492506489,0.8619142263226682,0.8627907033946876,1
4474,0.5715905020943852,0.7,1.0,0.6033057851239669,0.28125,0.5714285714285714,0.0,0.6666666666666666,0.9165772218090046,1.0,0.5217753598713843,1.0,0.9938139089715107,0.0006666666666666666,1.0,1.0,0.7710744026469413,0.8609747701214905,0.9508751375960396,1
4475,0.22185385967074378,0.0,0.9964664310954063,0.10351487060641174,0.75,1.0,0.0,0.6666666666666666,0.09268545998365108,0.0,0.1818870888939026,0.9956652217405801,0.9817838632192479,0.0,0.9986666666666667,1.0,0.9428891151000777,0.9468895455005453,0.950889975901013,1
4476,0.11274498378676212,0.2,0.9985865724381625,0.10351487060641174,0.96875,1.0,0.0,0.6666666666666666,0.08425159779479163,0.3333333333333333,0.5115953632492392,1.0,0.9913052685495122,0.0,0.999,1.0,0.8486638702519278,0.8912366331402284,0.933809396028529,1
4477,0.22336547792333816,0.1,0.992226148409894,0.10351487060641174,0.625,1.0,0.0,0.6666666666666666,0.1712453894833469,0.0,0.265864913463702,0.9973324441480493,0.9586619868976153,0.0,0.9976666666666667,1.0,0.7690035511471197,0.840398483427057,0.9117934157069942,1
4478,0.6088403209219109,0.7,1.0,0.6033057851239669,0.40625,0.5714285714285714,0.0,0.6666666666666666,0.7870881230258684,1.0,0.7983196898236293,1.0,0.9947005356373801,0.0013333333333333333,1.0,1.0,0.7967334125140074,0.8241902127823573,0.8516470130507071,1
4479,0.42349966950983087,0.6,0.9985865724381625,0.6033057851239669,0.34375,0.5714285714285714,0.0,0.6666666666666666,0.8400481575159605,0.0,0.11460633453424729,0.9993331110370124,0.9761860012045109,0.0,0.9993333333333333,1.0,0.7814538787139717,0.8418665457970163,0.9022792128800607,1
4480,0.1903922268945315,0.2,0.9992932862190813,0.10351487060641174,0.84375,1.0,0.0,0.6666666666666666,0.10329510360237237,0.0,0.494033364787813,0.9996665555185061,0.9839686955293488,0.0,0.9993333333333333,1.0,0.821076753643099,0.903008552825853,0.9849403520086071,1
4481,0.45522537051543777,0.3,0.9957597173144876,0.10351487060641174,0.6875,1.0,0.0,0.6666666666666666,0.10654750165319937,1.0,0.5391078408562188,1.0,0.991709958479172,0.0003333333333333333,1.0,1.0,0.9115288054365218,0.9513819251854074,0.991235044934293,1
4482,0.17186948470404395,0.2,0.9943462897526502,0.2575250836120402,0.5625,1.0,0.0,0.6666666666666666,0.17184789544063617,0.0,0.286204874769056,0.9989996665555185,0.979212190722382,0.0,0.9993333333333333,1.0,0.7825914000550055,0.8746501053076703,0.9667088105603352,1
4483,0.06762227384288833,0.0,0.9371024734982332,0.10351487060641174,0.5625,1.0,0.0,0.6666666666666666,0.07968003384602873,0.0,0.13409305146993022,0.9909969989996665,0.9686239881351795,0.0,0.993,1.0,0.9339700511792349,0.9610476011626821,0.9881251511461291,1
4484,0.3461068312930913,0.4,0.9957597173144876,0.320855614973262,0.40625,0.8571428571428571,0.0,0.6666666666666666,0.14898834805826977,0.5,0.4980484236099759,0.9996665555185061,0.9906468967552362,0.0003333333333333333,0.9986666666666667,1.0,0.8571723888357115,0.8902033162007362,0.923234243565761,1
4485,0.6192569875885775,0.5,0.9929328621908127,0.4035087719298246,0.59375,0.8571428571428571,0.0,0.6666666666666666,0.3790661896694495,0.5,0.48295021440665953,0.9996665555185061,0.9890723837818223,0.0003333333333333333,0.9996666666666667,1.0,0.8360837098994404,0.8574975256851257,0.8789113414708111,1
4486,0.21757099996508988,0.2,0.9858657243816255,0.10351487060641174,0.6875,1.0,0.0,0.6666666666666666,0.08114827361347055,0.0,0.4553806159172984,0.9993331110370124,0.9874656528074541,0.0,0.9993333333333333,1.0,0.8747276176368153,0.9182655166290556,0.961803415621296,1
4487,0.4255378705154379,0.2,0.9703180212014134,0.10351487060641174,0.53125,1.0,0.0,0.6666666666666666,0.27549481198972225,0.0,0.19466884999631373,0.9976658886295432,0.9772959809015096,0.0,0.9983333333333333,1.0,0.8872102672257117,0.8931682724868499,0.8991262777479881,1
4488,0.16423488629274652,0.0,0.9879858657243816,0.10351487060641174,0.5625,1.0,0.0,0.6666666666666666,0.2161991110135707,0.0,0.14659460092986354,0.9949983327775925,0.9450103104402734,0.0,0.997,1.0,0.7777744648918216,0.8030962373129702,0.8284180097341187,1
4489,0.1531194847040439,0.4,0.9971731448763251,0.2575250836120402,0.375,1.0,0.0,0.6666666666666666,0.2172637636216811,1.0,0.5657678303423475,1.0,0.9897617284915311,0.0003333333333333333,1.0,1.0,0.7933810539871078,0.8561301518165961,0.9188792496460845,1
4490,0.12233880153665833,0.0,0.9717314487632509,0.10351487060641174,0.625,1.0,0.0,0.6666666666666666,0.08512233692120985,0.0,0.2067829853007067,0.9963321107035679,0.9867683713209829,0.0,0.9963333333333333,1.0,0.9926287551396444,0.9959819010417504,0.9993350469438564,1
4491,0.3330019925834139,0.5,0.9964664310954063,0.320855614973262,0.53125,0.8571428571428571,0.0,0.6666666666666666,0.2295863950431969,0.0,0.4609381494816188,0.9996665555185061,0.981952511057767,0.0003333333333333333,1.0,1.0,0.8281948427450913,0.8640892899812498,0.8999837372174084,1
4492,0.29846042304201303,0.3,0.9929328621908127,0.10351487060641174,0.5,1.0,0.0,0.6666666666666666,0.12201821331016971,0.5,0.4058556623856695,0.9993331110370124,0.9932553830013354,0.0003333333333333333,0.9986666666666667,1.0,0.906933711545104,0.9098612481102779,0.9127887846754518,1
4493,0.235426235007825,0.1,0.9985865724381625,0.10351487060641174,0.40625,1.0,0.0,0.6666666666666666,0.11632615891177267,0.5,0.5201421799886459,1.0,0.9940128360382104,0.0,0.9983333333333333,1.0,0.9010957976302636,0.9080338410064324,0.9149718843826012,1
4494,0.3422045371821044,0.1,0.992226148409894,0.10351487060641174,0.59375,1.0,0.0,0.6666666666666666,0.12358255230731363,0.0,0.42061963789462875,0.9989996665555185,0.9842144912313457,0.0,0.999,1.0,0.9306464409933434,0.9381173710945215,0.9455883011956997,1
4495,0.21926175597478859,0.2,0.9957597173144876,0.2575250836120402,0.75,1.0,0.0,0.6666666666666666,0.15508059416795938,0.5,0.5206646792839282,1.0,0.990227478745458,0.0003333333333333333,0.9996666666666667,1.0,0.771612610889955,0.8689620301654485,0.9663114494409419,1
4496,0.14277317927548394,0.2,0.9964664310954063,0.10351487060641174,0.75,1.0,0.0,0.6666666666666666,0.2050689246623647,0.0,0.3003975912158181,0.9996665555185061,0.9831974849415622,0.0,0.9993333333333333,1.0,0.7649430672814278,0.8757364604865818,0.9865298536917358,1
4497,0.12233880153665833,0.3,0.9978798586572438,0.10351487060641174,0.78125,1.0,0.0,0.6666666666666666,0.08606235510428828,1.0,0.7878639059032495,1.0,0.9983062525690608,0.0003333333333333333,0.998,1.0,0.9848918788889918,0.9923876826984727,0.9998834865079536,1
4498,0.11211889883193149,0.0,0.9886925795053003,0.2575250836120402,0.6875,1.0,0.0,0.6666666666666666,0.18738822547218303,0.0,0.2832200739899472,0.9963321107035679,0.9630303110854689,0.0,0.9986666666666667,1.0,0.7573937899002741,0.8499622757412908,0.9425307615823076,1
4499,0.10222018388377885,0.1,0.9681978798586572,0.10351487060641174,0.5,1.0,0.0,0.6666666666666666,0.10352999529463258,0.0,0.2328213816861403,0.9979993331110371,0.9814832382397692,0.0,0.9976666666666667,1.0,0.809025194573013,0.8721229486213974,0.9352207026697817,1
4500,0.23797091255250247,0.0,0.9985865724381625,0.4035087719298246,0.46875,0.8571428571428571,0.0,0.6666666666666666,0.2234601824910618,0.0,0.07627675235173437,0.9963321107035679,0.9741708581073856,0.0,0.9976666666666667,1.0,0.8671705768350775,0.8675806250380842,0.8679906732410909,1
4501,0.70795269003428,0.9,1.0,0.8983050847457628,0.3125,0.5714285714285714,0.0,0.6666666666666666,0.9588230785009486,1.0,0.6085527284753016,1.0,0.9805742671378548,0.011333333333333334,1.0,1.0,0.71232400385992,0.7625094870288902,0.8126949701978603,1
4502,0.11021104128529491,0.0,0.9879858657243816,0.10351487060641174,0.5625,1.0,0.0,0.6666666666666666,0.2052392031493223,0.0,0.09112176721864285,0.9946648882960987,0.9451454330378911,0.0,0.9976666666666667,1.0,0.7721439972693173,0.8103954669185576,0.8486469365677978,1
4503,0.1218694847040439,0.1,0.9696113074204947,0.10351487060641174,0.46875,1.0,0.0,0.6666666666666666,0.1304616602084595,0.0,0.09640623992652653,0.9973324441480493,0.9770576513826219,0.0,0.9973333333333333,1.0,0.8065503352335734,0.8877245934277826,0.968898851621992,1
4504,0.2893536699481155,0.7,0.9985865724381625,0.2575250836120402,0.53125,1.0,0.0,0.6666666666666666,0.22449884525187214,0.6666666666666666,0.3019035130616511,0.9993331110370124,0.9866253888926084,0.0003333333333333333,0.9996666666666667,1.0,0.7700954633531398,0.7995620952847344,0.8290287272163289,1
4505,0.06762227384288833,0.0,0.9371024734982332,0.10351487060641174,0.5625,1.0,0.0,0.6666666666666666,0.07949992010398177,0.0,0.25800362946916144,0.9903301100366789,0.9661621441682269,0.0,0.9936666666666667,1.0,0.9479897235027571,0.9710768706386974,0.9941640177746378,1
4506,0.4707900780560942,0.4,0.9985865724381625,0.10351487060641174,0.46875,1.0,0.0,0.6666666666666666,0.233334448285498,1.0,0.5942976593201474,1.0,0.9896213732552496,0.0,1.0,1.0,0.8123970800941719,0.8528720962843348,0.8933471124744977,1
4507,0.12702949908735928,0.1,0.9992932862190813,0.10351487060641174,0.6875,1.0,0.0,0.6666666666666666,0.09096163357911924,0.0,0.10312286918866997,0.9979993331110371,0.986809138701934,0.0,0.996,1.0,0.8317241972764129,0.8886690852856537,0.9456139732948945,1
4508,0.5359236542552442,0.4,1.0,0.4035087719298246,0.625,0.8571428571428571,0.0,0.6666666666666666,0.37579367364501626,0.0,0.41745161137060727,0.9989996665555185,0.9845132870835575,0.0,0.9993333333333333,1.0,0.8442958628133421,0.8452188757916663,0.8461418887699904,1
4509,0.2920595934794188,0.3,0.9858657243816255,0.10351487060641174,0.65625,1.0,0.0,0.6666666666666666,0.10976944199213912,0.5,0.49294455174341756,0.9996665555185061,0.9885644811727703,0.0003333333333333333,0.9986666666666667,1.0,0.9236979303911195,0.9531718459311435,0.9826457614711674,1
4510,0.14277317927548394,0.3,0.9964664310954063,0.10351487060641174,0.75,1.0,0.0,0.6666666666666666,0.22201038144777463,0.5,0.280391271678221,0.9996665555185061,0.9881751282938583,0.0,0.9996666666666667,1.0,0.7593752561405197,0.8787195532063418,0.9980638502721638,1
4511,0.1531194847040439,0.3,1.0,0.2575250836120402,0.375,1.0,0.0,0.6666666666666666,0.1901686891372546,0.6666666666666666,0.6778203100174192,1.0,0.9947876716648424,0.0003333333333333333,0.999,1.0,0.7957668399448197,0.8626763455581161,0.9295858511714126,1
4512,0.2599988845804745,0.1,0.992226148409894,0.10351487060641174,0.6875,1.0,0.0,0.6666666666666666,0.09877222373802652,0.0,0.25937744683039154,0.9969989996665555,0.9809545104325075,0.0,0.998,1.0,0.8972046701673081,0.9201195174323591,0.9430343646974102,1
4513,0.2399376957692857,0.2,0.9929328621908127,0.10351487060641174,0.6875,1.0,0.0,0.6666666666666666,0.12107901927054976,0.0,0.2710355553819598,0.9973324441480493,0.981468949235565,0.0,0.998,1.0,0.9216126907493968,0.9490408257774334,0.9764689608054701,1
4514,0.09262227384288835,0.2,0.9816254416961131,0.10351487060641174,0.5625,1.0,0.0,0.6666666666666666,0.08225355569954818,0.0,0.2484028119509789,0.9993331110370124,0.9869674180113698,0.0,0.999,1.0,0.8655513512977694,0.9251988278372149,0.9848463043766603,1
4515,0.09213046820332504,0.1,0.9717314487632509,0.10351487060641174,0.59375,1.0,0.0,0.6666666666666666,0.07767968859655583,0.0,0.02136686408265387,0.9976658886295432,0.9855696256372676,0.0,0.994,1.0,0.9528930914552175,0.9660567273952967,0.979220363335376,1
4516,0.19321704634685477,0.1,0.984452296819788,0.10351487060641174,0.53125,1.0,0.0,0.6666666666666666,0.10970813612299979,0.0,0.16842890058441673,0.9983327775925308,0.986829156846415,0.0,0.9963333333333333,1.0,0.8685508482204144,0.8876790942090209,0.9068073401976274,1
4517,0.10324157931443612,0.0,0.9717314487632509,0.10351487060641174,0.59375,1.0,0.0,0.6666666666666666,0.07939885514794742,0.0,0.1778048703564642,0.9923307769256419,0.9739945689254024,0.0,0.9963333333333333,1.0,0.9729111251251246,0.9782881697377146,0.9836652143503047,1
4518,0.12267472933832435,0.2,0.9971731448763251,0.10351487060641174,0.65625,1.0,0.0,0.6666666666666666,0.10266724873866007,0.5,0.42550303992716,0.9993331110370124,0.9904761313175888,0.0003333333333333333,0.9993333333333333,1.0,0.8138626317011564,0.8977885354500599,0.9817144391989633,1
4519,0.15231885093921116,0.2,0.9936395759717315,0.2575250836120402,0.84375,1.0,0.0,0.6666666666666666,0.11234102197566054,0.3333333333333333,0.6697871236421895,1.0,0.9956171718373051,0.0003333333333333333,0.999,1.0,0.7976142718652544,0.8708915226292917,0.9441687733933289,1
4520,0.07546380153665833,0.0,0.9519434628975265,0.10351487060641174,0.46875,1.0,0.0,0.6666666666666666,0.08207440363246254,0.0,0.06590907388896394,0.9796598866288763,0.9501617330237632,0.0,0.9916666666666667,1.0,0.9652592191589302,0.9808454153773083,0.9964316115956863,1
4521,0.30054375637534636,0.1,0.9957597173144876,0.10351487060641174,0.4375,1.0,0.0,0.6666666666666666,0.1271061019968983,1.0,0.5989201780761912,1.0,0.9932328619161421,0.0,0.9986666666666667,1.0,0.9184221402645663,0.9435163739207415,0.9686106075769167,1
4522,0.23797091255250247,0.2,0.9872791519434629,0.4035087719298246,0.375,0.8571428571428571,0.0,0.6666666666666666,0.2593067826805553,0.0,0.30217564630688043,0.9979993331110371,0.9797120532721232,0.0,0.998,1.0,0.8580192456386251,0.8636783679134921,0.8693374901883589,1
4523,0.7005378705154378,1.0,1.0,0.9795918367346939,0.15625,0.42857142857142855,0.0,0.6666666666666666,0.9162641545097986,1.0,0.8179893045585225,1.0,0.9886939316975956,0.003,1.0,1.0,0.8097916192876949,0.8242995698120736,0.8388075203364525,1
4524,0.30054375637534636,0.2,0.9893992932862191,0.10351487060641174,0.375,1.0,0.0,0.6666666666666666,0.13659852297288877,0.0,0.2853676555156903,0.9983327775925308,0.985549524738836,0.0,0.9986666666666667,1.0,0.910017465826247,0.9391239526758977,0.9682304395255483,1
4525,0.10927276156453991,0.1,0.9787985865724381,0.10351487060641174,0.875,1.0,0.0,0.6666666666666666,0.08084322639459318,0.0,0.34654474002944624,0.9986662220740247,0.990668379819709,0.0,0.9923333333333333,1.0,0.8647355368862366,0.9103315312640037,0.9559275256417709,1
4526,0.13293831401256773,0.1,0.9681978798586572,0.10351487060641174,0.5,1.0,0.0,0.6666666666666666,0.11497380144577429,0.0,0.1943709701205315,0.9979993331110371,0.9757324663829989,0.0,0.9966666666666667,1.0,0.8001987235526725,0.8503140943552896,0.9004294651579066,1
4527,0.10048680323114612,0.1,0.9901060070671378,0.10351487060641174,0.9375,1.0,0.0,0.6666666666666666,0.085007910200535,0.0,0.39127163006948185,0.9986662220740247,0.9861748964414376,0.0,0.998,1.0,0.970918869800637,0.9744604786038745,0.978002087407112,1
4528,0.5796418792234692,0.7,0.9992932862190813,0.4035087719298246,0.5,0.8571428571428571,0.0,0.6666666666666666,0.8847131183664967,0.5,0.6034119133117825,1.0,0.9881787163064868,0.0006666666666666666,1.0,1.0,0.7435580497638993,0.7889100245985885,0.8342619994332778,1
4529,0.1657665968408505,0.2,0.9879858657243816,0.10351487060641174,0.5625,1.0,0.0,0.6666666666666666,0.2008939567606639,0.3333333333333333,0.46593169209912033,0.9996665555185061,0.9895946241020602,0.0,0.9973333333333333,1.0,0.7658175373477978,0.820560316490666,0.8753030956335341,1
4530,0.13247758109794128,0.2,1.0,0.2575250836120402,0.625,1.0,0.0,0.6666666666666666,0.1067065185935252,1.0,0.6883497846753901,1.0,0.9945670648490259,0.0003333333333333333,0.999,1.0,0.8034815931716125,0.8596614183320729,0.9158412434925333,1
4531,0.08297415477057701,0.1,0.9809187279151943,0.10351487060641174,0.59375,1.0,0.0,0.6666666666666666,0.07714733613899649,0.0,0.22923580349250083,0.9973324441480493,0.985049250909272,0.0,0.9963333333333333,1.0,0.9417921131001746,0.9528434383921992,0.9638947636842238,1
4532,0.19543844502003493,0.0,0.9674911660777386,0.10351487060641174,0.4375,1.0,0.0,0.6666666666666666,0.10684271715921256,0.0,0.10040956334739848,0.9913304434811604,0.9740075859690231,0.0,0.994,1.0,0.8831803792187326,0.9082110873832857,0.9332417955478388,1
4533,0.532111801242236,1.0,1.0,0.8591549295774648,0.1875,0.2857142857142857,0.0,0.6666666666666666,0.9738440574856848,1.0,0.8424042620545359,1.0,0.9717289647853414,0.041666666666666664,1.0,0.5,0.6666666666666666,0.8230421190409107,0.9794175714151548,1
4534,0.3461068312930913,0.3,0.9809187279151943,0.10351487060641174,0.46875,1.0,0.0,0.6666666666666666,0.13177777404008695,0.5,0.558935752560177,1.0,0.9928376772615014,0.0003333333333333333,0.999,1.0,0.8690860495999202,0.9004011145501016,0.9317161795002831,1
4535,0.43677051949164436,0.3,0.9943462897526502,0.2575250836120402,0.46875,1.0,0.0,0.6666666666666666,0.37109536724583303,0.0,0.20126655828761486,0.9996665555185061,0.9878129603029921,0.0,0.999,1.0,0.752052536847323,0.8432292830461869,0.934406029245051,1
4536,0.09676329538365558,0.0,0.9915194346289753,0.10351487060641174,0.78125,1.0,0.0,0.6666666666666666,0.11192761048381472,0.0,0.1853738964793129,0.9939979993331111,0.9630723265875635,0.0,0.9976666666666667,1.0,0.8094140251423154,0.8380411866107841,0.8666683480792527,1
4537,0.2632040127856027,0.1,0.9908127208480565,0.10351487060641174,0.6875,1.0,0.0,0.6666666666666666,0.10586402887821789,0.0,0.32678280366072665,0.9986662220740247,0.9897287903849293,0.0,0.997,1.0,0.9005405290486773,0.9148412932909536,0.92914205753323,1
4538,0.06374338553980785,0.0,0.9526501766784452,0.10351487060641174,0.5625,1.0,0.0,0.6666666666666666,0.07597629266472539,0.0,0.18641225136877704,0.9836612204068023,0.9572770625471827,0.0,0.9866666666666667,1.0,0.9239993772871384,0.9246670932677143,0.9253348092482904,1
4539,0.25278734611893605,0.2,0.992226148409894,0.4035087719298246,0.4375,0.8571428571428571,0.0,0.6666666666666666,0.19433529178741582,0.0,0.15454557644719746,0.9989996665555185,0.9821812391550553,0.0,0.9993333333333333,1.0,0.8673207409319107,0.8895831034325123,0.911845465933114,1
4540,0.09703403854877068,0.0,0.9681978798586572,0.10351487060641174,0.625,1.0,0.0,0.6666666666666666,0.08397458829639237,0.0,0.14328201157529286,0.9953317772590864,0.9771411462185072,0.0,0.9953333333333333,1.0,0.8911134132074914,0.9298416962309488,0.9685699792544061,1
4541,0.08149498378676212,0.0,0.9371024734982332,0.10351487060641174,0.5625,1.0,0.0,0.6666666666666666,0.07647150420604865,0.0,0.19081905213569095,0.9889963321107036,0.9661199406064428,0.0,0.9886666666666667,1.0,0.9055962314442598,0.9303653383147019,0.9551344451851439,1
4542,0.29413349996509,0.4,0.9964664310954063,0.10351487060641174,0.59375,1.0,0.0,0.6666666666666666,0.11258902964688466,0.0,0.4241689745161392,0.9996665555185061,0.9898459091304475,0.0,0.9993333333333333,1.0,0.9441783868571746,0.9492814892064625,0.9543845915557505,1
4543,0.1218694847040439,0.1,0.9943462897526502,0.2575250836120402,0.5625,1.0,0.0,0.6666666666666666,0.1297648621260411,1.0,0.5222006770297893,1.0,0.9885925360034042,0.0,0.9963333333333333,1.0,0.8030617426345277,0.8899991811375234,0.976936619640519,1
4544,0.22336547792333816,0.2,0.995053003533569,0.5217391304347826,0.28125,0.7142857142857143,0.0,0.6666666666666666,0.2956163277578616,0.0,0.4401246621212903,0.9996665555185061,0.9764431760097505,0.0,0.9996666666666667,1.0,0.7432762517924878,0.8439190326822538,0.9445618135720197,1
4545,0.42349966950983087,0.4,0.9929328621908127,0.4035087719298246,0.59375,0.8571428571428571,0.0,0.6666666666666666,0.3411825216777553,0.0,0.20907992906292994,0.9989996665555185,0.9912798119859564,0.0,0.9993333333333333,1.0,0.8370462784744291,0.872835854309304,0.9086254301441787,1
4546,0.11622106896541184,0.2,0.9985865724381625,0.10351487060641174,0.96875,1.0,0.0,0.6666666666666666,0.08342249454614015,0.3333333333333333,0.5676737106595482,1.0,0.9962579254291002,0.0003333333333333333,0.998,1.0,0.9514387897343762,0.9586454223319869,0.9658520549295976,1
4547,0.3773568312930913,0.3,0.9992932862190813,0.320855614973262,0.4375,0.8571428571428571,0.0,0.6666666666666666,0.14924727450826802,0.5,0.49822151594360764,0.9996665555185061,0.9893593536797346,0.0003333333333333333,0.9996666666666667,1.0,0.8583033878512238,0.9037431198069494,0.9491828517626749,1
4548,0.5201038528249776,0.5,0.9971731448763251,0.2575250836120402,0.5625,1.0,0.0,0.6666666666666666,0.5802467355101257,1.0,0.6044159684048864,1.0,0.9919125426383192,0.0,1.0,1.0,0.7491875061947307,0.8209648773867171,0.8927422485787034,1
4549,0.12233880153665833,0.2,0.995053003533569,0.10351487060641174,0.75,1.0,0.0,0.6666666666666666,0.08452850554859181,0.0,0.4043710072097364,0.9986662220740247,0.9898613273987977,0.0,0.9983333333333333,1.0,0.9846552370444692,0.9873833930936539,0.9901115491428385,1
4550,0.07775953050387341,0.0,0.9371024734982332,0.10351487060641174,0.5625,1.0,0.0,0.6666666666666666,0.0850958587466879,0.0,0.2628026276757731,0.9929976658886296,0.9687719681863757,0.0,0.9963333333333333,1.0,0.9415112558170875,0.9479108625786341,0.9543104693401806,1
4551,0.11720926950104782,0.2,0.9908127208480565,0.10351487060641174,0.5625,1.0,0.0,0.6666666666666666,0.07873103722925934,0.0,0.4232628946391085,0.9979993331110371,0.9805407627271279,0.0,0.998,1.0,0.8826246214659018,0.9258452929174189,0.969065964368936,1
4552,0.06374338553980785,0.1,0.9646643109540636,0.10351487060641174,0.59375,1.0,0.0,0.6666666666666666,0.07679049999197074,0.0,0.47735791003746286,0.9993331110370124,0.9914407791341184,0.0,0.9943333333333333,1.0,0.9053608223768561,0.913726769077194,0.9220927157775318,1
4553,0.2529247087562987,0.3,0.9992932862190813,0.10351487060641174,0.59375,1.0,0.0,0.6666666666666666,0.19334176285072746,0.5,0.3327593485416255,0.9996665555185061,0.9842193068643464,0.0,0.9996666666666667,1.0,0.8773680697814807,0.926470342614338,0.9755726154471953,1
4554,0.4136331086106759,0.1,0.9703180212014134,0.10351487060641174,0.75,1.0,0.0,0.6666666666666666,0.10218955687391273,0.5,0.6526518998228833,1.0,0.9929605290785567,0.0003333333333333333,0.9983333333333333,1.0,0.9467929939531077,0.9591664277437358,0.971539861534364,1
4555,0.409610780620942,0.3,0.9929328621908127,0.4035087719298246,0.59375,0.8571428571428571,0.0,0.6666666666666666,0.37383131518114265,0.5,0.20234211023499915,0.9996665555185061,0.9870952530737891,0.0003333333333333333,0.9996666666666667,1.0,0.8348026288979318,0.8625634023967523,0.8903241758955728,1
4556,0.526624827037177,0.6,0.9957597173144876,0.320855614973262,0.375,0.8571428571428571,0.0,0.6666666666666666,0.6243680764771653,1.0,0.6093739074613431,1.0,0.9840531575701424,0.001,0.9996666666666667,1.0,0.830645043894439,0.857271027944359,0.8838970119942791,1
4557,0.10048680323114612,0.2,0.9795053003533569,0.10351487060641174,0.875,1.0,0.0,0.6666666666666666,0.08827672943599729,0.5,0.3371525134842579,0.9986662220740247,0.9895635747139401,0.0,0.9983333333333333,1.0,0.9651221427642839,0.9791571090853147,0.9931920754063456,1
4558,0.32974966950983087,0.1,0.9957597173144876,0.4035087719298246,0.59375,0.8571428571428571,0.0,0.6666666666666666,0.2457257500259583,0.0,0.14674036599469342,0.9979993331110371,0.9732759246486915,0.0,0.9986666666666667,1.0,0.8522933697309667,0.8939953030882591,0.9356972364455516,1
4559,0.19543844502003493,0.0,0.9674911660777386,0.10351487060641174,0.4375,1.0,0.0,0.6666666666666666,0.10053987919674556,0.0,0.16640931411442017,0.9966655551850617,0.9835255076528443,0.0,0.995,1.0,0.8799763943987932,0.913116162810089,0.946255931221385,1
4560,0.4969664419440092,0.7,1.0,0.4035087719298246,0.4375,0.8571428571428571,0.0,0.6666666666666666,0.4128925516010953,1.0,0.908502059423836,1.0,0.9980540724081316,0.0006666666666666666,1.0,1.0,0.8623909650837248,0.8794182588257076,0.8964455525676903,1
4561,0.0983257953836556,0.0,0.9724381625441696,0.10351487060641174,0.53125,1.0,0.0,0.6666666666666666,0.08165458647206258,0.0,0.07130971790344276,0.9943314438146049,0.9754924176614108,0.0,0.9956666666666667,1.0,0.8666088682599518,0.8856352080571825,0.9046615478544133,1
4562,0.19834023073432072,0.1,0.9936395759717315,0.10351487060641174,0.65625,1.0,0.0,0.6666666666666666,0.08173946423128109,0.0,0.42058147275513313,0.9976658886295432,0.986374448899767,0.0,0.996,1.0,0.8904067325836458,0.938956444238184,0.9875061558927223,1
4563,0.12332579538365562,0.2,0.9901060070671378,0.10351487060641174,0.71875,1.0,0.0,0.6666666666666666,0.09286047504592454,0.0,0.41936527296007153,0.9993331110370124,0.988732259097554,0.0,0.9983333333333333,1.0,0.8462438936232332,0.8553457452668516,0.8644475969104701,1
4564,0.2538957862898762,0.2,0.9964664310954063,0.10351487060641174,0.8125,1.0,0.0,0.6666666666666666,0.08322550937757589,0.5,0.5182371887289233,1.0,0.9928814163002689,0.0,0.9993333333333333,1.0,0.8821211356778522,0.9365318877427662,0.9909426398076802,1
4565,0.14144748850534872,0.1,0.9915194346289753,0.10351487060641174,0.78125,1.0,0.0,0.6666666666666666,0.13157652728684088,0.0,0.08485813568999345,0.9979993331110371,0.9722727181184561,0.0,0.9983333333333333,1.0,0.8136692730335006,0.8216752370101629,0.8296812009868252,1
4566,0.27709290167449163,0.1,0.9985865724381625,0.10351487060641174,0.53125,1.0,0.0,0.6666666666666666,0.16282933130077115,0.3333333333333333,0.3533182448311012,0.9993331110370124,0.9883411630751628,0.0,0.9986666666666667,1.0,0.8844592595590638,0.8848912948370966,0.8853233301151294,1
4567,0.23405451644860642,0.1,0.9929328621908127,0.10351487060641174,0.71875,1.0,0.0,0.6666666666666666,0.07956331277573914,0.5,0.6553693051026497,1.0,0.9957535820516435,0.0003333333333333333,0.9976666666666667,1.0,0.906803379448475,0.9438225306656856,0.980841681882896,1
4568,0.21757099996508988,0.1,0.9929328621908127,0.10351487060641174,0.71875,1.0,0.0,0.6666666666666666,0.07856114635577838,0.0,0.44006837526333753,0.9996665555185061,0.9945146588803344,0.0,0.998,1.0,0.9132101879978396,0.9437483878587847,0.9742865877197296,1
4569,0.5300360233676134,0.5,0.9985865724381625,0.803030303030303,0.34375,0.42857142857142855,0.0,0.6666666666666666,0.9089251298605537,0.5,0.6346564990564469,1.0,0.9903817376929939,0.0003333333333333333,0.9996666666666667,1.0,0.7131507238354962,0.7879747408881654,0.8627987579408347,1
4570,0.26574869033028026,0.3,0.9908127208480565,0.10351487060641174,0.4375,1.0,0.0,0.6666666666666666,0.15855714706409996,0.0,0.30448360302753963,0.9996665555185061,0.9928231381449227,0.0,0.9986666666666667,1.0,0.8548830667024289,0.876254825709937,0.8976265847174452,1
4571,0.22690436472124875,0.1,0.9738515901060071,0.10351487060641174,0.59375,1.0,0.0,0.6666666666666666,0.0915987205672204,0.0,0.12969326655999835,0.9969989996665555,0.9840221534930168,0.0,0.9923333333333333,1.0,0.9547526536698154,0.9549104266308248,0.9550681995918341,1
4572,0.35615273073432063,0.5,0.9985865724381625,0.4035087719298246,0.625,0.8571428571428571,0.0,0.6666666666666666,0.345415889468219,1.0,0.6567084146956705,1.0,0.9903270384264263,0.0003333333333333333,1.0,1.0,0.8389916105415572,0.917477920999657,0.9959642314577567,1
4573,0.21757099996508988,0.2,0.9929328621908127,0.10351487060641174,0.71875,1.0,0.0,0.6666666666666666,0.07917078734609173,0.0,0.3542556253701151,0.9989996665555185,0.9881844628633013,0.0,0.998,1.0,0.9095205177303701,0.9440729543242656,0.978625390918161,1
4574,0.12359034564820581,0.1,0.9901060070671378,0.10351487060641174,0.65625,1.0,0.0,0.6666666666666666,0.08926340919731246,0.0,0.35953788604354686,0.9979993331110371,0.9852469048276615,0.0,0.9986666666666667,1.0,0.8455196837177301,0.8631201428783264,0.8807206020389228,1
4575,0.16819186681222698,0.2,0.984452296819788,0.10351487060641174,0.5625,1.0,0.0,0.6666666666666666,0.09699448096289243,1.0,0.5946490568512445,1.0,0.9896109176993813,0.0003333333333333333,0.9986666666666667,1.0,0.8175902009745433,0.8711057975002312,0.9246213940259193,1
4576,0.14832579538365553,0.2,0.9901060070671378,0.10351487060641174,0.65625,1.0,0.0,0.6666666666666666,0.08561477935470263,0.0,0.2463406927914067,0.9989996665555185,0.9894922094921772,0.0,0.9986666666666667,1.0,0.8547268152776081,0.8714259178025524,0.8881250203274967,1
4577,0.12332579538365562,0.2,0.9901060070671378,0.10351487060641174,0.71875,1.0,0.0,0.6666666666666666,0.08839099006283424,0.0,0.3162222138276619,0.9983327775925308,0.9776228309286469,0.0,0.9993333333333333,1.0,0.8602600776772473,0.8625872847516483,0.8649144918260493,1
4578,0.1219789940368543,0.2,0.9731448763250884,0.10351487060641174,0.59375,1.0,0.0,0.6666666666666666,0.08331605806195408,0.0,0.1073141895040125,0.9979993331110371,0.9839543540833346,0.0,0.998,1.0,0.8566683229607869,0.8996724366683171,0.9426765503758472,1
4579,0.09213046820332504,0.1,0.9717314487632509,0.10351487060641174,0.59375,1.0,0.0,0.6666666666666666,0.08417716725365099,0.0,0.18209821555216033,0.9976658886295432,0.9842118910893202,0.0,0.9963333333333333,1.0,0.9936573162858099,0.9948455300734809,0.9960337438611518,1
4580,0.07722018388377883,0.0,0.9681978798586572,0.10351487060641174,0.5,1.0,0.0,0.6666666666666666,0.1089119262460424,0.0,0.35304352945501083,0.9956652217405801,0.9721642729368866,0.0,0.9976666666666667,1.0,0.8030518938847799,0.8661376089318127,0.9292233239788456,1
4581,0.12496397202183218,0.0,0.9915194346289753,0.10351487060641174,0.875,1.0,0.0,0.6666666666666666,0.09426483622243287,0.0,0.27007054505571826,0.9963321107035679,0.9797273306410644,0.0,0.9976666666666667,1.0,0.8434694931791898,0.8526369160507373,0.8618043389222848,1
4582,0.23405451644860642,0.0,0.9802120141342756,0.10351487060641174,0.625,1.0,0.0,0.6666666666666666,0.08076032581068482,0.0,0.2723820254377741,0.9966655551850617,0.9845771952911484,0.0,0.998,1.0,0.906224434057942,0.9485119452871281,0.9907994565163143,1
4583,0.06762227384288833,0.0,0.9371024734982332,0.10351487060641174,0.5625,1.0,0.0,0.6666666666666666,0.07679675539318831,0.0,0.1638063231183966,0.9933311103701233,0.9728255113842158,0.0,0.9943333333333333,1.0,0.9191533817683518,0.9469476447277616,0.9747419076871714,1
4584,0.3699823149598823,0.1,0.9957597173144876,0.10351487060641174,0.71875,1.0,0.0,0.6666666666666666,0.14178423910044324,0.0,0.23295132302583543,0.9986662220740247,0.9908403424218097,0.0,0.9986666666666667,1.0,0.918377823758378,0.9268230192963003,0.9352682148342226,1
4585,0.09262227384288835,0.0,0.9816254416961131,0.10351487060641174,0.5625,1.0,0.0,0.6666666666666666,0.08550872355705963,0.0,0.13566008835207022,0.9939979993331111,0.970353756169639,0.0,0.998,1.0,0.8535898098482725,0.9223889472156259,0.9911880845829794,1
4586,0.43366220425780033,0.5,0.9985865724381625,0.803030303030303,0.15625,0.42857142857142855,0.0,0.6666666666666666,0.9396999072579544,0.5,0.5026439880585494,1.0,0.9660815658065066,0.001,0.9996666666666667,1.0,0.6666902052356787,0.7526848587514989,0.8386795122673191,1
4587,0.22336547792333816,0.0,0.992226148409894,0.10351487060641174,0.625,1.0,0.0,0.6666666666666666,0.14777598661771807,0.0,0.05507189353880948,0.9966655551850617,0.9560831614939537,0.0,0.9976666666666667,1.0,0.7776165446757676,0.847134643038882,0.9166527414019963,1
4588,0.217210423042013,0.1,0.9971731448763251,0.10351487060641174,0.6875,1.0,0.0,0.6666666666666666,0.10677813344282727,0.0,0.3466026407685451,0.9976658886295432,0.9846753012699861,0.0,0.9973333333333333,1.0,0.9357297564464689,0.9631516725318814,0.9905735886172939,1
4589,0.23804375637534636,0.1,0.9738515901060071,0.10351487060641174,0.59375,1.0,0.0,0.6666666666666666,0.10268738219403717,0.0,0.29096846436040147,0.9979993331110371,0.9806507597999379,0.0,0.999,1.0,0.9518596226828054,0.9619025932118249,0.9719455637408444,1
4590,0.19354437461862828,0.4,0.995053003533569,0.5217391304347826,0.28125,0.7142857142857143,0.0,0.6666666666666666,0.3580354035244737,0.5,0.12347844713948364,0.9996665555185061,0.978174521969326,0.0,0.9996666666666667,1.0,0.7414216267927193,0.8067338933164028,0.8720461598400862,1
4591,0.11482831712009545,0.1,0.9787985865724381,0.10351487060641174,0.875,1.0,0.0,0.6666666666666666,0.08123038329154719,0.0,0.2230707122717901,0.9976658886295432,0.9810557933280037,0.0,0.998,1.0,0.8615318938758721,0.8973141454960865,0.9330963971163007,1
4592,0.3422045371821044,0.1,0.9893992932862191,0.10351487060641174,0.375,1.0,0.0,0.6666666666666666,0.19334752139212352,0.0,0.307978639687404,0.9993331110370124,0.9894213548857675,0.0,0.9976666666666667,1.0,0.908065186395891,0.9087683369287383,0.9094714874615855,1
4593,0.32974966950983087,0.2,0.9985865724381625,0.4035087719298246,0.53125,0.8571428571428571,0.0,0.6666666666666666,0.3181131156482293,0.0,0.16650726537065663,0.9993331110370124,0.9848298876569198,0.0,0.9993333333333333,1.0,0.8391114653662661,0.8891526628176882,0.9391938602691103,1
4594,0.08078016857973047,0.1,0.9681978798586572,0.10351487060641174,0.625,1.0,0.0,0.6666666666666666,0.08266540614008477,0.0,0.2403611045690226,0.9983327775925308,0.9850838508208273,0.0,0.996,1.0,0.8889231104100573,0.9337715045780008,0.9786198987459443,1
4595,0.4802253705154378,0.6,0.9992932862190813,0.320855614973262,0.46875,0.8571428571428571,0.0,0.6666666666666666,0.1654860401434458,1.0,0.7225178114325974,1.0,0.9932694998824145,0.0006666666666666666,1.0,1.0,0.8558786922176483,0.9198335419523376,0.9837883916870268,1
4596,0.39966865925008055,0.5,0.9992932862190813,0.320855614973262,0.5625,0.8571428571428571,0.0,0.6666666666666666,0.3367723440877822,0.0,0.16016235510989096,0.9989996665555185,0.9758408756613369,0.0,0.9996666666666667,1.0,0.8147059583993634,0.839103276835638,0.8635005952719126,1
4597,0.4842335226893508,0.5,0.9964664310954063,0.4035087719298246,0.4375,0.8571428571428571,0.0,0.6666666666666666,0.39904349310774223,0.0,0.28005902253501624,0.9993331110370124,0.9807881426694907,0.0003333333333333333,0.9996666666666667,1.0,0.8505737427038959,0.8881211422002733,0.9256685416966507,1
4598,0.12332579538365562,0.1,0.9964664310954063,0.10351487060641174,0.8125,1.0,0.0,0.6666666666666666,0.08277564471935173,0.0,0.2600164843337932,0.9986662220740247,0.9888259207534217,0.0,0.9976666666666667,1.0,0.8703971780521963,0.8775402157603889,0.8846832534685813,1
4599,0.1492275682599934,0.2,0.984452296819788,0.10351487060641174,0.53125,1.0,0.0,0.6666666666666666,0.15930412295273888,0.0,0.3169181737979706,0.9986662220740247,0.9827462399911703,0.0,0.9983333333333333,1.0,0.8088186790067592,0.8592342872363653,0.9096498954659714,1
4600,0.22321622279781272,0.1,0.9674911660777386,0.10351487060641174,0.4375,1.0,0.0,0.6666666666666666,0.11568136514724725,0.5,0.5155659724352138,1.0,0.9913653746841777,0.0,0.9986666666666667,1.0,0.86049265173814,0.8960583708565535,0.9316240899749668,1
4601,0.2529247087562987,0.5,0.992226148409894,0.4035087719298246,0.4375,0.8571428571428571,0.0,0.6666666666666666,0.22756372429917227,1.0,0.8477546740416986,1.0,0.9965759628318482,0.0003333333333333333,1.0,1.0,0.8657361652455549,0.9226551247276366,0.9795740842097183,1
4602,0.19912658694347096,0.0,0.9519434628975265,0.10351487060641174,0.46875,1.0,0.0,0.6666666666666666,0.08000355479485843,0.0,0.2078710830700231,0.9883294431477159,0.9600889297979402,0.0,0.99,1.0,0.952514797492906,0.9722194647020201,0.9919241319111343,1
4603,0.235426235007825,0.1,0.9929328621908127,0.10351487060641174,0.5,1.0,0.0,0.6666666666666666,0.13157732085278329,0.0,0.10090929917230151,0.9969989996665555,0.9789596205392844,0.0,0.9973333333333333,1.0,0.9001330306652686,0.9014152722775219,0.9026975138897754,1
4604,0.2348837130135214,0.2,0.9809187279151943,0.10351487060641174,0.46875,1.0,0.0,0.6666666666666666,0.1154035261398747,0.0,0.2866324448759524,0.9973324441480493,0.9761709707317567,0.0,0.998,1.0,0.8859905021738163,0.8974662044776853,0.9089419067815543,1
4605,0.13293831401256773,0.1,0.9681978798586572,0.10351487060641174,0.5,1.0,0.0,0.6666666666666666,0.11386554485019018,0.0,0.24126609507804309,0.9989996665555185,0.9816165169620815,0.0,0.9966666666666667,1.0,0.8016424344901648,0.8498632637404698,0.8980840929907749,1
4606,0.33569016462642465,0.4,0.9957597173144876,0.320855614973262,0.59375,0.8571428571428571,0.0,0.6666666666666666,0.21208599547611162,0.5,0.48919280183538116,0.9996665555185061,0.9964352714228231,0.0003333333333333333,0.9996666666666667,1.0,0.8357063668342815,0.904357962519138,0.9730095582039947,1
4607,0.19543844502003493,0.1,0.9674911660777386,0.10351487060641174,0.4375,1.0,0.0,0.6666666666666666,0.11151569368764147,0.0,0.2636620421074458,0.9976658886295432,0.9814462700290363,0.0,0.9973333333333333,1.0,0.8670824958318556,0.9003927308400709,0.9337029658482862,1
4608,0.5279329351989513,0.3,0.9872791519434629,0.4035087719298246,0.375,0.8571428571428571,0.0,0.6666666666666666,0.3808514271497766,0.0,0.48099043471513103,0.9996665555185061,0.9871398150630752,0.0,0.9986666666666667,1.0,0.8322376405715318,0.8413163514854892,0.8503950623994466,1
4609,0.09925172130958149,0.0,0.9696113074204947,0.10351487060641174,0.46875,1.0,0.0,0.6666666666666666,0.09807694352470842,0.0,0.09944187959006079,0.9963321107035679,0.9718478595483535,0.0,0.998,1.0,0.8187843508783509,0.8879792015094984,0.9571740521406459,1
4610,0.21579325361013768,0.1,0.9971731448763251,0.10351487060641174,0.6875,1.0,0.0,0.6666666666666666,0.10063781026992002,0.3333333333333333,0.08215988076813452,0.9996665555185061,0.9954912254078232,0.0003333333333333333,0.999,1.0,0.9366402195746173,0.9549706857939143,0.9733011520132113,1
4611,0.11021104128529491,0.3,0.9681978798586572,0.10351487060641174,0.5,1.0,0.0,0.6666666666666666,0.11825014026197611,0.0,0.41106859707321397,0.9989996665555185,0.9825858855882799,0.0,0.9976666666666667,1.0,0.8071775424589238,0.8359870635774449,0.8647965846959661,1
4612,0.2682170463468547,0.3,0.992226148409894,0.10351487060641174,0.5,1.0,0.0,0.6666666666666666,0.10616114258254616,0.0,0.06518584881502187,0.9989996665555185,0.9830473614438867,0.0,0.9983333333333333,1.0,0.8982102169307283,0.9193820738442234,0.9405539307577185,1
4613,0.25406939740098733,0.2,0.9908127208480565,0.10351487060641174,0.5625,1.0,0.0,0.6666666666666666,0.1578431710159428,0.3333333333333333,0.4730462007522881,0.9993331110370124,0.9901848419561545,0.0,0.9993333333333333,1.0,0.881223190601347,0.9184969873557736,0.9557707841102002,1
4614,0.283425458007048,0.2,0.9872791519434629,0.4035087719298246,0.375,0.8571428571428571,0.0,0.6666666666666666,0.26434460179598773,0.0,0.35342091860342206,0.9996665555185061,0.9876060563772409,0.0,0.9993333333333333,1.0,0.8479175863529084,0.8560491978303351,0.8641808093077616,1
4615,0.06374338553980785,0.0,0.9809187279151943,0.10351487060641174,0.78125,1.0,0.0,0.6666666666666666,0.08120674931941241,0.0,0.22847925690741866,0.9966655551850617,0.9753258408867237,0.0,0.997,1.0,0.86760787542264,0.8865383111992415,0.9054687469758432,1
4616,0.1261035731614334,0.2,0.984452296819788,0.10351487060641174,0.59375,1.0,0.0,0.6666666666666666,0.08036390737436583,0.0,0.14530302756583346,0.9989996665555185,0.9838781819193849,0.0,0.9976666666666667,1.0,0.8826493005452737,0.8862774491362793,0.8899055977272848,1
4617,0.19321704634685477,0.0,0.9915194346289753,0.10351487060641174,0.59375,1.0,0.0,0.6666666666666666,0.09366286063401741,0.0,0.3253522247436367,0.9966655551850617,0.9752499037472575,0.0,0.9983333333333333,1.0,0.9178242222270089,0.9205045191911585,0.923184816155308,1
4618,0.10927276156453991,0.1,0.9787985865724381,0.10351487060641174,0.875,1.0,0.0,0.6666666666666666,0.08124580910081936,0.0,0.1535177411644688,0.9986662220740247,0.9924119787376465,0.0,0.9923333333333333,1.0,0.8624568100984923,0.9086949871503633,0.9549331642022344,1
4619,0.3968920371821044,0.1,0.9943462897526502,0.10351487060641174,0.78125,1.0,0.0,0.6666666666666666,0.14627474178017597,1.0,0.7412592924122134,1.0,0.9970453886730225,0.0003333333333333333,0.999,1.0,0.8896725798410591,0.9266144853166625,0.9635563907922657,1
4620,0.2749027307343207,0.2,0.9992932862190813,0.10351487060641174,0.46875,1.0,0.0,0.6666666666666666,0.13863285961612792,0.5,0.5298751671657754,1.0,0.9940785424772507,0.0,0.9983333333333333,1.0,0.9128883225458908,0.935251738803897,0.9576151550619031,1
4621,0.22185385967074378,0.2,0.9964664310954063,0.10351487060641174,0.75,1.0,0.0,0.6666666666666666,0.0937658422158395,0.0,0.22232516615339726,0.9976658886295432,0.9858909093414848,0.0,0.9983333333333333,1.0,0.9432143908289801,0.9456566002425982,0.9480988096562164,1
4622,0.06374338553980785,0.0,0.9526501766784452,0.10351487060641174,0.5625,1.0,0.0,0.6666666666666666,0.07656672749737392,0.0,0.12248231770953566,0.9866622207402468,0.9608237002845953,0.0,0.9916666666666667,1.0,0.9152768612448873,0.9294204810215412,0.9435641007981951,1
4623,0.6414079847395747,0.8,0.9992932862190813,0.6033057851239669,0.34375,0.5714285714285714,0.0,0.6666666666666666,0.9233792693684372,1.0,0.6639289797939716,1.0,0.9898667148684985,0.0006666666666666666,1.0,1.0,0.7738410876880111,0.7990391320364749,0.8242371763849388,1
4624,0.19834023073432072,0.1,0.9802120141342756,0.10351487060641174,0.625,1.0,0.0,0.6666666666666666,0.0811823770536515,0.0,0.22876433821628683,0.9969989996665555,0.9774254629489929,0.0,0.998,1.0,0.9148192073740922,0.9562769091067989,0.9977346108395054,1
4625,0.4321803825927325,0.2,0.9978798586572438,0.320855614973262,0.5,0.8571428571428571,0.0,0.6666666666666666,0.2131146284040103,0.3333333333333333,0.4421665476238825,0.9996665555185061,0.9881008301318707,0.0003333333333333333,0.9993333333333333,1.0,0.8413948752650168,0.9205010526764345,0.9996072300878521,1
4626,0.37116220425780033,0.7,0.9978798586572438,0.803030303030303,0.25,0.42857142857142855,0.0,0.6666666666666666,0.9184438862947374,0.0,0.36630447686130485,0.9989996665555185,0.9568733162380949,0.0006666666666666666,0.9996666666666667,1.0,0.6701022067205934,0.769655108245392,0.8692080097701904,1
4627,0.07722018388377883,0.0,0.9971731448763251,0.10351487060641174,0.5625,1.0,0.0,0.6666666666666666,0.10288768213289412,0.0,0.26415303819975344,0.9966655551850617,0.9685419451443015,0.0,0.997,1.0,0.8104294965439858,0.8832812429194794,0.956132989294973,1
4628,0.13149498378676217,0.2,0.9915194346289753,0.10351487060641174,0.875,1.0,0.0,0.6666666666666666,0.08240820743888255,0.5,0.48956657526880887,0.9996665555185061,0.9891708781556913,0.0,0.9993333333333333,1.0,0.8580044751383482,0.8877132004054402,0.9174219256725322,1
4629,0.24053512586673476,0.1,0.9809187279151943,0.10351487060641174,0.46875,1.0,0.0,0.6666666666666666,0.13362915464088665,0.3333333333333333,0.38230372847634664,0.9993331110370124,0.989735345107033,0.0003333333333333333,0.9986666666666667,1.0,0.8563097435737735,0.870890245452795,0.8854707473318165,1
4630,0.09994745661105164,0.1,0.976678445229682,0.10351487060641174,0.71875,1.0,0.0,0.6666666666666666,0.09727062344010773,0.0,0.23570191212923775,0.9983327775925308,0.9855939356624965,0.0,0.998,1.0,0.819869954364585,0.8655956293858469,0.9113213044071088,1
4631,0.7277078262024597,0.9,0.9992932862190813,0.6033057851239669,0.4375,0.5714285714285714,0.0,0.6666666666666666,0.672486465997578,0.6666666666666666,0.6183883088703213,1.0,0.9895990135006184,0.0006666666666666666,1.0,1.0,0.8017228782644198,0.8876919325273441,0.9736609867902685,1
4632,0.19321704634685477,0.1,0.9809187279151943,0.10351487060641174,0.46875,1.0,0.0,0.6666666666666666,0.1338844626001775,0.0,0.3506082953413071,0.9976658886295432,0.9723829651347199,0.0,0.998,1.0,0.8692547888835876,0.8853714570106759,0.901488125137764,1
4633,0.1408942349266601,0.2,0.9915194346289753,0.10351487060641174,0.625,1.0,0.0,0.6666666666666666,0.10558548912716625,0.0,0.31978132033833706,0.9993331110370124,0.9822833148097763,0.0,0.9986666666666667,1.0,0.8323753954561174,0.8920232137200053,0.9516710319838931,1
4634,0.08149498378676212,0.0,0.9371024734982332,0.10351487060641174,0.5625,1.0,0.0,0.6666666666666666,0.078278731457049,0.0,0.2150446967568812,0.9899966655551851,0.9609435030632477,0.0,0.993,1.0,0.880571229744484,0.9129306178408566,0.9452900059372292,1
4635,0.11395760366252272,0.1,0.9731448763250884,0.10351487060641174,0.59375,1.0,0.0,0.6666666666666666,0.08785749876487248,0.0,0.25266102739549934,0.9983327775925308,0.9831961809084958,0.0,0.9943333333333333,1.0,0.8607338037253238,0.9279773458789358,0.9952208880325477,1
4636,0.11915912871698897,0.1,0.976678445229682,0.10351487060641174,0.71875,1.0,0.0,0.6666666666666666,0.09595504386443732,0.3333333333333333,0.16166797353995443,0.9989996665555185,0.9835178364630065,0.0,0.9986666666666667,1.0,0.8280705522286418,0.8575266003516839,0.8869826484747261,1
4637,0.6291234113894276,0.8,1.0,0.4035087719298246,0.5,0.8571428571428571,0.0,0.6666666666666666,0.6542789518548313,0.6666666666666666,0.786120644790193,1.0,0.9936679823185057,0.0013333333333333333,1.0,1.0,0.8097477679992962,0.8188015493508753,0.8278553307024544,1
4638,0.07546380153665833,0.0,0.9519434628975265,0.10351487060641174,0.46875,1.0,0.0,0.6666666666666666,0.0820861665157877,0.0,0.1422053549625334,0.9699899966655552,0.9407594619280041,0.0,0.991,1.0,0.958719536689725,0.9766768390475932,0.9946341414054614,1
4639,0.5457900780560943,0.5,0.9978798586572438,0.4035087719298246,0.4375,0.8571428571428571,0.0,0.6666666666666666,0.47433414671141183,0.0,0.4330046999821475,0.9996665555185061,0.9903929515189797,0.0,1.0,1.0,0.7855400971065392,0.826294240251959,0.8670483833973788,1
4640,0.14832579538365553,0.1,0.9971731448763251,0.10351487060641174,0.75,1.0,0.0,0.6666666666666666,0.08462046171270377,0.5,0.46158855214984273,0.9996665555185061,0.9925194665010371,0.0,0.9986666666666667,1.0,0.8572915495233806,0.8743664783048619,0.8914414070863431,1
4641,0.2475682196260799,0.3,0.995053003533569,0.5217391304347826,0.28125,0.7142857142857143,0.0,0.6666666666666666,0.5164414825798009,0.0,0.38927545405973385,0.9993331110370124,0.9690102341523784,0.0,0.9996666666666667,1.0,0.7401738645399942,0.7800846366162741,0.8199954086925542,1
4642,0.10879713486999165,0.2,0.9929328621908127,0.10351487060641174,0.625,1.0,0.0,0.6666666666666666,0.08821936327615354,0.0,0.21417346898245138,0.9986662220740247,0.9867629562822355,0.0,0.9983333333333333,1.0,0.9749688149353178,0.9826491278535996,0.9903294407718815,1
4643,0.11211889883193149,0.0,0.9936395759717315,0.2575250836120402,0.84375,1.0,0.0,0.6666666666666666,0.12417015157171418,0.0,0.23979204599903337,0.9966655551850617,0.9758600149619617,0.0,0.998,1.0,0.7866862499793343,0.8631856524528123,0.9396850549262903,1
4644,0.07775953050387341,0.0,0.9703180212014134,0.10351487060641174,0.75,1.0,0.0,0.6666666666666666,0.09836195600896336,0.0,0.21496935525213512,0.9949983327775925,0.9766036758914236,0.0,0.9956666666666667,1.0,0.9394757763513198,0.9656570751327853,0.9918383739142507,1
4645,0.06762227384288833,0.1,0.9371024734982332,0.10351487060641174,0.5625,1.0,0.0,0.6666666666666666,0.0813644007575608,0.0,0.26331861166364945,0.9979993331110371,0.9810745255593708,0.0,0.9966666666666667,1.0,0.9166380134728669,0.9458251453318742,0.9750122771908817,1
4646,0.06762227384288833,0.0,0.9371024734982332,0.10351487060641174,0.5625,1.0,0.0,0.6666666666666666,0.07683289017369266,0.0,0.10995397377831495,0.9939979993331111,0.9739132887504507,0.0,0.994,1.0,0.9215365106915513,0.9487859871635801,0.9760354636356089,1
4647,0.11949056811092829,0.1,0.984452296819788,0.10351487060641174,0.5625,1.0,0.0,0.6666666666666666,0.09236427210465836,0.3333333333333333,0.351530639672208,0.9996665555185061,0.9909002451649392,0.0,0.9973333333333333,1.0,0.8299762629975295,0.8648695431226742,0.8997628232478189,1
4648,0.08078016857973047,0.1,0.9681978798586572,0.10351487060641174,0.625,1.0,0.0,0.6666666666666666,0.08255153478837463,0.0,0.2856563973174219,0.9993331110370124,0.9864598925201744,0.0,0.9976666666666667,1.0,0.88120543001394,0.9339179099605843,0.9866303899072287,1
4649,0.3330019925834139,0.3,0.9964664310954063,0.320855614973262,0.53125,0.8571428571428571,0.0,0.6666666666666666,0.2905715269015626,0.3333333333333333,0.4299852510720171,0.9996665555185061,0.9867086016952903,0.0003333333333333333,0.9986666666666667,1.0,0.819496763628036,0.8472274953921513,0.8749582271562665,1
4650,0.18258505464291486,0.3,0.9964664310954063,0.10351487060641174,0.75,1.0,0.0,0.6666666666666666,0.08603242068151096,0.0,0.39777909173198345,0.9996665555185061,0.9905811933079706,0.0,0.9983333333333333,1.0,0.8481800690682922,0.9009487372641278,0.9537174054599635,1
4651,0.08874338553980787,0.1,0.9646643109540636,0.10351487060641174,0.59375,1.0,0.0,0.6666666666666666,0.0776886764691671,0.0,0.1998990588584717,0.9983327775925308,0.9891696974821075,0.0,0.9923333333333333,1.0,0.8983726050949746,0.9015555646337425,0.9047385241725105,1
4652,0.10222018388377885,0.1,0.9915194346289753,0.10351487060641174,0.75,1.0,0.0,0.6666666666666666,0.09759041652468381,0.0,0.3163449222832788,0.9989996665555185,0.9821975537638762,0.0,0.9973333333333333,1.0,0.817375964899489,0.8800584838456242,0.9427410027917594,1
4653,0.1219789940368543,0.2,0.9731448763250884,0.10351487060641174,0.59375,1.0,0.0,0.6666666666666666,0.08316381471737022,0.0,0.10137522480401606,0.9979993331110371,0.9828682861622247,0.0,0.998,1.0,0.8574313912369843,0.9002372866160894,0.9430431819951944,1
4654,0.235426235007825,0.1,0.9908127208480565,0.10351487060641174,0.5625,1.0,0.0,0.6666666666666666,0.15706492088302437,0.0,0.31913464768263566,0.9979993331110371,0.9784782873186015,0.0,0.9983333333333333,1.0,0.884003702934487,0.8928441924432593,0.9016846819520317,1
4655,0.21757099996508988,0.0,0.9908127208480565,0.10351487060641174,0.78125,1.0,0.0,0.6666666666666666,0.08087869500826472,0.0,0.23720766444179786,0.9966655551850617,0.9793528587402457,0.0,0.999,1.0,0.8787907746390999,0.9222420004301257,0.9656932262211516,1
4656,0.17186948470404395,0.2,0.9915194346289753,0.10351487060641174,0.40625,1.0,0.0,0.6666666666666666,0.13401166701784328,0.0,0.3216620685890481,0.9983327775925308,0.9794807592951399,0.0,0.999,1.0,0.8150949682258374,0.8827575954177451,0.9504202226096528,1
4657,0.19321704634685477,0.1,0.9681978798586572,0.10351487060641174,0.625,1.0,0.0,0.6666666666666666,0.08711132471051031,0.0,0.24361738465135596,0.9969989996665555,0.9766240404697432,0.0,0.9956666666666667,1.0,0.9055086995304902,0.9261937170922911,0.9468787346540922,1
4658,0.41233911275146273,0.2,0.9858657243816255,0.320855614973262,0.28125,0.8571428571428571,0.0,0.6666666666666666,0.2469179873989764,0.0,0.10866089332246864,0.9973324441480493,0.9765528188572534,0.0,0.9986666666666667,1.0,0.8432197975708877,0.9050694090648037,0.9669190205587198,1
4659,0.06374338553980785,0.0,0.9371024734982332,0.10351487060641174,0.5625,1.0,0.0,0.6666666666666666,0.07599665581098292,0.0,0.05440819671286079,0.9903301100366789,0.9686228335673315,0.0,0.9873333333333333,1.0,0.9334033633586898,0.9427455684687749,0.9520877735788601,1
4660,0.06374338553980785,0.0,0.9526501766784452,0.10351487060641174,0.5625,1.0,0.0,0.6666666666666666,0.07732907973575587,0.0,0.2275114730074862,0.9943314438146049,0.9738353600389438,0.0,0.9943333333333333,1.0,0.9219113368555222,0.9424803546889065,0.9630493725222906,1
4661,0.1219789940368543,0.2,0.9731448763250884,0.10351487060641174,0.59375,1.0,0.0,0.6666666666666666,0.08364542745731396,0.0,0.3213304845388595,0.9979993331110371,0.9847367798760697,0.0,0.9986666666666667,1.0,0.8546357716388205,0.8968898391217288,0.9391439066046372,1
4662,0.235426235007825,0.2,0.9893992932862191,0.10351487060641174,0.375,1.0,0.0,0.6666666666666666,0.12434160553722995,0.0,0.262563286137497,0.9989996665555185,0.9870568280492938,0.0,0.9986666666666667,1.0,0.8954058141898463,0.9016750572045593,0.9079443002192722,1
4663,0.38948606406765407,0.4,0.9971731448763251,0.4035087719298246,0.3125,0.8571428571428571,0.0,0.6666666666666666,0.5077238830948496,0.5,0.5001202589377775,1.0,0.9936863288299204,0.0003333333333333333,0.9993333333333333,1.0,0.8203617136965522,0.909992099922255,0.9996224861479578,1
4664,0.13149498378676217,0.3,0.9915194346289753,0.10351487060641174,0.875,1.0,0.0,0.6666666666666666,0.08135552384956368,1.0,0.7507464403445125,1.0,0.9963413930188186,0.0003333333333333333,1.0,1.0,0.8625429292856251,0.8912731981181384,0.9200034669506517,1
4665,0.08297415477057701,0.1,0.9526501766784452,0.10351487060641174,0.5625,1.0,0.0,0.6666666666666666,0.07734447487941731,0.0,0.4671812504771613,0.9993331110370124,0.9916410483572347,0.0,0.9946666666666667,1.0,0.9293307444811723,0.9474906274650483,0.9656505104489244,1
4666,0.24053512586673476,0.1,0.9809187279151943,0.10351487060641174,0.46875,1.0,0.0,0.6666666666666666,0.1340025790994085,0.0,0.33537627434786965,0.9986662220740247,0.9893327576650893,0.0,0.9976666666666667,1.0,0.8591991755335301,0.8713325150984784,0.8834658546634268,1
4667,0.07546380153665833,0.0,0.9809187279151943,0.10351487060641174,0.59375,1.0,0.0,0.6666666666666666,0.07733481484766236,0.0,0.12730479958630747,0.9949983327775925,0.9766408859505458,0.0,0.992,1.0,0.9598265020561917,0.9617218236677474,0.963617145279303,1
4668,0.12332579538365562,0.1,0.9809187279151943,0.10351487060641174,0.78125,1.0,0.0,0.6666666666666666,0.08364996306403805,1.0,0.5020794899592107,1.0,0.992404757349666,0.0,0.9986666666666667,1.0,0.863269265122613,0.8759295415125884,0.8885898179025637,1
4669,0.4136331086106759,0.3,0.9985865724381625,0.10351487060641174,0.65625,1.0,0.0,0.6666666666666666,0.11040660865197505,0.0,0.3733712042486371,0.9993331110370124,0.9846882680160893,0.0,1.0,1.0,0.9461195576347674,0.9499915691425522,0.9538635806503369,1
4670,0.11622106896541184,0.1,0.9795053003533569,0.10351487060641174,0.875,1.0,0.0,0.6666666666666666,0.08533124041565532,0.0,0.17826576823480378,0.9983327775925308,0.9839825087611952,0.0,0.9966666666666667,1.0,0.9613153420638136,0.9632502774036111,0.9651852127434086,1
4671,0.4888538528249776,0.3,1.0,0.2575250836120402,0.59375,1.0,0.0,0.6666666666666666,0.23137439569467722,1.0,0.8806215517847915,1.0,0.9975298852214355,0.0003333333333333333,1.0,1.0,0.7621708903590796,0.8665477481590101,0.9709246059589407,1
4672,0.1219789940368543,0.3,0.9731448763250884,0.10351487060641174,0.59375,1.0,0.0,0.6666666666666666,0.08321708354705581,0.0,0.15733483508444446,0.9979993331110371,0.9842140593328218,0.0,0.9983333333333333,1.0,0.8588869372821268,0.9046259349502866,0.9503649326184465,1
4673,0.2749027307343207,0.3,0.9929328621908127,0.10351487060641174,0.6875,1.0,0.0,0.6666666666666666,0.12769265177502487,0.5,0.16581825611452705,0.9996665555185061,0.9934939292740013,0.0003333333333333333,0.999,1.0,0.9211553459625672,0.9411814699519058,0.9612075939412443,1
4674,0.09922756825999335,0.1,0.9681978798586572,0.10351487060641174,0.5,1.0,0.0,0.6666666666666666,0.14781752381896107,0.0,0.2553206469357111,0.9979993331110371,0.9710465614695407,0.0,0.9983333333333333,1.0,0.7962143846220843,0.8711704713537309,0.9461265580853775,1
4675,0.06762227384288833,0.0,0.9371024734982332,0.10351487060641174,0.5625,1.0,0.0,0.6666666666666666,0.07988976740767217,0.0,0.12890243837431647,0.9906635545181727,0.96732366072375,0.0,0.994,1.0,0.9326260123649466,0.9593419710060009,0.9860579296470554,1
4676,0.4969664419440092,0.2,0.9985865724381625,0.10351487060641174,0.40625,1.0,0.0,0.6666666666666666,0.3219496109821661,0.0,0.4997595109866455,0.9996665555185061,0.9892656473590964,0.0,0.999,1.0,0.8829972823804606,0.8862727428094519,0.8895482032384431,1
4677,0.30989651383277383,0.2,0.9858657243816255,0.320855614973262,0.28125,0.8571428571428571,0.0,0.6666666666666666,0.4610803245056032,0.3333333333333333,0.7027769805032532,1.0,0.9957933007241152,0.0003333333333333333,0.999,1.0,0.8153763860835233,0.8798444385350968,0.9443124909866702,1
4678,0.10879713486999165,0.1,0.9929328621908127,0.10351487060641174,0.625,1.0,0.0,0.6666666666666666,0.087182416504204,0.0,0.23280806668110132,0.9969989996665555,0.9845789347066899,0.0,0.9953333333333333,1.0,0.9758838227693167,0.9788518054542217,0.9818197881391267,1
4679,0.33090155295941315,0.6,0.9985865724381625,0.2575250836120402,0.46875,1.0,0.0,0.6666666666666666,0.4402573171413291,1.0,0.6245376471716813,1.0,0.9818472311666389,0.0006666666666666666,1.0,1.0,0.7720892790552475,0.7749267033272881,0.7777641275993287,1
4680,0.08078016857973047,0.1,0.9681978798586572,0.10351487060641174,0.625,1.0,0.0,0.6666666666666666,0.08253289922215534,0.0,0.2835904961556339,0.9989996665555185,0.9863237003035726,0.0,0.9973333333333333,1.0,0.8832051410274802,0.9339459609197225,0.9846867808119647,1
4681,0.22668844502003493,0.0,0.9971731448763251,0.10351487060641174,0.71875,1.0,0.0,0.6666666666666666,0.09170605803381249,0.0,0.352072021465735,0.9963321107035679,0.9802417908535276,0.0,0.995,1.0,0.864310649625028,0.9232063715454031,0.982102093465778,1
4682,0.06762227384288833,0.0,0.9371024734982332,0.10351487060641174,0.5625,1.0,0.0,0.6666666666666666,0.07745764589465276,0.0,0.15832107768039405,0.9926642214071357,0.9742119901298902,0.0,0.994,1.0,0.9147819851734362,0.9497199400412427,0.9846578949090492,1
4683,0.4006799159699833,0.4,0.9879858657243816,0.10351487060641174,0.5,1.0,0.0,0.6666666666666666,0.13009236019379422,0.0,0.48914283598507613,0.9996665555185061,0.9842973046406789,0.0,0.9996666666666667,1.0,0.8777174833274003,0.9279520232072854,0.9781865630871706,1
4684,0.32974966950983087,0.2,0.9957597173144876,0.4035087719298246,0.59375,0.8571428571428571,0.0,0.6666666666666666,0.2317338995488043,0.0,0.16998211218887416,0.9983327775925308,0.9774547065364065,0.0,0.9986666666666667,1.0,0.8555210136506318,0.8955585018231065,0.9355959899955811,1
4685,0.3422045371821044,0.1,0.9703180212014134,0.10351487060641174,0.75,1.0,0.0,0.6666666666666666,0.10767379429889867,0.0,0.185551196293959,0.9969989996665555,0.983153840781064,0.0,0.997,1.0,0.9255075544653004,0.9532783781490959,0.9810492018328913,1
4686,0.33569016462642465,0.5,0.9985865724381625,0.320855614973262,0.59375,0.8571428571428571,0.0,0.6666666666666666,0.15951566172285425,0.3333333333333333,0.44504195825200277,0.9993331110370124,0.9885661791293502,0.0003333333333333333,0.9986666666666667,1.0,0.8514008845297988,0.887248491989833,0.9230960994498673,1
4687,0.38948606406765407,0.5,0.9985865724381625,0.6033057851239669,0.25,0.5714285714285714,0.0,0.6666666666666666,0.5372449189224052,0.5,0.3849593027329875,0.9993331110370124,0.9822442982919812,0.0,0.9996666666666667,1.0,0.8163037749776026,0.9029701755755184,0.9896365761734343,1
4688,0.19321704634685477,0.0,0.9964664310954063,0.10351487060641174,0.5625,1.0,0.0,0.6666666666666666,0.09766250601763238,0.0,0.30025979173497397,0.9963321107035679,0.972982674263337,0.0,0.996,1.0,0.8862850534751471,0.9037197953103631,0.9211545371455789,1
4689,0.08647065826708056,0.1,0.9526501766784452,0.10351487060641174,0.5625,1.0,0.0,0.6666666666666666,0.07659688961050903,0.5,0.5381626425853427,1.0,0.993089283485763,0.0,0.992,1.0,0.9084464755905503,0.9174982802703753,0.9265500849502003,1
4690,0.45522537051543777,0.4,0.9971731448763251,0.10351487060641174,0.75,1.0,0.0,0.6666666666666666,0.1202914573608369,0.5,0.44218210257683765,0.9996665555185061,0.9934266533391521,0.0003333333333333333,0.9996666666666667,1.0,0.8955439208617726,0.9476349976501691,0.9997260744385656,1
4691,0.23846794240420244,0.3,0.9978798586572438,0.8591549295774648,0.21875,0.2857142857142857,0.0,0.6666666666666666,0.4710348888359698,0.0,0.3961743120921264,0.9983327775925308,0.9658098018324554,0.0,0.999,1.0,0.7924232212010146,0.8805610995169367,0.9686989778328589,1
4692,0.22982986042430598,0.4,1.0,0.2575250836120402,0.5,1.0,0.0,0.6666666666666666,0.1943008766046097,0.5,0.4658330919556677,0.9996665555185061,0.9878015800155565,0.0,0.9996666666666667,1.0,0.7983153968561089,0.8019990124889886,0.8056826281218684,1
4693,0.12105306811092831,0.1,0.9809187279151943,0.10351487060641174,0.78125,1.0,0.0,0.6666666666666666,0.08541931414741744,0.5,0.48811974568326244,0.9996665555185061,0.9900334480334188,0.0003333333333333333,0.9966666666666667,1.0,0.850784556598619,0.875365168307711,0.899945780016803,1
4694,0.22321622279781272,0.1,0.9674911660777386,0.10351487060641174,0.4375,1.0,0.0,0.6666666666666666,0.1105323454013033,0.5,0.41815333793228215,0.9996665555185061,0.9979971999218618,0.0003333333333333333,0.9973333333333333,1.0,0.860967042634979,0.8999206729552067,0.9388743032754344,1
4695,0.19543844502003493,0.0,0.9731448763250884,0.10351487060641174,0.59375,1.0,0.0,0.6666666666666666,0.09353135186922223,0.0,0.1738732496155413,0.9903301100366789,0.9684979052241812,0.0,0.9946666666666667,1.0,0.8589448854670165,0.919813404488572,0.9806819235101275,1
4696,0.3965797636376239,0.4,0.9943462897526502,0.5217391304347826,0.3125,0.7142857142857143,0.0,0.6666666666666666,0.6471665608133025,0.0,0.3405130869792452,0.9993331110370124,0.9605995475290052,0.0003333333333333333,1.0,1.0,0.7125995523751422,0.8364474229738457,0.9602952935725491,1
4697,0.06374338553980785,0.0,0.9526501766784452,0.10351487060641174,0.5625,1.0,0.0,0.6666666666666666,0.076820731587953,0.0,0.2505945378227393,0.9956652217405801,0.9709994175696025,0.0,0.9896666666666667,1.0,0.8972426097988833,0.9131133457356022,0.9289840816723212,1
4698,0.09213046820332504,0.1,1.0,0.10351487060641174,0.65625,1.0,0.0,0.6666666666666666,0.08269000837372587,0.3333333333333333,0.3584850344674506,0.9996665555185061,0.9961755054989557,0.0,0.9963333333333333,1.0,0.9918024639925803,0.9946126262492602,0.99742278850594,1
4699,0.0983257953836556,0.0,0.995053003533569,0.10351487060641174,0.71875,1.0,0.0,0.6666666666666666,0.08262018668971893,0.0,0.16224292084514247,0.995998666222074,0.9794145801758404,0.0,0.9973333333333333,1.0,0.8626523776951492,0.8818938296344211,0.9011352815736929,1
4700,0.0983257953836556,0.2,0.9901060070671378,0.10351487060641174,0.59375,1.0,0.0,0.6666666666666666,0.08016634485639995,0.0,0.4818369376523729,0.9993331110370124,0.9849455228905021,0.0,0.9983333333333333,1.0,0.8812864217189292,0.8878556880501882,0.8944249543814473,1
4701,0.19834023073432072,0.1,0.9787985865724381,0.10351487060641174,0.6875,1.0,0.0,0.6666666666666666,0.08297334429922076,0.0,0.3630849209442445,0.9969989996665555,0.9820013589986689,0.0,0.997,1.0,0.9081472230949155,0.9506495145927505,0.9931518060905854,1
4702,0.44521459479618475,0.2,0.9865724381625441,0.2575250836120402,0.375,1.0,0.0,0.6666666666666666,0.206498521365876,0.0,0.24432013497596883,0.9983327775925308,0.9756008475829319,0.0,0.9986666666666667,1.0,0.7530123819879304,0.8268032331646107,0.9005940843412908,1
4703,0.09922756825999335,0.0,0.9681978798586572,0.10351487060641174,0.5,1.0,0.0,0.6666666666666666,0.13455056626747508,0.0,0.1865349321703369,0.9956652217405801,0.9576595930967373,0.0,0.9976666666666667,1.0,0.7993901298037851,0.8792717366799558,0.9591533435561267,1
4704,0.08149498378676212,0.0,0.9371024734982332,0.10351487060641174,0.5625,1.0,0.0,0.6666666666666666,0.0771404582673304,0.0,0.07641946738586969,0.995998666222074,0.9782677246903859,0.0,0.9916666666666667,1.0,0.895134070371569,0.9262021155782981,0.9572701607850272,1
4705,0.1774250402595995,0.2,0.9915194346289753,0.2575250836120402,0.4375,1.0,0.0,0.6666666666666666,0.22828029380822168,0.0,0.3951329995090679,0.9996665555185061,0.9877981951740129,0.0,0.9986666666666667,1.0,0.7767890197027806,0.8578535055706704,0.9389179914385604,1
4706,0.37378602336761335,0.3,0.995053003533569,0.2575250836120402,0.71875,1.0,0.0,0.6666666666666666,0.31676553934125284,0.0,0.2740556818168639,0.9986662220740247,0.97368050655208,0.0003333333333333333,0.999,1.0,0.7326752885667822,0.8361741435617953,0.9396729985568083,1
4707,0.06762227384288833,0.1,0.9901060070671378,0.10351487060641174,0.9375,1.0,0.0,0.6666666666666666,0.0823579866675822,0.0,0.24050876456959014,0.9976658886295432,0.9849513202596895,0.0,0.998,1.0,0.956603991364693,0.9656581684841197,0.9747123456035462,1
4708,0.4484996695098309,0.7,1.0,0.6033057851239669,0.5625,0.5714285714285714,0.0,0.6666666666666666,0.572169716537067,0.6666666666666666,0.6425612747590774,1.0,0.9911663858617034,0.001,0.9996666666666667,1.0,0.8111942976987102,0.8614188415227055,0.9116433853467009,1
4709,0.12978616628847095,0.1,0.9816254416961131,0.10351487060641174,0.5625,1.0,0.0,0.6666666666666666,0.0900242023450003,0.3333333333333333,0.4764245574464324,0.9996665555185061,0.9913428475104883,0.0003333333333333333,0.9973333333333333,1.0,0.8391242446595676,0.9145633921382313,0.9900025396168951,1
4710,0.3552253705154379,0.1,0.9879858657243816,0.10351487060641174,0.5,1.0,0.0,0.6666666666666666,0.11805461129892825,0.0,0.21055922931115256,0.9993331110370124,0.9830178689816913,0.0,0.9976666666666667,1.0,0.8857411941167124,0.9237504110761996,0.9617596280356868,1
4711,0.06762227384288833,0.1,0.9717314487632509,0.10351487060641174,0.625,1.0,0.0,0.6666666666666666,0.08063876864564279,0.0,0.34289399182549696,0.9969989996665555,0.9794034735867054,0.0,0.997,1.0,0.9546258967073321,0.9707505480417693,0.9868751993762065,1
4712,0.32336547792333825,0.4,0.9978798586572438,0.5217391304347826,0.3125,0.7142857142857143,0.0,0.6666666666666666,0.2730676932901318,1.0,0.5212124337325781,1.0,0.9730744513007992,0.0,0.9986666666666667,1.0,0.7471011169702683,0.8305457896701389,0.9139904623700095,1
4713,0.24352621251569717,0.0,0.995053003533569,0.10351487060641174,0.65625,1.0,0.0,0.6666666666666666,0.13835223420016207,0.0,0.23824136539245344,0.9966655551850617,0.9848204370381306,0.0,0.9963333333333333,1.0,0.8994225582489063,0.9489459247719689,0.9984692912950316,1
4714,0.19912658694347096,0.0,0.9519434628975265,0.10351487060641174,0.46875,1.0,0.0,0.6666666666666666,0.08192890876710035,0.0,0.12567112307021477,0.9736578859619873,0.9455093926058914,0.0,0.9886666666666667,1.0,0.9519368307596124,0.9731388866770906,0.9943409425945687,1
4715,0.32974966950983087,0.2,0.9957597173144876,0.4035087719298246,0.59375,0.8571428571428571,0.0,0.6666666666666666,0.242892967845446,0.0,0.34208034366500695,0.9983327775925308,0.9773157647624767,0.0,0.9983333333333333,1.0,0.8530643294970092,0.8909840743219251,0.9289038191468408,1
4716,0.19543844502003493,0.0,0.9674911660777386,0.10351487060641174,0.4375,1.0,0.0,0.6666666666666666,0.10579811862981581,0.0,0.1671478924739006,0.9903301100366789,0.9700103935663668,0.0,0.9946666666666667,1.0,0.8784558262647795,0.9077410093413407,0.9370261924179021,1
4717,0.2529247087562987,0.3,0.9703180212014134,0.10351487060641174,0.53125,1.0,0.0,0.6666666666666666,0.1605004157412555,0.0,0.3878250057482574,0.9993331110370124,0.9858062922913449,0.0,0.9993333333333333,1.0,0.8899641517162151,0.9358856584548392,0.9818071651934631,1
4718,0.33569016462642465,0.4,0.9957597173144876,0.320855614973262,0.59375,0.8571428571428571,0.0,0.6666666666666666,0.16916156664027548,0.5,0.5406603127419638,1.0,0.9919946686486977,0.0003333333333333333,0.9996666666666667,1.0,0.8472873608981347,0.8942227102311096,0.9411580595640843,1
4719,0.2920595934794188,0.4,0.9957597173144876,0.10351487060641174,0.4375,1.0,0.0,0.6666666666666666,0.11597762830364022,1.0,0.5544943881079105,1.0,0.9905158003701395,0.0003333333333333333,1.0,1.0,0.9162139814404694,0.9504354856500381,0.9846569898596067,1
4720,0.22690436472124875,0.0,0.9738515901060071,0.10351487060641174,0.59375,1.0,0.0,0.6666666666666666,0.09199380518977052,0.0,0.23623495590467525,0.9946648882960987,0.9786754735534888,0.0,0.9936666666666667,1.0,0.954117355425465,0.9565062159870449,0.9588950765486247,1
4721,0.11720926950104782,0.2,0.9936395759717315,0.10351487060641174,0.71875,1.0,0.0,0.6666666666666666,0.07818288114238925,0.0,0.38341382272563607,0.9989996665555185,0.9885738269733944,0.0,0.9976666666666667,1.0,0.8898894638558652,0.9313990754839518,0.9729086871120385,1
4722,0.3490820236636136,0.2,0.9872791519434629,0.4035087719298246,0.375,0.8571428571428571,0.0,0.6666666666666666,0.24109072618830196,0.5,0.7194048879053738,1.0,0.9951641620278177,0.0003333333333333333,0.998,1.0,0.8555611869712085,0.8611346157970252,0.8667080446228418,1
4723,0.06762227384288833,0.1,0.9371024734982332,0.10351487060641174,0.5625,1.0,0.0,0.6666666666666666,0.08223515453383501,0.0,0.22504360341910856,0.9986662220740247,0.9836279399407604,0.0,0.995,1.0,0.9199540071814216,0.944335575568015,0.9687171439546084,1
4724,0.11915912871698897,0.1,0.9809187279151943,0.10351487060641174,0.78125,1.0,0.0,0.6666666666666666,0.09166725208763282,0.5,0.4119896749873032,0.9996665555185061,0.9903412633463288,0.0003333333333333333,0.998,1.0,0.8381383121797034,0.8614773602454915,0.8848164083112796,1
4725,0.09164841939276225,0.1,0.9915194346289753,0.10351487060641174,0.59375,1.0,0.0,0.6666666666666666,0.09073630727504178,0.0,0.466215185719267,0.9996665555185061,0.9879862729880421,0.0,0.9983333333333333,1.0,0.9333212790325592,0.9399607660251323,0.9466002530177056,1
4726,0.11949056811092829,0.1,0.9971731448763251,0.10351487060641174,0.75,1.0,0.0,0.6666666666666666,0.0917664732796466,0.0,0.3538910345585228,0.9996665555185061,0.9910894566978845,0.0,0.998,1.0,0.8339923037809873,0.8624798247793641,0.890967345777741,1
4727,0.21244781557762393,0.2,0.992226148409894,0.10351487060641174,0.5,1.0,0.0,0.6666666666666666,0.10013735672561852,0.3333333333333333,0.44767507186983524,0.9989996665555185,0.9890352723605164,0.0,0.9983333333333333,1.0,0.9080605513373515,0.9179716296483633,0.9278827079593752,1
4728,0.12359034564820581,0.1,0.9901060070671378,0.10351487060641174,0.65625,1.0,0.0,0.6666666666666666,0.0910616459664253,0.0,0.3844310498654676,0.9969989996665555,0.9770894676956416,0.0,0.9996666666666667,1.0,0.8382785903342583,0.8615056698248234,0.8847327493153885,1
4729,0.19912658694347096,0.0,0.9519434628975265,0.10351487060641174,0.46875,1.0,0.0,0.6666666666666666,0.0789925558910014,0.0,0.1938853426187307,0.995998666222074,0.9782289992201089,0.0,0.9936666666666667,1.0,0.9381998563716729,0.9614167056662795,0.9846335549608859,1
4730,0.22185385967074378,0.0,0.9858657243816255,0.10351487060641174,0.71875,1.0,0.0,0.6666666666666666,0.09180911903759248,0.0,0.046392583438903956,0.9953317772590864,0.9809651020861478,0.0,0.998,1.0,0.944024683983645,0.9486735165726654,0.9533223491616858,1
4731,0.38765908263664994,0.2,1.0,0.10351487060641174,0.71875,1.0,0.0,0.6666666666666666,0.10300796342511986,0.0,0.27650981714748857,0.9989996665555185,0.9871351037607203,0.0,0.9993333333333333,1.0,0.9220242566835365,0.9602805007423456,0.9985367448011546,1
4732,0.16172756825999335,0.0,0.984452296819788,0.10351487060641174,0.53125,1.0,0.0,0.6666666666666666,0.11543065249263695,0.0,0.3240586530173012,0.9963321107035679,0.9757472565923637,0.0,0.9983333333333333,1.0,0.8518204987605698,0.8806671174085676,0.9095137360565655,1
4733,0.08149498378676212,0.0,0.9915194346289753,0.10351487060641174,0.9375,1.0,0.0,0.6666666666666666,0.08168999471459848,0.0,0.2514321482730526,0.9963321107035679,0.9814384420705415,0.0,0.9953333333333333,1.0,0.8594016882345643,0.903182515951718,0.9469633436688716,1
4734,0.6501619306658137,0.6,0.9978798586572438,0.6033057851239669,0.1875,0.5714285714285714,0.0,0.6666666666666666,0.9248499778845134,0.6666666666666666,0.06036278052792676,0.9993331110370124,0.9841424091139467,0.0026666666666666666,0.9993333333333333,1.0,0.773288950165905,0.847965823832664,0.9226426974994227,1
4735,0.11482831712009545,0.1,0.9371024734982332,0.10351487060641174,0.5625,1.0,0.0,0.6666666666666666,0.07865054063769705,0.0,0.345298018463001,0.9969989996665555,0.9766145713878559,0.0,0.995,1.0,0.8774628961280877,0.9056594324585426,0.9338559687889976,1
4736,0.07775953050387341,0.0,0.9371024734982332,0.10351487060641174,0.5625,1.0,0.0,0.6666666666666666,0.08278662200602804,0.0,0.20519144816376067,0.991997332444148,0.9694802426173754,0.0,0.995,1.0,0.9283550555218119,0.9466968625812595,0.9650386696407073,1
4737,0.31656939740098733,0.3,0.9908127208480565,0.10351487060641174,0.5625,1.0,0.0,0.6666666666666666,0.15178378993401032,0.5,0.6842931728458308,1.0,0.9971934969196765,0.0003333333333333333,0.9993333333333333,1.0,0.8850334538457768,0.9245292316367875,0.9640250094277981,1
4738,0.3965797636376239,0.4,0.9943462897526502,0.5217391304347826,0.3125,0.7142857142857143,0.0,0.6666666666666666,0.5571807964049487,1.0,0.5549646028814308,1.0,0.9831966527238533,0.0003333333333333333,0.9996666666666667,1.0,0.7203671470727808,0.8498842908803088,0.9794014346878367,1
4739,0.22668844502003493,0.1,0.9674911660777386,0.10351487060641174,0.4375,1.0,0.0,0.6666666666666666,0.10133531465242085,0.0,0.07341044882879433,0.9973324441480493,0.9863862304006678,0.0,0.9946666666666667,1.0,0.8837157704641109,0.9133001154847591,0.9428844605054073,1
4740,0.22668844502003493,0.0,0.9674911660777386,0.10351487060641174,0.4375,1.0,0.0,0.6666666666666666,0.09517177460263115,0.0,0.07278336862330714,0.9926642214071357,0.9727088910805122,0.0,0.9946666666666667,1.0,0.8690141143819281,0.917644410487609,0.96627470659329,1
4741,0.6335899449362408,0.8,0.9985865724381625,0.803030303030303,0.15625,0.42857142857142855,0.0,0.6666666666666666,0.9420725397079311,0.6666666666666666,0.38269315432311424,0.9996665555185061,0.98522649825943,0.003,1.0,1.0,0.6675512966649836,0.8111185474699536,0.9546857982749236,1
4742,0.16423488629274652,0.0,0.9879858657243816,0.10351487060641174,0.5625,1.0,0.0,0.6666666666666666,0.19518845397014295,0.0,0.2358389944342919,0.995998666222074,0.9496066859489768,0.0,0.998,1.0,0.7881469925133314,0.8044750517907904,0.8208031110682492,1
4743,0.06374338553980785,0.0,0.9371024734982332,0.10351487060641174,0.5625,1.0,0.0,0.6666666666666666,0.07587730336006138,0.0,0.10557859600108233,0.976325441813938,0.9494926315004862,0.0,0.9853333333333333,1.0,0.9193962948683049,0.9279544615705857,0.9365126282728665,1
4744,0.09213046820332504,0.0,0.9717314487632509,0.10351487060641174,0.625,1.0,0.0,0.6666666666666666,0.08445795610927942,0.0,0.2176024134302461,0.9963321107035679,0.986091229436382,0.0,0.9966666666666667,1.0,0.9959304516325882,0.9974629829632926,0.9989955142939969,1
4745,0.22982986042430598,0.4,1.0,0.2575250836120402,0.625,1.0,0.0,0.6666666666666666,0.17359481613535832,1.0,0.7660523141107899,1.0,0.9953620727762649,0.0006666666666666666,1.0,1.0,0.7963983015718248,0.8069910400191799,0.817583778466535,1
4746,0.08647065826708056,0.0,0.9526501766784452,0.10351487060641174,0.5625,1.0,0.0,0.6666666666666666,0.07683352068944904,0.0,0.2635175632696658,0.9956652217405801,0.9789108315691537,0.0,0.9913333333333333,1.0,0.9078398495555123,0.9242871686854144,0.9407344878153164,1
4747,0.1746188988319315,0.2,0.9929328621908127,0.2575250836120402,0.71875,1.0,0.0,0.6666666666666666,0.13743039731940565,0.5,0.6907862592292224,1.0,0.9938024759204617,0.0003333333333333333,0.9996666666666667,1.0,0.7839120570296885,0.883001766602334,0.9820914761749794,1
4748,0.09676329538365558,0.0,0.984452296819788,0.10351487060641174,0.5625,1.0,0.0,0.6666666666666666,0.10551150200957626,0.0,0.16202691082616616,0.9933311103701233,0.9682212482691819,0.0,0.9963333333333333,1.0,0.8146479563626239,0.8442356621239702,0.8738233678853164,1
4749,0.22690436472124875,0.2,0.9964664310954063,0.10351487060641174,0.75,1.0,0.0,0.6666666666666666,0.09343202229795544,0.0,0.29563848817848526,0.9996665555185061,0.9929622676024273,0.0,0.996,1.0,0.9481401677939503,0.9486566974991013,0.9491732272042525,1
4750,0.09213046820332504,0.0,0.9717314487632509,0.10351487060641174,0.625,1.0,0.0,0.6666666666666666,0.08476652408317642,0.0,0.06293631193796001,0.9963321107035679,0.9865612995666219,0.0,0.996,1.0,0.996790413094619,0.9980779003386843,0.9993653875827495,1
4751,0.5457900780560943,0.4,0.9992932862190813,0.4035087719298246,0.59375,0.8571428571428571,0.0,0.6666666666666666,0.3690514011289926,1.0,0.5303052844832148,1.0,0.9895127369639969,0.0,1.0,1.0,0.8072411143193622,0.8368134526880959,0.8663857910568298,1
4752,0.07722018388377883,0.0,0.9681978798586572,0.10351487060641174,0.5,1.0,0.0,0.6666666666666666,0.11036027443036989,0.0,0.1765279829148828,0.9939979993331111,0.9572975829590191,0.0,0.998,1.0,0.8019316466515231,0.8789808950045305,0.9560301433575379,1
4753,0.19834023073432072,0.0,0.9646643109540636,0.10351487060641174,0.59375,1.0,0.0,0.6666666666666666,0.07785571629106303,0.0,0.187249390503471,0.9953317772590864,0.9710963062375338,0.0,0.995,1.0,0.9043010514475041,0.9314537696111572,0.9586064877748104,1
4754,0.11021104128529491,0.0,0.9879858657243816,0.10351487060641174,0.5625,1.0,0.0,0.6666666666666666,0.21001369929677705,0.0,0.10025739855138915,0.9966655551850617,0.9506328655243029,0.0,0.998,1.0,0.7702834250028312,0.8103786724941122,0.8504739199853933,1
4755,0.30047091255250247,0.3,0.9971731448763251,0.10351487060641174,0.59375,1.0,0.0,0.6666666666666666,0.13960051088978342,0.0,0.19644626827643874,0.9986662220740247,0.9914350119361304,0.0,0.999,1.0,0.8305606253138043,0.878990134434898,0.9274196435559918,1
4756,0.31656939740098733,0.4,0.9908127208480565,0.10351487060641174,0.5625,1.0,0.0,0.6666666666666666,0.15599551258981348,0.5,0.38280201067932307,0.9993331110370124,0.9900309246223993,0.0,0.9996666666666667,1.0,0.883292996305815,0.9262890414371492,0.9692850865684834,1
4757,0.4484996695098309,0.6,0.9971731448763251,0.4035087719298246,0.3125,0.8571428571428571,0.0,0.6666666666666666,0.48520354523539755,0.5,0.48539359547335037,0.9996665555185061,0.9830117110913936,0.0,1.0,1.0,0.819962141275469,0.8646804108499595,0.90939868042445,1
4758,0.2599988845804745,0.3,0.9978798586572438,0.10351487060641174,0.71875,1.0,0.0,0.6666666666666666,0.09185976928387996,0.0,0.3327680489538126,0.9989996665555185,0.9854965457819672,0.0,0.998,1.0,0.8983582164346551,0.9291877510176402,0.9600172856006253,1
4759,0.10705889356119824,0.1,0.9915194346289753,0.10351487060641174,0.6875,1.0,0.0,0.6666666666666666,0.1515511792573927,0.0,0.07445281021286887,0.9976658886295432,0.9615916371403189,0.0,0.9986666666666667,1.0,0.7846839246337691,0.8809110145460715,0.9771381044583737,1
4760,0.1219789940368543,0.2,0.9731448763250884,0.10351487060641174,0.59375,1.0,0.0,0.6666666666666666,0.0822234676962238,1.0,0.5297827759514218,1.0,0.9882197556014491,0.0003333333333333333,0.9993333333333333,1.0,0.8604504607207869,0.8960539945584045,0.9316575283960222,1
4761,0.3552253705154379,0.1,0.9978798586572438,0.10351487060641174,0.59375,1.0,0.0,0.6666666666666666,0.14862079558552732,0.0,0.18688051829377195,0.9973324441480493,0.9802964264660574,0.0,0.9976666666666667,1.0,0.8720635331165061,0.9336810076001325,0.995298482083759,1
4762,0.09213046820332504,0.0,0.9717314487632509,0.10351487060641174,0.59375,1.0,0.0,0.6666666666666666,0.07744196570399475,0.0,0.2820574200067061,0.9966655551850617,0.9824853145323855,0.0,0.9933333333333333,1.0,0.9516433948199959,0.9638789082020974,0.9761144215841989,1
4763,0.19912658694347096,0.0,0.9519434628975265,0.10351487060641174,0.46875,1.0,0.0,0.6666666666666666,0.0805684609532813,0.0,0.12929152122585463,0.9896632210736912,0.96581716278758,0.0,0.9893333333333333,1.0,0.9435337684493433,0.9704350510773885,0.9973363337054337,1
4764,0.7424689926971344,1.0,1.0,0.9924012158054711,0.5,0.2857142857142857,0.0,0.6666666666666666,0.9677692900419514,1.0,0.7873517956466978,1.0,0.9874937973387017,0.021333333333333333,1.0,1.0,0.7312521163164838,0.7834668481172422,0.8356815799180005,1
4765,0.649136397631031,0.6,0.9985865724381625,0.6033057851239669,0.5,0.5714285714285714,0.0,0.6666666666666666,0.5256286009048358,0.5,0.5222132668434771,1.0,0.9836157329698496,0.0003333333333333333,0.9996666666666667,1.0,0.8149191343312872,0.8815283306081623,0.9481375268850373,1
4766,0.09676329538365558,0.1,0.9696113074204947,0.10351487060641174,0.46875,1.0,0.0,0.6666666666666666,0.10606648071904357,0.25,0.3191387184151955,0.9986662220740247,0.9897391365801255,0.0003333333333333333,0.997,1.0,0.8074149803553358,0.8843732090127812,0.9613314376702267,1
4767,0.37605870384877116,0.0,0.992226148409894,0.10351487060641174,0.5,1.0,0.0,0.6666666666666666,0.10523145056037198,0.0,0.25170864485876654,0.9963321107035679,0.9742870507530855,0.0,0.9976666666666667,1.0,0.9016863521776538,0.9277413648031689,0.9537963774286842,1
4768,0.2920595934794188,0.1,0.9738515901060071,0.10351487060641174,0.59375,1.0,0.0,0.6666666666666666,0.09744511281748858,0.0,0.282754270874115,0.9993331110370124,0.9874149548257006,0.0,0.9976666666666667,1.0,0.9459763244986314,0.9655617115985646,0.9851470986984977,1
4769,0.06374338553980785,0.0,0.9646643109540636,0.10351487060641174,0.59375,1.0,0.0,0.6666666666666666,0.07769843126441689,0.0,0.2447677863446862,0.9899966655551851,0.9662278757737305,0.0,0.995,1.0,0.8933611768460297,0.9064868152820884,0.9196124537181473,1
4770,0.0962971348699917,0.1,0.9717314487632509,0.10351487060641174,0.59375,1.0,0.0,0.6666666666666666,0.08022396963342426,0.3333333333333333,0.34925386039481676,0.9989996665555185,0.9903173607262657,0.0,0.997,1.0,0.9745293814652799,0.9835401762126311,0.9925509709599823,1
4771,0.3422045371821044,0.0,0.9703180212014134,0.10351487060641174,0.75,1.0,0.0,0.6666666666666666,0.10906342909132416,0.0,0.12035552202256661,0.995998666222074,0.9754465097800504,0.0,0.9973333333333333,1.0,0.9286128254022948,0.9511113418976398,0.9736098583929849,1
4772,0.12496397202183218,0.0,0.9915194346289753,0.10351487060641174,0.875,1.0,0.0,0.6666666666666666,0.09545675306622226,0.0,0.13857844991230905,0.9946648882960987,0.9745055794387018,0.0,0.9973333333333333,1.0,0.844358462389578,0.8506383016343656,0.8569181408791532,1
4773,0.19834023073432072,0.0,0.9787985865724381,0.10351487060641174,0.6875,1.0,0.0,0.6666666666666666,0.08834403159986715,0.0,0.2604332213304401,0.995998666222074,0.9778601854326244,0.0,0.9966666666666667,1.0,0.8884756651031475,0.9326464042204567,0.976817143337766,1
4774,0.2261180085120985,0.2,0.9858657243816255,0.10351487060641174,0.71875,1.0,0.0,0.6666666666666666,0.09247442474910172,0.0,0.16950422633411177,0.9989996665555185,0.9881499809141706,0.0,0.9993333333333333,1.0,0.9112744789035736,0.9328467530614486,0.9544190272193237,1
4775,0.19321704634685477,0.0,0.9681978798586572,0.10351487060641174,0.625,1.0,0.0,0.6666666666666666,0.091891516889686,0.0,0.07656228073790594,0.9906635545181727,0.9594447431077588,0.0,0.9956666666666667,1.0,0.8921799320401549,0.9132668928762654,0.9343538537123759,1
4776,0.24321704634685481,0.1,0.9879858657243816,0.10351487060641174,0.5625,1.0,0.0,0.6666666666666666,0.12072314331847422,0.0,0.09491541663952174,0.9989996665555185,0.9872807799984247,0.0,0.9976666666666667,1.0,0.8569914244983423,0.8777979422425974,0.8986044599868525,1
4777,0.28586547792333816,0.3,0.9915194346289753,0.10351487060641174,0.6875,1.0,0.0,0.6666666666666666,0.154967024786704,0.0,0.32639847417916645,0.9996665555185061,0.9811273141819854,0.0,0.9993333333333333,1.0,0.7741844367237899,0.8651320117495358,0.9560795867752818,1
4778,0.22153734611893605,0.1,0.9943462897526502,0.10351487060641174,0.75,1.0,0.0,0.6666666666666666,0.10588516585177488,0.0,0.17699699048402728,0.9983327775925308,0.984253830716055,0.0,0.998,1.0,0.9211741839746498,0.9233189356408344,0.925463687307019,1
4779,0.24886106406765407,0.2,0.992226148409894,0.4035087719298246,0.4375,0.8571428571428571,0.0,0.6666666666666666,0.19849597915415396,0.0,0.2571247006306754,0.9979993331110371,0.9794588608120144,0.0,0.9993333333333333,1.0,0.8672152482534904,0.9235140957798376,0.9798129433061847,1
4780,0.06374338553980785,0.1,0.9646643109540636,0.10351487060641174,0.59375,1.0,0.0,0.6666666666666666,0.0770771735644612,0.0,0.1923398341808903,0.9983327775925308,0.9887652673892411,0.0,0.9943333333333333,1.0,0.9007523592640726,0.9150244045969094,0.929296449929746,1
4781,0.3422045371821044,0.1,0.9971731448763251,0.10351487060641174,0.65625,1.0,0.0,0.6666666666666666,0.16309827272918542,0.0,0.38203063304485185,0.9979993331110371,0.9874586006704817,0.0,0.9986666666666667,1.0,0.9145310509571342,0.9178830916880484,0.9212351324189626,1
4782,0.09994745661105164,0.1,0.976678445229682,0.10351487060641174,0.71875,1.0,0.0,0.6666666666666666,0.09599571572057197,0.0,0.26502804133539615,0.9979993331110371,0.9795593319621756,0.0,0.9983333333333333,1.0,0.8226948762118729,0.8650636729144832,0.9074324696170935,1
4783,0.10222018388377885,0.1,0.9915194346289753,0.10351487060641174,0.75,1.0,0.0,0.6666666666666666,0.09900035719806621,0.3333333333333333,0.2869797400331513,0.9996665555185061,0.9937961437303551,0.0,0.9966666666666667,1.0,0.8152492334216792,0.87435455140721,0.9334598693927407,1
4784,0.09164841939276225,0.1,0.9915194346289753,0.10351487060641174,0.59375,1.0,0.0,0.6666666666666666,0.09127430044901952,0.0,0.23524113986092388,0.9979993331110371,0.981126857708415,0.0,0.9973333333333333,1.0,0.9287100365072222,0.9291709615333441,0.929631886559466,1
4785,0.20520281803737728,0.2,0.9915194346289753,0.2575250836120402,0.4375,1.0,0.0,0.6666666666666666,0.14898184892700628,0.0,0.1288570572708917,0.9986662220740247,0.9820856818988134,0.0,0.9996666666666667,1.0,0.8008712704927174,0.8776765946339702,0.954481918775223,1
4786,0.12496397202183218,0.1,0.9915194346289753,0.10351487060641174,0.875,1.0,0.0,0.6666666666666666,0.09121673752908044,1.0,0.5142766336287423,1.0,0.9871133050593496,0.0,0.998,1.0,0.8508308367483179,0.8573194566581746,0.8638080765680313,1
4787,0.1217632953836556,0.1,0.9865724381625441,0.2575250836120402,0.375,1.0,0.0,0.6666666666666666,0.11859222010581072,0.0,0.19600093693430665,0.9986662220740247,0.9794774158853763,0.0,0.9976666666666667,1.0,0.7980641834115008,0.8377988852324503,0.8775335870533998,1
4788,0.08149498378676212,0.0,0.9787985865724381,0.10351487060641174,0.875,1.0,0.0,0.6666666666666666,0.07979626513073934,0.0,0.0714380431790419,0.9899966655551851,0.9703390418481392,0.0,0.994,1.0,0.8698298822846064,0.9090920451336137,0.9483542079826209,1
4789,0.22321622279781272,0.2,0.9957597173144876,0.10351487060641174,0.46875,1.0,0.0,0.6666666666666666,0.10913976022521454,1.0,0.6588714867854237,1.0,0.9900610885955063,0.0,1.0,1.0,0.8545712296822493,0.9001342968909324,0.9456973640996155,1
4790,0.41233911275146273,0.2,0.9858657243816255,0.320855614973262,0.28125,0.8571428571428571,0.0,0.6666666666666666,0.2617783057424853,0.0,0.24318155649535256,0.9979993331110371,0.976736310663314,0.0,0.998,1.0,0.8390483048794142,0.9034842229320431,0.967920140984672,1
4791,0.12332579538365562,0.1,0.9901060070671378,0.10351487060641174,0.71875,1.0,0.0,0.6666666666666666,0.09981360699757225,0.0,0.3492720836859954,0.9983327775925308,0.9828381183356522,0.0,0.9983333333333333,1.0,0.8349346257029954,0.8464211721279175,0.8579077185528395,1
4792,0.13918729147906983,0.1,0.995053003533569,0.10351487060641174,0.875,1.0,0.0,0.6666666666666666,0.08575658875958603,0.0,0.19573278645978232,0.9979993331110371,0.9761617200979155,0.0,0.9983333333333333,1.0,0.848510669285869,0.9131371688585352,0.9777636684312013,1
4793,0.283425458007048,0.2,0.9971731448763251,0.4035087719298246,0.4375,0.8571428571428571,0.0,0.6666666666666666,0.2462200765027247,0.6666666666666666,0.5428370796810107,1.0,0.9942557442302836,0.0003333333333333333,0.999,1.0,0.849227918482726,0.8585674072058567,0.8679068959289873,1
4794,0.19912658694347096,0.0,0.9519434628975265,0.10351487060641174,0.46875,1.0,0.0,0.6666666666666666,0.08484007383731151,0.0,0.047509023676317375,0.9766588862954318,0.9508903559905671,0.0,0.99,1.0,0.9565950292534623,0.9680139980400316,0.979432966826601,1
4795,0.12702949908735928,0.1,1.0,0.10351487060641174,0.5625,1.0,0.0,0.6666666666666666,0.08813053173397545,0.0,0.15417455681148096,0.9969989996665555,0.9824472688890792,0.0,0.996,1.0,0.8379136052909817,0.883521751972967,0.9291298986549523,1
4796,0.19834023073432072,0.1,0.9802120141342756,0.10351487060641174,0.625,1.0,0.0,0.6666666666666666,0.08292472018905761,0.0,0.15882812623688325,0.9976658886295432,0.9812784556098766,0.0,0.997,1.0,0.8941876906506154,0.9465859736637801,0.9989842566769447,1
4797,0.12359034564820581,0.1,0.9901060070671378,0.10351487060641174,0.65625,1.0,0.0,0.6666666666666666,0.09187974387388587,0.0,0.19666779017632485,0.9969989996665555,0.9784605396951652,0.0,0.9986666666666667,1.0,0.8403122849337405,0.8582354826119353,0.87615868029013,1
4798,0.06374338553980785,0.0,0.9526501766784452,0.10351487060641174,0.5625,1.0,0.0,0.6666666666666666,0.07625846338506048,0.0,0.2607055270056732,0.9963321107035679,0.9750147590208477,0.0,0.9886666666666667,1.0,0.9159993538365423,0.9198897346676562,0.9237801154987703,1
4799,0.19834023073432072,0.0,0.9787985865724381,0.10351487060641174,0.6875,1.0,0.0,0.6666666666666666,0.08734231490072775,0.0,0.07644702106035073,0.9939979993331111,0.9697118905460356,0.0,0.9966666666666667,1.0,0.8908805750970825,0.9352525065854418,0.9796244380738012,1
4800,0.1349660070238673,0.2,0.9964664310954063,0.10351487060641174,0.8125,1.0,0.0,0.6666666666666666,0.0976661721302956,0.0,0.4116228012616514,0.9983327775925308,0.9846489456128039,0.0,0.998,1.0,0.8475785311803372,0.9135255155102933,0.9794724998402494,1
4801,0.3699823149598823,0.1,0.9971731448763251,0.10351487060641174,0.65625,1.0,0.0,0.6666666666666666,0.15028389533828135,1.0,0.688014941395424,1.0,0.9969894981587255,0.0003333333333333333,0.9983333333333333,1.0,0.9202603676695778,0.9232282213245198,0.9261960749794618,1
4802,0.4888538528249776,0.4,0.9943462897526502,0.2575250836120402,0.46875,1.0,0.0,0.6666666666666666,0.27687846769310565,0.5,0.2611080648392172,0.9996665555185061,0.9884415189560986,0.0003333333333333333,0.9993333333333333,1.0,0.7590491799228175,0.8561347204242921,0.9532202609257666,1
4803,0.6414079847395747,0.7,0.9992932862190813,0.6033057851239669,0.34375,0.5714285714285714,0.0,0.6666666666666666,0.9315735096840957,0.6666666666666666,0.5758206884857695,1.0,0.9868497623637217,0.0003333333333333333,1.0,1.0,0.7738977715693479,0.7927629034054149,0.8116280352414817,1
4804,0.13918729147906983,0.2,0.995053003533569,0.10351487060641174,0.875,1.0,0.0,0.6666666666666666,0.08268677095054777,0.5,0.38878944457194975,0.9996665555185061,0.9901594309682751,0.0,0.9986666666666667,1.0,0.8598471473658469,0.9172379044992562,0.9746286616326656,1
4805,0.08149498378676212,0.0,0.976678445229682,0.10351487060641174,0.71875,1.0,0.0,0.6666666666666666,0.09247358804795991,0.0,0.1414861998853678,0.9949983327775925,0.9695786816884826,0.0,0.997,1.0,0.8289387279787337,0.8992134073518571,0.9694880867249804,1
4806,0.2632040127856027,0.1,0.9908127208480565,0.10351487060641174,0.6875,1.0,0.0,0.6666666666666666,0.10662864067742284,0.3333333333333333,0.512703682223413,1.0,0.9968853199713039,0.0,0.9976666666666667,1.0,0.9032327182117701,0.915267836896504,0.927302955581238,1
4807,0.11021104128529491,0.0,0.9681978798586572,0.10351487060641174,0.5,1.0,0.0,0.6666666666666666,0.12395113955910364,0.0,0.18791854235351768,0.9963321107035679,0.969820469389694,0.0,0.9966666666666667,1.0,0.8046215766793082,0.8317937650175944,0.8589659533558804,1
4808,0.1218694847040439,0.0,0.9696113074204947,0.10351487060641174,0.46875,1.0,0.0,0.6666666666666666,0.10808404192305121,0.0,0.06319884062191616,0.9946648882960987,0.9700394187324419,0.0,0.9963333333333333,1.0,0.8233856577171359,0.9041562101656514,0.9849267626141669,1
4809,0.11211889883193149,0.2,0.9936395759717315,0.2575250836120402,0.84375,1.0,0.0,0.6666666666666666,0.12121233059524605,0.0,0.1293673574608033,0.9973324441480493,0.9782294173182843,0.0,0.9983333333333333,1.0,0.7894787463608968,0.8673891321159735,0.9452995178710503,1
4810,0.2523568312930913,0.0,0.9943462897526502,0.320855614973262,0.46875,0.8571428571428571,0.0,0.6666666666666666,0.16259407659689962,0.0,0.16363493205627744,0.9949983327775925,0.9633632240692925,0.0,0.998,1.0,0.8518410209631491,0.875458955704061,0.8990768904449729,1
4811,0.08149498378676212,0.0,0.9371024734982332,0.10351487060641174,0.5625,1.0,0.0,0.6666666666666666,0.07903596443025585,0.0,0.28404268169289093,0.9906635545181727,0.96682640557269,0.0,0.9923333333333333,1.0,0.8744258966004306,0.9074384642034332,0.940451031806436,1
4812,0.12359034564820581,0.1,0.9901060070671378,0.10351487060641174,0.65625,1.0,0.0,0.6666666666666666,0.0901369071902639,0.5,0.5236496073285475,1.0,0.9939251315561226,0.0003333333333333333,0.9973333333333333,1.0,0.847070115509803,0.8602718897097128,0.8734736639096227,1
4813,0.27709290167449163,0.3,1.0,0.10351487060641174,0.53125,1.0,0.0,0.6666666666666666,0.13318630536947795,0.0,0.47585945459451695,0.9996665555185061,0.9857888732582992,0.0,1.0,1.0,0.884133427910868,0.8937132128813947,0.9032929978519214,1
4814,0.17186948470404395,0.2,0.9915194346289753,0.10351487060641174,0.40625,1.0,0.0,0.6666666666666666,0.1179272429288154,0.0,0.34999996521029375,0.9989996665555185,0.985267530601703,0.0,0.9966666666666667,1.0,0.8214604996296897,0.8936102076465096,0.9657599156633294,1
4815,0.10927276156453991,0.1,0.9915194346289753,0.10351487060641174,0.9375,1.0,0.0,0.6666666666666666,0.08272408286772992,0.0,0.4111780829182783,0.9986662220740247,0.9892956138698941,0.0,0.9973333333333333,1.0,0.8555640770238458,0.9053367763308617,0.9551094756378775,1
4816,0.10717129520975577,0.1,0.9901060070671378,0.10351487060641174,0.9375,1.0,0.0,0.6666666666666666,0.08239112003820626,0.0,0.296289612595354,0.9986662220740247,0.9876240125001747,0.0,0.9986666666666667,1.0,0.9636190161333295,0.9709484006343402,0.9782777851353509,1
4817,0.1218694847040439,0.1,0.9929328621908127,0.2575250836120402,0.46875,1.0,0.0,0.6666666666666666,0.12245061587776895,0.0,0.32298917463644594,0.9979993331110371,0.9843377113918972,0.0,0.996,1.0,0.8038824884833565,0.8969115384177765,0.9899405883521964,1
4818,0.0962971348699917,0.1,0.9717314487632509,0.10351487060641174,0.625,1.0,0.0,0.6666666666666666,0.09145809899001889,0.0,0.36136847758960566,0.9986662220740247,0.9898758604685592,0.0,0.9973333333333333,1.0,0.967708617799829,0.9834710680437337,0.9992335182876384,1
4819,0.22775199544020308,0.1,0.9929328621908127,0.10351487060641174,0.71875,1.0,0.0,0.6666666666666666,0.07865862331467544,0.0,0.41775764934330695,0.9986662220740247,0.9827106252889748,0.0,0.9993333333333333,1.0,0.9231038364507164,0.9511895752894891,0.9792753141282619,1
4820,0.12233880153665833,0.0,0.9717314487632509,0.10351487060641174,0.625,1.0,0.0,0.6666666666666666,0.0862748663123325,0.0,0.21442753243707657,0.9946648882960987,0.9830604210799193,0.0,0.997,1.0,0.9911889011228389,0.9925088068893806,0.9938287126559222,1
4821,0.09213046820332504,0.0,0.9908127208480565,0.10351487060641174,0.5625,1.0,0.0,0.6666666666666666,0.07688394174621171,0.0,0.01955013511994652,0.9879959986662221,0.9679870832590234,0.0,0.992,1.0,0.9492804789834809,0.9579401045086864,0.9665997300338918,1
4822,0.06374338553980785,0.0,0.9371024734982332,0.10351487060641174,0.5625,1.0,0.0,0.6666666666666666,0.07593860570280075,0.0,0.2911944825359247,0.9936645548516172,0.973532450368454,0.0,0.988,1.0,0.9258108011282525,0.9386607410193747,0.9515106809104968,1
4823,0.11720926950104782,0.2,0.9936395759717315,0.10351487060641174,0.71875,1.0,0.0,0.6666666666666666,0.07750545583440982,0.0,0.192012672124098,0.9993331110370124,0.9941730443074533,0.0,0.998,1.0,0.9016156606640289,0.9389811797127288,0.9763466987614288,1
4824,0.23797091255250247,0.1,0.9872791519434629,0.4035087719298246,0.375,0.8571428571428571,0.0,0.6666666666666666,0.23761679769563104,0.0,0.2714345748035556,0.9976658886295432,0.9762104052125177,0.0,0.998,1.0,0.8625416598371818,0.8668498537678848,0.871158047698588,1
4825,0.47851253674686756,0.4,0.9943462897526502,0.5217391304347826,0.3125,0.7142857142857143,0.0,0.6666666666666666,0.8209392396312685,1.0,0.6037127018012258,1.0,0.9647460632348215,0.0013333333333333333,1.0,1.0,0.7186108433281079,0.7575670064330281,0.7965231695379483,1
4826,0.31489398947557945,0.3,0.9908127208480565,0.10351487060641174,0.4375,1.0,0.0,0.6666666666666666,0.16881399009026554,0.6666666666666666,0.8236160238111518,1.0,0.9990025369563543,0.0003333333333333333,0.9993333333333333,1.0,0.843853629110035,0.8708482211995914,0.8978428132891477,1
4827,0.3422045371821044,0.0,0.9703180212014134,0.10351487060641174,0.53125,1.0,0.0,0.6666666666666666,0.22753988470283637,0.0,0.3314152950026579,0.9963321107035679,0.9715413401955264,0.0,0.9986666666666667,1.0,0.889935295199096,0.9033306185867169,0.9167259419743378,1
4828,0.17186948470404395,0.1,0.9915194346289753,0.10351487060641174,0.40625,1.0,0.0,0.6666666666666666,0.12781395434105014,0.3333333333333333,0.4193322339819714,0.9993331110370124,0.986393986314723,0.0,0.998,1.0,0.8173768647191383,0.886460238589813,0.9555436124604878,1
4829,0.10573320279106302,0.1,0.9915194346289753,0.10351487060641174,0.78125,1.0,0.0,0.6666666666666666,0.12386325562056733,0.0,0.2240336716873511,0.9976658886295432,0.9731749037772047,0.0,0.997,1.0,0.8241906727410336,0.8256816049245268,0.82717253710802,1
4830,0.11482831712009545,0.1,0.9787985865724381,0.10351487060641174,0.875,1.0,0.0,0.6666666666666666,0.08011007271912474,0.5,0.8302383179904751,1.0,0.9987483841394443,0.0003333333333333333,0.9973333333333333,1.0,0.8681812273365674,0.8978759158982147,0.927570604459862,1
4831,0.2399376957692857,0.1,0.9929328621908127,0.10351487060641174,0.6875,1.0,0.0,0.6666666666666666,0.11820282939746696,0.0,0.09445451701110885,0.9973324441480493,0.9814031733498935,0.0,0.9986666666666667,1.0,0.9260273349899326,0.94998163711205,0.9739359392341673,1
4832,0.17186948470404395,0.4,0.9985865724381625,0.10351487060641174,0.46875,1.0,0.0,0.6666666666666666,0.19996195611806167,1.0,0.5142176563184069,1.0,0.9848239030143826,0.0003333333333333333,1.0,1.0,0.8071928494329164,0.8591021675192553,0.9110114856055942,1
4833,0.25406939740098733,0.2,0.9978798586572438,0.10351487060641174,0.71875,1.0,0.0,0.6666666666666666,0.1275940835724253,0.3333333333333333,0.3172437871597066,0.9986662220740247,0.9853093048514405,0.0,0.9986666666666667,1.0,0.900627535197111,0.926707873646335,0.952788212095559,1
4834,0.12702949908735928,0.2,0.995053003533569,0.10351487060641174,0.71875,1.0,0.0,0.6666666666666666,0.08081564579834921,0.0,0.10670690262378235,0.9976658886295432,0.9809092571362026,0.0,0.9986666666666667,1.0,0.8693857489049318,0.9050806241251332,0.9407754993453348,1
4835,0.19321704634685477,0.1,0.9985865724381625,0.10351487060641174,0.65625,1.0,0.0,0.6666666666666666,0.10310331888363278,0.0,0.14429423680594922,0.9986662220740247,0.9813980764141997,0.0,0.9976666666666667,1.0,0.8817743713910768,0.8966791418958544,0.9115839124006319,1
4836,0.07546380153665833,0.0,0.9717314487632509,0.10351487060641174,0.59375,1.0,0.0,0.6666666666666666,0.08028988560747563,0.0,0.1431488032930015,0.9899966655551851,0.9658458199460244,0.0,0.9936666666666667,1.0,0.9808937491665379,0.9821647465128862,0.9834357438592344,1
4837,0.1492275682599934,0.2,0.9908127208480565,0.10351487060641174,0.53125,1.0,0.0,0.6666666666666666,0.09823676598664144,0.0,0.4127086820845042,0.9983327775925308,0.9857533051528898,0.0,0.998,1.0,0.8550107134401274,0.8983781826900055,0.9417456519398836,1
4838,0.41545269003428,0.3,0.995053003533569,0.2575250836120402,0.71875,1.0,0.0,0.6666666666666666,0.3076453562150502,0.5,0.2947027607623508,0.9989996665555185,0.9736522567084294,0.0,0.9993333333333333,1.0,0.7365016767344508,0.8542275618005941,0.9719534468667375,1
4839,0.08647065826708056,0.1,0.9526501766784452,0.10351487060641174,0.5625,1.0,0.0,0.6666666666666666,0.0767230793883128,0.5,0.7057691338274505,1.0,0.9966745654768575,0.0003333333333333333,0.9926666666666667,1.0,0.9063551876915698,0.9179923253945432,0.9296294630975167,1
4840,0.0983257953836556,0.1,0.9901060070671378,0.10351487060641174,0.59375,1.0,0.0,0.6666666666666666,0.08097874447691589,0.0,0.34632092258352365,0.9979993331110371,0.9818488269688928,0.0,0.9966666666666667,1.0,0.8740106649663555,0.8854331116342358,0.8968555583021159,1
4841,0.06374338553980785,0.0,0.9371024734982332,0.10351487060641174,0.5625,1.0,0.0,0.6666666666666666,0.07748964836761474,0.0,0.18469986038005493,0.9946648882960987,0.969062521511349,0.0,0.9926666666666667,1.0,0.8877984264898916,0.9127403004190522,0.9376821743482129,1
4842,0.07722018388377883,0.1,0.9915194346289753,0.10351487060641174,0.75,1.0,0.0,0.6666666666666666,0.10070241919281386,0.0,0.0159079790723341,0.9979993331110371,0.9801375804732297,0.0,0.9973333333333333,1.0,0.8132218221019428,0.8688663252497042,0.9245108283974656,1
4843,0.07775953050387341,0.1,0.9703180212014134,0.10351487060641174,0.75,1.0,0.0,0.6666666666666666,0.09964465938565292,0.0,0.02779888469635139,0.9973324441480493,0.9841634415377066,0.0,0.996,1.0,0.9352424898916976,0.9640587116095956,0.9928749333274937,1
4844,0.1261035731614334,0.1,0.984452296819788,0.10351487060641174,0.59375,1.0,0.0,0.6666666666666666,0.07942330459609459,0.0,0.2886782797604307,0.9986662220740247,0.9833154730918697,0.0,0.997,1.0,0.8876268175342243,0.8907299210798496,0.8938330246254749,1
4845,0.3552253705154379,0.1,0.9908127208480565,0.10351487060641174,0.4375,1.0,0.0,0.6666666666666666,0.15226682988441165,0.0,0.1853524209911387,0.9979993331110371,0.980186376490026,0.0,0.998,1.0,0.870576511817666,0.9317399920732258,0.9929034723287855,1
4846,0.3968920371821044,0.2,0.9971731448763251,0.10351487060641174,0.75,1.0,0.0,0.6666666666666666,0.14113360784731688,0.0,0.31635584023534846,0.9979993331110371,0.9808602641224685,0.0,0.9986666666666667,1.0,0.8860028025126477,0.9314102987516313,0.9768177949906148,1
4847,0.10573320279106302,0.2,0.9978798586572438,0.10351487060641174,0.90625,1.0,0.0,0.6666666666666666,0.12310812399084259,0.0,0.27964642272375917,0.9979993331110371,0.9751381545105245,0.0,0.997,1.0,0.8244345320173724,0.8262946854077102,0.8281548387980482,1
4848,0.5826038528249776,0.4,0.9957597173144876,0.2575250836120402,0.46875,1.0,0.0,0.6666666666666666,0.4311397840558683,1.0,0.5700850919836519,1.0,0.9815828376513575,0.0006666666666666666,0.9996666666666667,1.0,0.7623140729940835,0.8317007022634286,0.9010873315327738,1
4849,0.3968920371821044,0.2,0.9908127208480565,0.10351487060641174,0.4375,1.0,0.0,0.6666666666666666,0.1837815114835465,0.0,0.278517459336588,0.9983327775925308,0.9773754051136047,0.0,0.9986666666666667,1.0,0.8622951382660803,0.9174677837535876,0.9726404292410951,1
4850,0.06374338553980785,0.0,0.9526501766784452,0.10351487060641174,0.5625,1.0,0.0,0.6666666666666666,0.07625919887209975,0.0,0.1698501699809436,0.9826608869623208,0.9566440303022096,0.0,0.9893333333333333,1.0,0.9235255859699228,0.9329537196521689,0.9423818533344148,1
4851,0.21698372980061387,0.0,0.9915194346289753,0.10351487060641174,0.71875,1.0,0.0,0.6666666666666666,0.08287941634391793,0.0,0.08869250219933267,0.9966655551850617,0.9840210629261981,0.0,0.994,1.0,0.9245724602728488,0.9567972775124767,0.9890220947521046,1
4852,0.12332579538365562,0.1,0.9809187279151943,0.10351487060641174,0.78125,1.0,0.0,0.6666666666666666,0.08258072070378186,0.0,0.29973996707948625,0.9993331110370124,0.9925853667689701,0.0,0.9966666666666667,1.0,0.8665072524805898,0.8793910375379994,0.8922748225954089,1
4853,0.1055373082816512,0.2,0.9964664310954063,0.10351487060641174,0.59375,1.0,0.0,0.6666666666666666,0.10322814098525657,0.3333333333333333,0.2630791634601509,0.9996665555185061,0.9925719270169903,0.0,0.9986666666666667,1.0,0.9582576344591609,0.9588479083958761,0.9594381823325911,1
4854,0.1218694847040439,0.0,0.9696113074204947,0.10351487060641174,0.46875,1.0,0.0,0.6666666666666666,0.11257953953273392,0.0,0.15283231276772613,0.9913304434811604,0.9632319046898685,0.0,0.995,1.0,0.8184129382643301,0.9003700293761991,0.9823271204880683,1
4855,0.0962971348699917,0.1,0.9717314487632509,0.10351487060641174,0.625,1.0,0.0,0.6666666666666666,0.09188990252450879,0.0,0.27413754554809133,0.9979993331110371,0.9849075898021512,0.0,0.9976666666666667,1.0,0.9680134795346271,0.981738148919414,0.9954628183042009,1
4856,0.06374338553980785,0.0,0.9526501766784452,0.10351487060641174,0.5625,1.0,0.0,0.6666666666666666,0.07639304161128113,0.0,0.09299375818253841,0.9886628876292097,0.9624021859222482,0.0,0.9873333333333333,1.0,0.9055384277505022,0.9163116742446684,0.9270849207388346,1
4857,0.16172756825999335,0.1,0.9964664310954063,0.10351487060641174,0.5625,1.0,0.0,0.6666666666666666,0.10985978454979539,0.3333333333333333,0.5092755651444548,1.0,0.9873590961882537,0.0003333333333333333,0.9986666666666667,1.0,0.8523014722658552,0.8852201009997249,0.9181387297335947,1
4858,0.21014432737297617,0.0,0.9674911660777386,0.10351487060641174,0.4375,1.0,0.0,0.6666666666666666,0.09644590489906324,0.0,0.20735539882071752,0.9933311103701233,0.9786102396976528,0.0,0.9946666666666667,1.0,0.880174166261073,0.9178953534727377,0.9556165406844022,1
4859,0.11211889883193149,0.1,0.9936395759717315,0.2575250836120402,0.84375,1.0,0.0,0.6666666666666666,0.1247812492014857,0.5,0.5548720327205257,1.0,0.9914407112002122,0.0003333333333333333,0.9986666666666667,1.0,0.7877790504808044,0.8716070776569924,0.9554351048331804,1
4860,0.33569016462642465,0.3,0.9985865724381625,0.320855614973262,0.59375,0.8571428571428571,0.0,0.6666666666666666,0.18537578371736774,0.0,0.4028765801079045,0.9993331110370124,0.979741213795876,0.0,0.999,1.0,0.840833340378936,0.8752647582538537,0.9096961761287715,1
4861,0.38765908263664994,0.1,0.9957597173144876,0.10351487060641174,0.6875,1.0,0.0,0.6666666666666666,0.11044778103505326,0.3333333333333333,0.5419977140962245,1.0,0.9944871790144268,0.0003333333333333333,0.9986666666666667,1.0,0.9181692826898105,0.951135424799505,0.9841015669091995,1
4862,0.29352646810805805,0.3,0.9936395759717315,0.10351487060641174,0.78125,1.0,0.0,0.6666666666666666,0.10848951486558034,0.3333333333333333,0.5316977833911176,1.0,0.9937604512302691,0.0,0.9996666666666667,1.0,0.8331456292567271,0.900912413507081,0.9686791977574349,1
4863,0.24886106406765407,0.1,0.9703180212014134,0.10351487060641174,0.53125,1.0,0.0,0.6666666666666666,0.1555055929758279,0.0,0.3090855257502808,0.9969989996665555,0.9834283516748139,0.0,0.998,1.0,0.8859256793730019,0.9364300039244152,0.9869343284758285,1
4864,0.4255378705154379,0.2,0.9908127208480565,0.10351487060641174,0.5625,1.0,0.0,0.6666666666666666,0.21677696210692954,0.0,0.45194594453661985,0.9989996665555185,0.985534365983185,0.0,0.9983333333333333,1.0,0.9018294212240345,0.9031190350366524,0.9044086488492702,1
4865,0.37378602336761335,0.3,0.995053003533569,0.2575250836120402,0.71875,1.0,0.0,0.6666666666666666,0.310051183854425,0.0,0.2285605966907961,0.9986662220740247,0.9667041140976462,0.0,0.9993333333333333,1.0,0.7333304515685148,0.8319567181436576,0.9305829847188002,1
4866,0.4136331086106759,0.3,0.9929328621908127,0.10351487060641174,0.5625,1.0,0.0,0.6666666666666666,0.20313519488258913,0.5,0.6322606787810932,1.0,0.9957053567313063,0.0003333333333333333,0.9993333333333333,1.0,0.8857441969242454,0.9050350597174339,0.9243259225106224,1
4867,0.3699823149598823,0.1,0.9908127208480565,0.10351487060641174,0.5625,1.0,0.0,0.6666666666666666,0.16668308645418295,0.0,0.21187839389175167,0.9976658886295432,0.978849478249349,0.0,0.9983333333333333,1.0,0.9004586442344342,0.9224871898318086,0.9445157354291829,1
4868,0.1742743048687505,0.1,0.9908127208480565,0.2575250836120402,0.34375,1.0,0.0,0.6666666666666666,0.14385965875241713,0.5,0.141783517804828,0.9989996665555185,0.9824857517815488,0.0003333333333333333,0.997,1.0,0.7898430363946096,0.8205284612265336,0.8512138860584576,1
4869,0.10717129520975577,0.1,0.995053003533569,0.10351487060641174,0.75,1.0,0.0,0.6666666666666666,0.08360617617341848,0.0,0.32320878831308053,0.9989996665555185,0.9905385459886633,0.0,0.9983333333333333,1.0,0.9837357568289133,0.9844042451471481,0.9850727334653828,1
4870,0.09213046820332504,0.0,0.9371024734982332,0.10351487060641174,0.5625,1.0,0.0,0.6666666666666666,0.07687139247562536,0.0,0.11387090129236754,0.9923307769256419,0.9716628565071692,0.0,0.9923333333333333,1.0,0.9354122319635881,0.9555497023161217,0.9756871726686551,1
4871,0.29352646810805805,0.3,0.9978798586572438,0.10351487060641174,0.5625,1.0,0.0,0.6666666666666666,0.10689731534821845,0.5,0.5683262954226487,1.0,0.9917641548169789,0.0,1.0,1.0,0.8376861160006436,0.9021031468011135,0.9665201776015834,1
4872,0.11395760366252272,0.0,0.9731448763250884,0.10351487060641174,0.59375,1.0,0.0,0.6666666666666666,0.08562244471231262,0.0,0.2363417106911666,0.9946648882960987,0.9730113024423781,0.0,0.9973333333333333,1.0,0.8566595117606055,0.9146065713131597,0.9725536308657138,1
4873,0.14378034083820102,0.0,0.9724381625441696,0.10351487060641174,0.53125,1.0,0.0,0.6666666666666666,0.0791042007325865,0.0,0.25492347612074717,0.995998666222074,0.9774219922787799,0.0,0.9963333333333333,1.0,0.8797936688532196,0.9009744991915636,0.9221553295299074,1
4874,0.2523568312930913,0.0,0.995053003533569,0.10351487060641174,0.5,1.0,0.0,0.6666666666666666,0.14487532486550414,0.0,0.325964411088015,0.9966655551850617,0.973896204375551,0.0,0.9966666666666667,1.0,0.8640822369740008,0.8760659797997277,0.8880497226254545,1
4875,0.11021104128529491,0.1,0.9879858657243816,0.10351487060641174,0.5625,1.0,0.0,0.6666666666666666,0.20032350989974168,0.0,0.24283336400359923,0.9973324441480493,0.9620374644588005,0.0,0.998,1.0,0.7703425578068618,0.8142481132227527,0.8581536686386436,1
4876,0.49616220425780033,0.8,0.9992932862190813,0.803030303030303,0.40625,0.42857142857142855,0.0,0.6666666666666666,0.7150329843892775,1.0,0.7143307950490847,1.0,0.9772253252478792,0.002,1.0,1.0,0.6959640453144346,0.8086056046758084,0.9212471640371823,1
4877,0.07936838553980785,0.0,0.9526501766784452,0.10351487060641174,0.5625,1.0,0.0,0.6666666666666666,0.07616662219351344,0.0,0.20460182468150911,0.9889963321107036,0.9652060941468432,0.0,0.9893333333333333,1.0,0.9280716652537685,0.9353043336407851,0.9425370020278019,1
4878,0.06374338553980785,0.0,0.9371024734982332,0.10351487060641174,0.5625,1.0,0.0,0.6666666666666666,0.07594926975260607,0.0,0.1173611576497896,0.9769923307769256,0.9475964414910673,0.0,0.9876666666666667,1.0,0.9163236390971078,0.9304472250958491,0.9445708110945903,1
4879,0.07722018388377883,0.0,0.9681978798586572,0.10351487060641174,0.5,1.0,0.0,0.6666666666666666,0.11181758040385448,0.0,0.24016529870719183,0.9966655551850617,0.9682175051269969,0.0,0.998,1.0,0.800726957160527,0.8601717725266227,0.9196165878927185,1
4880,0.5007464303042906,0.5,1.0,0.9206349206349207,0.21875,0.7142857142857143,0.0,0.6666666666666666,0.7542971899533152,1.0,0.9111632502933465,1.0,0.9958638525819719,0.0006666666666666666,1.0,1.0,0.7034040849731228,0.818009884350712,0.9326156837283012,1
4881,0.13149498378676217,0.1,0.9915194346289753,0.10351487060641174,0.875,1.0,0.0,0.6666666666666666,0.08455094394210905,0.0,0.17422977614172164,0.9979993331110371,0.9852885530648785,0.0,0.9993333333333333,1.0,0.8493577139372476,0.8833638142864257,0.9173699146356038,1
4882,0.2736851982667883,0.3,0.9978798586572438,0.10351487060641174,0.5,1.0,0.0,0.6666666666666666,0.15489959720541968,0.3333333333333333,0.2734781505625312,0.9993331110370124,0.989368084343063,0.0003333333333333333,0.999,1.0,0.8772467777461064,0.8840648687708332,0.8908829597955601,1
4883,0.5092335226893508,0.4,0.9978798586572438,0.4035087719298246,0.46875,0.8571428571428571,0.0,0.6666666666666666,0.6422663291058002,1.0,0.7018059601264461,1.0,0.994095014236421,0.0003333333333333333,1.0,1.0,0.8260279791410162,0.8696597945534263,0.9132916099658364,1
4884,0.2988684592000681,0.0,1.0,0.320855614973262,0.28125,0.8571428571428571,0.0,0.6666666666666666,0.19158047048804439,0.0,0.30718362155719126,0.9963321107035679,0.9663654745884876,0.0,0.999,1.0,0.8388894130711468,0.8500307148487674,0.8611720166263878,1
4885,0.11848249054035076,0.3,0.9915194346289753,0.10351487060641174,0.625,1.0,0.0,0.6666666666666666,0.08455885935405005,0.0,0.3584634649957794,0.9989996665555185,0.9877669689031443,0.0,0.999,1.0,0.8505405588876722,0.8935571677773166,0.9365737766669611,1
4886,0.0962971348699917,0.0,0.9717314487632509,0.10351487060641174,0.625,1.0,0.0,0.6666666666666666,0.08846143742091284,0.0,0.1393443831974801,0.9933311103701233,0.9749696836833911,0.0,0.9973333333333333,1.0,0.9828479404483152,0.9873619564502132,0.991875972452111,1
4887,0.08078016857973047,0.0,0.9681978798586572,0.10351487060641174,0.625,1.0,0.0,0.6666666666666666,0.08419638720829359,0.0,0.15960303403153453,0.9939979993331111,0.9701758155358464,0.0,0.9973333333333333,1.0,0.8786320069585338,0.9279854760973303,0.9773389452361267,1
4888,0.09703403854877068,0.1,0.9681978798586572,0.10351487060641174,0.625,1.0,0.0,0.6666666666666666,0.08484293141927146,0.0,0.23311157969328267,0.9969989996665555,0.9827094326246653,0.0,0.9956666666666667,1.0,0.8942598535249012,0.9280642906070253,0.9618687276891493,1
4889,0.30054375637534636,0.3,1.0,0.10351487060641174,0.6875,1.0,0.0,0.6666666666666666,0.14919569067638916,0.5,0.6874337053892419,1.0,0.9966449395184561,0.0006666666666666666,0.9993333333333333,1.0,0.8983302426700068,0.9369865177134301,0.9756427927568534,1
4890,0.21757099996508988,0.1,0.9908127208480565,0.10351487060641174,0.78125,1.0,0.0,0.6666666666666666,0.08158784821416865,0.5,0.495798463450434,0.9996665555185061,0.9927219854027621,0.0,0.9966666666666667,1.0,0.8819413564931391,0.9297118856307387,0.9774824147683383,1
4891,0.11848249054035076,0.1,0.9886925795053003,0.10351487060641174,0.71875,1.0,0.0,0.6666666666666666,0.0934809048833396,0.0,0.3229395543344714,0.9986662220740247,0.9880349725865004,0.0,0.996,1.0,0.8327855808711672,0.9034574010694469,0.9741292212677266,1
4892,0.5481224115782397,0.5,0.9943462897526502,0.4035087719298246,0.46875,0.8571428571428571,0.0,0.6666666666666666,0.4224129153373679,0.5,0.24313900173991354,0.9996665555185061,0.9967065056804058,0.0013333333333333333,0.9986666666666667,1.0,0.837109738861374,0.8980590237709285,0.959008308680483,1
4893,0.3490820236636136,0.4,1.0,0.10351487060641174,0.4375,1.0,0.0,0.6666666666666666,0.1953842036385225,0.5,0.527129730199054,1.0,0.9944559286372006,0.0003333333333333333,0.998,1.0,0.8611108812364705,0.8697270560004259,0.8783432307643813,1
4894,0.19543844502003493,0.0,0.9731448763250884,0.10351487060641174,0.59375,1.0,0.0,0.6666666666666666,0.09081162667643738,0.0,0.1813717459519718,0.9936645548516172,0.9711017523638577,0.0,0.998,1.0,0.8523313551275974,0.9257177431878828,0.9991041312481682,1
4895,0.06374338553980785,0.0,0.9526501766784452,0.10351487060641174,0.5625,1.0,0.0,0.6666666666666666,0.07587269370265737,0.0,0.15586674107827758,0.9776592197399133,0.9491396244139225,0.0,0.985,1.0,0.9262263763316071,0.9286176851027429,0.9310089938738787,1
4896,0.14649652709097272,0.1,0.9908127208480565,0.2575250836120402,0.34375,1.0,0.0,0.6666666666666666,0.14551296273219316,0.0,0.1855182005316256,0.9969989996665555,0.9665344292511225,0.0,0.998,1.0,0.779850222204025,0.8271848660732087,0.8745195099423925,1
4897,0.217210423042013,0.1,0.9858657243816255,0.10351487060641174,0.65625,1.0,0.0,0.6666666666666666,0.11508524129692299,0.3333333333333333,0.45201273963475375,0.9993331110370124,0.9880176082982866,0.0,0.998,1.0,0.9237167815009345,0.9571462442238132,0.9905757069466918,1
4898,0.07775953050387341,0.0,0.9795053003533569,0.10351487060641174,0.875,1.0,0.0,0.6666666666666666,0.08802935362744813,0.0,0.1260724597178874,0.9916638879626543,0.9660176519251891,0.0,0.9966666666666667,1.0,0.949541870566849,0.9581063134070724,0.9666707562472958,1
4899,0.19834023073432072,0.0,0.9787985865724381,0.10351487060641174,0.6875,1.0,0.0,0.6666666666666666,0.08684935388292747,0.0,0.21525239055718104,0.9933311103701233,0.9713649998472293,0.0,0.997,1.0,0.8883705410009206,0.9358404091783703,0.98331027735582,1
4900,0.3422045371821044,0.1,0.9957597173144876,0.10351487060641174,0.71875,1.0,0.0,0.6666666666666666,0.12045421523044464,0.3333333333333333,0.21423784582235983,0.9996665555185061,0.9911566989503708,0.0,0.998,1.0,0.9202862722038088,0.9403523350874141,0.9604183979710194,1
4901,0.2786906095221995,0.4,1.0,0.10351487060641174,0.8125,1.0,0.0,0.6666666666666666,0.12433284600647776,0.5,0.48017836893314714,0.9996665555185061,0.9911315339908247,0.0003333333333333333,0.9996666666666667,1.0,0.9061897085345296,0.9417239977925924,0.9772582870506552,1
4902,0.19543844502003493,0.1,0.9936395759717315,0.10351487060641174,0.40625,1.0,0.0,0.6666666666666666,0.1170107411845902,0.0,0.32947779827395873,0.9976658886295432,0.9771761697799524,0.0,0.9976666666666667,1.0,0.8868236869299326,0.9024256736457807,0.9180276603616289,1
4903,0.32130424588583584,0.4,0.9943462897526502,0.10351487060641174,0.46875,1.0,0.0,0.6666666666666666,0.13003879619972403,1.0,0.7482895772307521,1.0,0.9956354702270375,0.0006666666666666666,1.0,1.0,0.8760953733079828,0.8923622424686731,0.9086291116293634,1
4904,0.21014432737297617,0.1,0.9985865724381625,0.10351487060641174,0.78125,1.0,0.0,0.6666666666666666,0.09029728868747777,0.5,0.606850108924501,1.0,0.997296464478205,0.0003333333333333333,0.9956666666666667,1.0,0.8797767076442141,0.9272430099258944,0.9747093122075747,1
4905,0.07722018388377883,0.1,0.976678445229682,0.10351487060641174,0.71875,1.0,0.0,0.6666666666666666,0.09202639228367882,0.0,0.2909894179709722,0.9979993331110371,0.9748199381086987,0.0,0.9986666666666667,1.0,0.827929648086382,0.876947135798053,0.9259646235097237,1
4906,0.749136397631031,1.0,1.0,0.9924012158054711,0.3125,0.2857142857142857,0.0,0.6666666666666666,0.9315644128750203,1.0,0.9145728237262658,1.0,0.9963898072574229,0.002,1.0,1.0,0.7575551687859474,0.8660147151143889,0.9744742614428304,1
4907,0.07936838553980785,0.1,0.9809187279151943,0.10351487060641174,0.59375,1.0,0.0,0.6666666666666666,0.07645461866691228,0.0,0.3643055238759346,0.9996665555185061,0.9953493633810974,0.0,0.9936666666666667,1.0,0.9420145964201566,0.947058186885863,0.9521017773515694,1
4908,0.19543844502003493,0.2,0.9936395759717315,0.10351487060641174,0.40625,1.0,0.0,0.6666666666666666,0.11999505347101458,0.0,0.220858940519416,0.9989996665555185,0.9845251357263562,0.0,0.9973333333333333,1.0,0.8817242345932313,0.8990615402226786,0.9163988458521258,1
4909,0.36346794240420244,0.3,0.9978798586572438,0.320855614973262,0.5625,0.8571428571428571,0.0,0.6666666666666666,0.3283691723586716,0.6666666666666666,0.47268989310442533,0.9996665555185061,0.9824906470805058,0.0,0.9986666666666667,1.0,0.8177197670813995,0.905661498124831,0.9936032291682626,1
4910,0.08149498378676212,0.0,0.9915194346289753,0.10351487060641174,0.9375,1.0,0.0,0.6666666666666666,0.08796358680869953,0.0,0.19897272291442025,0.9949983327775925,0.9651003898223834,0.0,0.9966666666666667,1.0,0.8374381271199478,0.8939100091308764,0.9503818911418049,1
4911,0.3422045371821044,0.1,0.9893992932862191,0.10351487060641174,0.375,1.0,0.0,0.6666666666666666,0.17819598456026797,0.0,0.1433777111382908,0.9973324441480493,0.9849449509643042,0.0,0.9973333333333333,1.0,0.9115977181928387,0.9133745914464334,0.9151514647000281,1
4912,0.08078016857973047,0.1,0.9681978798586572,0.10351487060641174,0.625,1.0,0.0,0.6666666666666666,0.08080126440593016,0.5,0.27961575382233606,0.9989996665555185,0.988860548579447,0.0003333333333333333,0.9976666666666667,1.0,0.8964183379662586,0.942059981872797,0.9877016257793356,1
4913,0.12332579538365562,0.1,0.9809187279151943,0.10351487060641174,0.78125,1.0,0.0,0.6666666666666666,0.08285000120760877,0.0,0.23760809573806652,0.9983327775925308,0.9892427667913057,0.0,0.9963333333333333,1.0,0.8647921455795937,0.878820635013266,0.8928491244469383,1
4914,0.1742743048687505,0.1,0.9908127208480565,0.2575250836120402,0.34375,1.0,0.0,0.6666666666666666,0.1448318000606621,0.0,0.11251683497805987,0.9986662220740247,0.9781960043346357,0.0,0.997,1.0,0.7884812211078515,0.8206326408656076,0.8527840606233638,1
4915,0.07546380153665833,0.0,0.9809187279151943,0.10351487060641174,0.59375,1.0,0.0,0.6666666666666666,0.07725417140038038,0.0,0.12234313199215163,0.9933311103701233,0.975528791667121,0.0,0.992,1.0,0.958124438547391,0.9611995889523974,0.9642747393574039,1
4916,0.14277317927548394,0.2,0.9964664310954063,0.10351487060641174,0.75,1.0,0.0,0.6666666666666666,0.19001468163178847,1.0,0.806325480895058,1.0,0.9966566460990932,0.0003333333333333333,1.0,1.0,0.7667634950295156,0.883254746741316,0.9997459984531164,1
4917,0.21553512586673462,0.2,0.9936395759717315,0.10351487060641174,0.46875,1.0,0.0,0.6666666666666666,0.18230294287890147,0.0,0.20018495771348788,0.9983327775925308,0.9767570968859236,0.0,0.9986666666666667,1.0,0.8250961326481213,0.8505284482502016,0.8759607638522818,1
4918,0.2529247087562987,0.3,0.9703180212014134,0.10351487060641174,0.53125,1.0,0.0,0.6666666666666666,0.1617773715279962,0.0,0.1164487451025722,0.9989996665555185,0.9877378195004578,0.0,0.9993333333333333,1.0,0.8909832337651604,0.9334548013041193,0.9759263688430783,1
4919,0.09676329538365558,0.1,0.9964664310954063,0.2575250836120402,0.78125,1.0,0.0,0.6666666666666666,0.1136627336913466,0.5,0.5046295311744985,1.0,0.9864490168291484,0.0,0.999,1.0,0.8022034205399536,0.8900643011216125,0.9779251817032713,1
4920,0.19834023073432072,0.0,0.9646643109540636,0.10351487060641174,0.59375,1.0,0.0,0.6666666666666666,0.08023372768125403,0.0,0.24688704706282394,0.9949983327775925,0.9771867161201273,0.0,0.9963333333333333,1.0,0.8873464849582587,0.9289122946154341,0.9704781042726095,1
4921,0.42064808661899034,0.1,0.9879858657243816,0.10351487060641174,0.5625,1.0,0.0,0.6666666666666666,0.2807243339097629,0.0,0.1990472943830891,0.9989996665555185,0.9581836226254066,0.0,0.999,1.0,0.7768978009544457,0.8377418696219499,0.898585938289454,1
4922,0.22668844502003493,0.2,0.9674911660777386,0.10351487060641174,0.4375,1.0,0.0,0.6666666666666666,0.0975043278123332,0.5,0.5008125399960623,1.0,0.9979425869477835,0.0003333333333333333,0.998,1.0,0.8875117695326522,0.9184920966577474,0.9494724237828428,1
4923,0.29352646810805805,0.3,0.9978798586572438,0.10351487060641174,0.5625,1.0,0.0,0.6666666666666666,0.11150999344894941,0.5,0.4449918301187554,0.9996665555185061,0.9902812918085733,0.0,1.0,1.0,0.8315417424891303,0.8979047541097003,0.9642677657302702,1
4924,0.07936838553980785,0.0,0.9371024734982332,0.10351487060641174,0.5625,1.0,0.0,0.6666666666666666,0.07610929899621366,0.0,0.16824028616320807,0.9953317772590864,0.9759689810408982,0.0,0.9886666666666667,1.0,0.9335434465908783,0.938267895630724,0.9429923446705697,1
4925,0.09703403854877068,0.2,0.9978798586572438,0.10351487060641174,0.6875,1.0,0.0,0.6666666666666666,0.08352667007793035,0.3333333333333333,0.4260058039454898,0.9996665555185061,0.9958417997965854,0.0,0.9976666666666667,1.0,0.9078765943343488,0.9356686815464965,0.9634607687586444,1
4926,0.19912658694347096,0.0,0.9519434628975265,0.10351487060641174,0.46875,1.0,0.0,0.6666666666666666,0.08393044406535377,0.0,0.12362995711917368,0.991997332444148,0.9701803755178523,0.0,0.9903333333333333,1.0,0.9368006679429748,0.9595631606582249,0.982325653373475,1
4927,0.7481335754640839,0.9,0.9992932862190813,0.8591549295774648,0.15625,0.2857142857142857,0.0,0.6666666666666666,0.9572004373937636,1.0,0.5996734959819114,1.0,0.9712504413625548,0.0033333333333333335,1.0,1.0,0.7223844209293896,0.8282103186032332,0.9340362162770769,1
4928,0.5775903209219109,0.7,0.9992932862190813,0.4035087719298246,0.40625,0.8571428571428571,0.0,0.6666666666666666,0.5759473702868898,0.5,0.5803651781797183,1.0,0.9945208879989721,0.0006666666666666666,0.9996666666666667,1.0,0.8185924642906832,0.8387795001194568,0.8589665359482304,1
4929,0.07775953050387341,0.0,0.9371024734982332,0.10351487060641174,0.5625,1.0,0.0,0.6666666666666666,0.08594881720265535,0.0,0.08668769213320027,0.9956652217405801,0.9747977203859111,0.0,0.9966666666666667,1.0,0.9295099623632999,0.9392645016871126,0.9490190410109254,1
4930,0.22668844502003493,0.2,0.992226148409894,0.10351487060641174,0.6875,1.0,0.0,0.6666666666666666,0.09841363432190986,0.0,0.35021543122113374,0.9989996665555185,0.9876578708722631,0.0,0.9983333333333333,1.0,0.8946666463177585,0.9196566895223155,0.9446467327268724,1
4931,0.235426235007825,0.1,0.9703180212014134,0.10351487060641174,0.53125,1.0,0.0,0.6666666666666666,0.14713349530956932,0.0,0.21641842631807628,0.9979993331110371,0.9769197307140454,0.0,0.999,1.0,0.8883309289057921,0.899071174126768,0.9098114193477438,1
4932,0.08149498378676212,0.1,0.9787985865724381,0.10351487060641174,0.875,1.0,0.0,0.6666666666666666,0.08064744834103943,0.0,0.25906022668808826,0.9979993331110371,0.985799235269398,0.0,0.9936666666666667,1.0,0.8666824215766095,0.9136009483791783,0.9605194751817471,1
4933,0.0962971348699917,0.1,0.9717314487632509,0.10351487060641174,0.625,1.0,0.0,0.6666666666666666,0.08058065362579392,0.0,0.3309069976652932,0.9969989996665555,0.9805360957644963,0.0,0.9973333333333333,1.0,0.9621716409910072,0.9771420509212445,0.9921124608514819,1
4934,0.2261180085120985,0.1,0.9858657243816255,0.10351487060641174,0.71875,1.0,0.0,0.6666666666666666,0.09076935686857224,0.0,0.46372483919637286,0.9996665555185061,0.9922377678960431,0.0,1.0,1.0,0.9080349854100391,0.9341396858463187,0.9602443862825981,1
4935,0.2348837130135214,0.3,1.0,0.10351487060641174,0.5625,1.0,0.0,0.6666666666666666,0.11909521409645096,0.6666666666666666,0.16828163634907045,0.9996665555185061,0.9921316448987396,0.0,0.998,1.0,0.8828532977098721,0.8852949845312162,0.8877366713525604,1
4936,0.31489398947557945,0.3,0.995053003533569,0.10351487060641174,0.46875,1.0,0.0,0.6666666666666666,0.14890677068901226,0.5,0.36836202162366305,0.9993331110370124,0.9933238202075243,0.0,0.9993333333333333,1.0,0.8444580608992052,0.8769859707210107,0.9095138805428162,1
4937,0.21698372980061387,0.1,0.9787985865724381,0.10351487060641174,0.6875,1.0,0.0,0.6666666666666666,0.08424621427126655,1.0,0.6786398480917287,1.0,0.9949023260830404,0.0003333333333333333,0.998,1.0,0.919552741046583,0.9511708690779249,0.9827889971092668,1
4938,0.30047091255250247,0.3,0.9978798586572438,0.10351487060641174,0.5625,1.0,0.0,0.6666666666666666,0.10532940382063682,0.3333333333333333,0.6078232597672009,1.0,0.9947452630164466,0.0003333333333333333,0.9996666666666667,1.0,0.8449116157805491,0.9033960225166968,0.9618804292528447,1
4939,0.2632040127856027,0.1,0.9703180212014134,0.10351487060641174,0.53125,1.0,0.0,0.6666666666666666,0.1483577461639063,0.0,0.2086403028562963,0.9976658886295432,0.9826757969830144,0.0,0.9986666666666667,1.0,0.8861056071767988,0.9064545076865793,0.9268034081963598,1
4940,0.12105306811092831,0.0,0.9809187279151943,0.10351487060641174,0.78125,1.0,0.0,0.6666666666666666,0.08171164970635858,0.0,0.21629450053670063,0.9953317772590864,0.9737162650452629,0.0,0.9963333333333333,1.0,0.8660198671895826,0.8842879978216731,0.9025561284537637,1
4941,0.235426235007825,0.0,0.9929328621908127,0.10351487060641174,0.5,1.0,0.0,0.6666666666666666,0.1279124330358401,0.0,0.16817886848706598,0.9953317772590864,0.9791975054076681,0.0,0.9976666666666667,1.0,0.9030397528009277,0.9032216335230451,0.9034035142451624,1
4942,0.3773568312930913,0.4,0.9957597173144876,0.320855614973262,0.40625,0.8571428571428571,0.0,0.6666666666666666,0.49563398701772243,0.0,0.17377764536236873,0.9989996665555185,0.9804079245705786,0.0,0.9996666666666667,1.0,0.7708063611805029,0.8137512694156492,0.8566961776507956,1
4943,0.23405451644860642,0.1,0.9802120141342756,0.10351487060641174,0.625,1.0,0.0,0.6666666666666666,0.08112167176142704,0.0,0.2717475461282395,0.9976658886295432,0.9828515377218684,0.0,0.9986666666666667,1.0,0.9004568420932629,0.9453457282227868,0.9902346143523109,1
4944,0.12105306811092831,0.0,0.9809187279151943,0.10351487060641174,0.78125,1.0,0.0,0.6666666666666666,0.08393620780243527,0.0,0.06958153490193719,0.9956652217405801,0.9767786692696574,0.0,0.9966666666666667,1.0,0.8574399363859706,0.8775729981353144,0.8977060598846582,1
4945,0.13247758109794128,0.2,0.9943462897526502,0.10351487060641174,0.59375,1.0,0.0,0.6666666666666666,0.10213775516756318,0.3333333333333333,0.45720863253690014,0.9996665555185061,0.9882428929642992,0.0,0.9983333333333333,1.0,0.8098086978363632,0.8616747222307394,0.9135407466251155,1
4946,0.3968920371821044,0.2,0.9929328621908127,0.10351487060641174,0.5625,1.0,0.0,0.6666666666666666,0.15186901840732814,0.0,0.27710218083298,0.9983327775925308,0.9823060365291674,0.0,0.9986666666666667,1.0,0.8824091706733702,0.9254518399765661,0.968494509279762,1
4947,0.43677051949164436,0.3,0.9957597173144876,0.2575250836120402,0.46875,1.0,0.0,0.6666666666666666,0.2860512571710734,0.0,0.3254427045531675,0.9993331110370124,0.9802950543107147,0.0,0.9993333333333333,1.0,0.7779074499354328,0.8460720033690653,0.9142365568026978,1
4948,0.11211889883193149,0.1,0.9957597173144876,0.2575250836120402,0.5625,1.0,0.0,0.6666666666666666,0.1774705163188146,0.0,0.08831237356074728,0.9976658886295432,0.9731015749001729,0.0,0.9973333333333333,1.0,0.7603766649337521,0.8367519052147501,0.9131271454957479,1
4949,0.12332579538365562,0.1,0.9901060070671378,0.10351487060641174,0.71875,1.0,0.0,0.6666666666666666,0.09883749493763827,0.0,0.14951190858746477,0.9969989996665555,0.9744419627909078,0.0,0.9983333333333333,1.0,0.8338320168286972,0.8482468629140325,0.8626617089993679,1
4950,0.1492275682599934,0.3,0.984452296819788,0.10351487060641174,0.53125,1.0,0.0,0.6666666666666666,0.1580231750336476,0.0,0.20359703806483487,0.9983327775925308,0.9812733738352815,0.0,0.9986666666666667,1.0,0.813245803097023,0.8588549527251803,0.9044641023533377,1
4951,0.06374338553980785,0.0,0.9371024734982332,0.10351487060641174,0.5625,1.0,0.0,0.6666666666666666,0.0762102687254983,0.0,0.07947240363439001,0.968322774258086,0.9390766858232248,0.0,0.9863333333333333,1.0,0.9071428897407462,0.9226068056031825,0.9380707214656189,1
4952,0.19321704634685477,0.0,0.9681978798586572,0.10351487060641174,0.625,1.0,0.0,0.6666666666666666,0.09349322370299995,0.0,0.1998269084744625,0.9893297765921975,0.958715970848561,0.0,0.9953333333333333,1.0,0.8837077406391824,0.9085710582215509,0.9334343758039195,1
4953,0.07775953050387341,0.0,0.9371024734982332,0.10351487060641174,0.5625,1.0,0.0,0.6666666666666666,0.08456229478270338,0.0,0.18315596416428181,0.9913304434811604,0.96668430323407,0.0,0.996,1.0,0.9272124754152711,0.9413168052756193,0.9554211351359677,1
4954,0.39776009273766,0.2,0.9943462897526502,0.10351487060641174,0.78125,1.0,0.0,0.6666666666666666,0.12907964558689156,0.25,0.5367357788530251,1.0,0.9921342134565413,0.0003333333333333333,0.9986666666666667,1.0,0.9106127092978187,0.9343635672010827,0.9581144251043467,1
4955,0.6088403209219109,0.4,0.9992932862190813,0.4035087719298246,0.40625,0.8571428571428571,0.0,0.6666666666666666,0.6017666449611838,0.6666666666666666,0.6001185557248024,1.0,0.9876153329501548,0.0,0.9996666666666667,1.0,0.8196302727340519,0.8324738128260465,0.8453173529180412,1
4956,0.1055373082816512,0.0,0.9703180212014134,0.10351487060641174,0.75,1.0,0.0,0.6666666666666666,0.09840215753605819,0.0,0.17107611171502768,0.9956652217405801,0.9794620178910698,0.0,0.997,1.0,0.9508080422829399,0.9647345712107539,0.9786611001385679,1
4957,0.19543844502003493,0.0,0.9731448763250884,0.10351487060641174,0.59375,1.0,0.0,0.6666666666666666,0.09097406624882332,0.0,0.22657821396645927,0.9953317772590864,0.9802130500243019,0.0,0.9943333333333333,1.0,0.8598367569869265,0.9249115437646143,0.9899863305423021,1
4958,0.4006799159699833,0.1,0.9992932862190813,0.10351487060641174,0.625,1.0,0.0,0.6666666666666666,0.14280648279910668,0.0,0.2678609800060996,0.9969989996665555,0.9788150133967857,0.0,0.9976666666666667,1.0,0.8745125704179899,0.9371406614141454,0.9997687524103009,1
4959,0.45522537051543777,0.6,0.9992932862190813,0.10351487060641174,0.78125,1.0,0.0,0.6666666666666666,0.11801618374589462,1.0,0.7488337902091767,1.0,0.995963054982255,0.0003333333333333333,1.0,1.0,0.9005473909011431,0.9477826531454285,0.995017915389714,1
4960,0.08647065826708056,0.1,0.9526501766784452,0.10351487060641174,0.5625,1.0,0.0,0.6666666666666666,0.076592572468972,0.0,0.34994035278844715,0.9989996665555185,0.9847588399093888,0.0,0.9923333333333333,1.0,0.9090730261299094,0.9151210754794431,0.9211691248289768,1
4961,0.17186948470404395,0.2,0.9978798586572438,0.2575250836120402,0.90625,1.0,0.0,0.6666666666666666,0.12400519761465034,0.0,0.22105367300779544,0.9979993331110371,0.9828282922904898,0.0,0.998,1.0,0.7976255824394612,0.8970658100098794,0.9965060375802975,1
4962,0.22153734611893605,0.2,0.9936395759717315,0.10351487060641174,0.40625,1.0,0.0,0.6666666666666666,0.11172458086687997,0.0,0.29561322212438934,0.9986662220740247,0.9841654458974195,0.0,0.999,1.0,0.9168272814848824,0.92229002544375,0.9277527694026177,1
4963,0.4255378705154379,0.2,0.9703180212014134,0.10351487060641174,0.53125,1.0,0.0,0.6666666666666666,0.18190484688919728,0.3333333333333333,0.38172597470627456,0.9989996665555185,0.9875454699364827,0.0003333333333333333,0.9983333333333333,1.0,0.8967052235329589,0.9166716832258055,0.9366381429186521,1
4964,0.35615273073432063,0.1,0.9957597173144876,0.4035087719298246,0.5,0.8571428571428571,0.0,0.6666666666666666,0.22396100276191466,0.0,0.38795431811183057,0.9969989996665555,0.9751426391787764,0.0,0.999,1.0,0.8620148770327545,0.928964654041986,0.9959144310512177,1
4965,0.17186948470404395,0.3,1.0,0.10351487060641174,0.59375,1.0,0.0,0.6666666666666666,0.11487704598779747,0.5,0.6942313553021475,1.0,0.9954584291547008,0.0003333333333333333,0.9973333333333333,1.0,0.8261849720383159,0.89546694758209,0.9647489231258641,1
4966,0.1492275682599934,0.1,0.9681978798586572,0.10351487060641174,0.625,1.0,0.0,0.6666666666666666,0.0869420191216439,0.0,0.38466787579770534,0.9983327775925308,0.9815943027034124,0.0,0.9953333333333333,1.0,0.883557441065305,0.9207412273775036,0.9579250136897023,1
4967,0.6997413180729081,0.8,1.0,0.6033057851239669,0.3125,0.5714285714285714,0.0,0.6666666666666666,0.898430992452449,0.5,0.7693860525287481,1.0,0.9945520209988097,0.0013333333333333333,1.0,1.0,0.7863950495151256,0.7996751932618629,0.8129553370086,1
4968,0.5451038528249776,0.5,1.0,0.803030303030303,0.40625,0.42857142857142855,0.0,0.6666666666666666,0.5344496019116205,1.0,0.5798474443422403,1.0,0.9938153570110742,0.001,0.9996666666666667,1.0,0.7291329820660797,0.8378738433179695,0.9466147045698594,1
4969,0.217210423042013,0.1,0.995053003533569,0.10351487060641174,0.625,1.0,0.0,0.6666666666666666,0.0937670571733269,0.0,0.2725067635673569,0.9973324441480493,0.981245694589833,0.0,0.997,1.0,0.96089041189,0.9796807151433868,0.9984710183967737,1
4970,0.5207900780560942,0.5,0.9985865724381625,0.4035087719298246,0.375,0.8571428571428571,0.0,0.6666666666666666,0.3322460295376699,0.3333333333333333,0.6933476504279621,1.0,0.9974871098874226,0.0003333333333333333,0.9996666666666667,1.0,0.8154780463070185,0.8414100253369441,0.8673420043668697,1
4971,0.19834023073432072,0.1,0.9936395759717315,0.10351487060641174,0.65625,1.0,0.0,0.6666666666666666,0.08146354783178134,0.0,0.19370121779921856,0.9986662220740247,0.9859422811174297,0.0,0.9976666666666667,1.0,0.8877878054277163,0.9352982310765146,0.9828086567253128,1
4972,0.30669881125667153,0.3,0.9992932862190813,0.5217391304347826,0.375,0.7142857142857143,0.0,0.6666666666666666,0.4327373154505123,1.0,0.5887404243942933,1.0,0.9871397479479109,0.0003333333333333333,1.0,1.0,0.729051292653057,0.8296963470953133,0.9303414015375695,1
4973,0.11482831712009545,0.1,0.984452296819788,0.10351487060641174,0.59375,1.0,0.0,0.6666666666666666,0.07823281720620223,1.0,0.7013638737374595,1.0,0.9937523052916554,0.0003333333333333333,0.996,1.0,0.883039981553179,0.9023173686550264,0.9215947557568739,1
4974,0.19834023073432072,0.0,0.9908127208480565,0.10351487060641174,0.78125,1.0,0.0,0.6666666666666666,0.08046568961722989,0.0,0.25398102519504495,0.9966655551850617,0.9837391688634485,0.0,0.996,1.0,0.8843888333936069,0.9268156274239353,0.9692424214542638,1
4975,0.07775953050387341,0.0,0.9371024734982332,0.10351487060641174,0.5625,1.0,0.0,0.6666666666666666,0.08288096281882873,0.0,0.23526797401731891,0.9946648882960987,0.9757141757680611,0.0,0.995,1.0,0.9225457306608714,0.9435587551524853,0.9645717796440991,1
4976,0.21244781557762393,0.1,0.984452296819788,0.10351487060641174,0.53125,1.0,0.0,0.6666666666666666,0.10072734862111832,0.0,0.3146769391812485,0.9996665555185061,0.9933513717153722,0.0,0.9986666666666667,1.0,0.9076864210646061,0.910269569573429,0.9128527180822519,1
4977,0.1055373082816512,0.1,0.9795053003533569,0.10351487060641174,0.875,1.0,0.0,0.6666666666666666,0.0921306098630501,0.0,0.2796802748812611,0.9973324441480493,0.9824390586690464,0.0,0.997,1.0,0.9392424104189108,0.9580506731490457,0.9768589358791806,1
4978,0.38765908263664994,0.2,0.9703180212014134,0.10351487060641174,0.75,1.0,0.0,0.6666666666666666,0.1056357212538328,0.5,0.3911842605911936,0.9986662220740247,0.9888014514308316,0.0,0.9973333333333333,1.0,0.9250216157584108,0.95628495679007,0.9875482978217293,1
4979,0.1219789940368543,0.1,0.9886925795053003,0.10351487060641174,0.71875,1.0,0.0,0.6666666666666666,0.0884532908064718,0.3333333333333333,0.46336034466002707,0.9996665555185061,0.9906616643171312,0.0,0.9973333333333333,1.0,0.8432475597743031,0.9039191434116476,0.964590727048992,1
4980,0.0962971348699917,0.2,0.9717314487632509,0.10351487060641174,0.625,1.0,0.0,0.6666666666666666,0.08215390307337556,0.0,0.2455349051184592,0.9976658886295432,0.9825252712328131,0.0,0.999,1.0,0.9814734145795077,0.9881849502703315,0.9948964859611552,1
4981,0.06374338553980785,0.0,0.9526501766784452,0.10351487060641174,0.5625,1.0,0.0,0.6666666666666666,0.07601337006800302,0.0,0.07876725334912738,0.9779926642214072,0.9518364870219453,0.0,0.9876666666666667,1.0,0.9261466003667579,0.9302133809121553,0.9342801614575527,1
4982,0.39776009273766,0.3,0.9943462897526502,0.10351487060641174,0.78125,1.0,0.0,0.6666666666666666,0.1365088943069923,0.0,0.244637643895244,0.9979993331110371,0.981616509761403,0.0,0.9996666666666667,1.0,0.9080768815152134,0.9296471106269688,0.9512173397387244,1
4983,0.12702949908735928,0.1,0.9915194346289753,0.10351487060641174,0.625,1.0,0.0,0.6666666666666666,0.0868039305229239,0.0,0.3345315443822007,0.9973324441480493,0.9816481552178451,0.0,0.9963333333333333,1.0,0.8420554251704458,0.8860846365113701,0.9301138478522945,1
4984,0.4842335226893508,0.3,0.9943462897526502,0.4035087719298246,0.46875,0.8571428571428571,0.0,0.6666666666666666,0.44593496689301715,0.5,0.6547017716351834,1.0,0.9957301391638582,0.0003333333333333333,0.9993333333333333,1.0,0.8407866943427359,0.8882893716788811,0.9357920490150262,1
4985,0.08297415477057701,0.1,0.9809187279151943,0.10351487060641174,0.59375,1.0,0.0,0.6666666666666666,0.07696594807934387,0.0,0.3785902434266042,0.9973324441480493,0.9872584938314143,0.0,0.9936666666666667,1.0,0.932328682111437,0.9465235234597709,0.9607183648081046,1
4986,0.3422045371821044,0.1,1.0,0.10351487060641174,0.5,1.0,0.0,0.6666666666666666,0.17504182654715794,0.0,0.16613061767314696,0.9979993331110371,0.9873310147474494,0.0,0.9973333333333333,1.0,0.9135774892541049,0.9142117937769575,0.9148460982998101,1
4987,0.19912658694347096,0.0,0.9519434628975265,0.10351487060641174,0.46875,1.0,0.0,0.6666666666666666,0.08576889065416271,0.0,0.15617447282538832,0.9886628876292097,0.965719628319714,0.0,0.991,1.0,0.9495925644349555,0.9619931821516855,0.9743937998684155,1
4988,0.24053512586673476,0.1,0.9809187279151943,0.10351487060641174,0.46875,1.0,0.0,0.6666666666666666,0.1369327828749325,0.0,0.33665927658574024,0.9989996665555185,0.9894305931212396,0.0,0.9983333333333333,1.0,0.8600213158651939,0.8702623022565172,0.8805032886478407,1
4989,0.5300360233676134,0.6,0.9985865724381625,0.803030303030303,0.34375,0.42857142857142855,0.0,0.6666666666666666,0.889141844815065,0.0,0.27499699025291546,0.9996665555185061,0.9742869723843395,0.0,0.9996666666666667,1.0,0.7239554675067982,0.7902165828986472,0.856477698290496,1
4990,0.4842335226893508,0.5,0.9992932862190813,0.4035087719298246,0.46875,0.8571428571428571,0.0,0.6666666666666666,0.2718409812974003,0.5,0.49496540438881065,0.9996665555185061,0.985068556221251,0.0,1.0,1.0,0.8675000222145103,0.9031393573015865,0.9387786923886625,1
4991,0.1134299620503223,0.1,0.984452296819788,0.10351487060641174,0.5625,1.0,0.0,0.6666666666666666,0.102436559048528,0.3333333333333333,0.7377843226055629,1.0,0.9972773360029338,0.0003333333333333333,0.998,1.0,0.8116697538084595,0.8546975435618182,0.8977253333151768,1
4992,0.21698372980061387,0.0,0.9915194346289753,0.10351487060641174,0.71875,1.0,0.0,0.6666666666666666,0.08211516440512678,0.0,0.16292079103455148,0.9936645548516172,0.9750479093560536,0.0,0.993,1.0,0.9265114322642595,0.9598485107397731,0.9931855892152867,1
4993,0.30866220425780033,0.7,0.9971731448763251,0.803030303030303,0.34375,0.42857142857142855,0.0,0.6666666666666666,0.8190561544495149,0.0,0.4049874218190195,0.9993331110370124,0.9445719217561253,0.0,1.0,1.0,0.7012212753751409,0.7594567267647367,0.8176921781543327,1
4994,0.09213046820332504,0.0,0.9371024734982332,0.10351487060641174,0.5625,1.0,0.0,0.6666666666666666,0.07718116384143259,0.0,0.25299077329096664,0.9943314438146049,0.9757378618542526,0.0,0.993,1.0,0.9387602541136116,0.9593827476949399,0.9800052412762681,1
4995,0.23405451644860642,0.1,0.9802120141342756,0.10351487060641174,0.625,1.0,0.0,0.6666666666666666,0.08187626490905409,0.0,0.3974546484573672,0.9986662220740247,0.989618481408017,0.0,0.9973333333333333,1.0,0.903206362936507,0.9503191700835147,0.9974319772305223,1
4996,0.15058043729346993,0.2,0.9929328621908127,0.2575250836120402,0.46875,1.0,0.0,0.6666666666666666,0.18566579432234476,0.0,0.42153060368935635,0.9993331110370124,0.9815523324636707,0.0,1.0,1.0,0.7710026884189961,0.8773790458543816,0.9837554032897672,1
4997,0.1492275682599934,0.2,0.9908127208480565,0.10351487060641174,0.53125,1.0,0.0,0.6666666666666666,0.09565315379477501,0.3333333333333333,0.5684001889797973,1.0,0.9957220915270768,0.0003333333333333333,0.999,1.0,0.8608766037908445,0.9022259457989138,0.9435752878069831,1
4998,0.3330019925834139,0.3,0.9964664310954063,0.320855614973262,0.53125,0.8571428571428571,0.0,0.6666666666666666,0.26070558264558297,0.0,0.29059555678777826,0.9986662220740247,0.9781793327662606,0.0,0.9993333333333333,1.0,0.8252838997643603,0.8505356634161385,0.8757874270679166,1
4999,0.42349966950983087,0.5,0.9929328621908127,0.4035087719298246,0.59375,0.8571428571428571,0.0,0.6666666666666666,0.3711364883982474,0.5,0.4541949262741538,0.9993331110370124,0.9857957247027125,0.0003333333333333333,1.0,1.0,0.8327019464397412,0.8724774297952052,0.9122529131506691,1
5000,0.2348837130135214,0.1,0.9879858657243816,0.10351487060641174,0.5625,1.0,0.0,0.6666666666666666,0.11092996439514302,0.0,0.4121756889469981,0.9989996665555185,0.9860231562444806,0.0,0.999,1.0,0.8823333280881431,0.8903611070439426,0.8983888859997419,1
5001,0.283425458007048,0.2,0.9908127208480565,0.10351487060641174,0.4375,1.0,0.0,0.6666666666666666,0.20405429756311155,0.3333333333333333,0.5253789264343642,1.0,0.988198973578093,0.0,0.9986666666666667,1.0,0.8504222563386086,0.865045380165006,0.8796685039914035,1
5002,0.08297415477057701,0.1,0.9519434628975265,0.10351487060641174,0.46875,1.0,0.0,0.6666666666666666,0.07794807872338516,0.0,0.25286493067327853,0.9993331110370124,0.9919537567885685,0.0,0.999,1.0,0.9322119498816946,0.9529281687867103,0.9736443876917259,1
5003,0.22446704634685477,0.1,0.9985865724381625,0.10351487060641174,0.65625,1.0,0.0,0.6666666666666666,0.10254656159187114,0.0,0.16737489537860661,0.9989996665555185,0.9843488801774949,0.0,0.9983333333333333,1.0,0.8843718437793385,0.89795466924673,0.9115374947141214,1
5004,0.0983257953836556,0.1,0.9724381625441696,0.10351487060641174,0.53125,1.0,0.0,0.6666666666666666,0.08080564259205536,0.0,0.04174165265765095,0.9979993331110371,0.9832674799569071,0.0,0.9966666666666667,1.0,0.8714259320914781,0.8884260618080986,0.905426191524719,1
5005,0.21244781557762393,0.1,0.9957597173144876,0.10351487060641174,0.625,1.0,0.0,0.6666666666666666,0.09720511703575252,0.0,0.25601337302797855,0.9989996665555185,0.9868503867844162,0.0,0.9976666666666667,1.0,0.9146717047400689,0.9154213182003879,0.9161709316607067,1
5006,0.41545269003428,0.3,0.9886925795053003,0.2575250836120402,0.6875,1.0,0.0,0.6666666666666666,0.26432387562571513,0.5,0.42570384556950136,0.9989996665555185,0.976792003904148,0.0,0.9993333333333333,1.0,0.7455830493781981,0.8668808526716107,0.9881786559650233,1
5007,0.2348837130135214,0.3,0.9809187279151943,0.10351487060641174,0.46875,1.0,0.0,0.6666666666666666,0.12636189499963968,0.0,0.3240299183143557,0.9976658886295432,0.9820750278014786,0.0,0.998,1.0,0.8799144838351919,0.8817676618694936,0.8836208399037953,1
5008,0.2399376957692857,0.2,0.9957597173144876,0.10351487060641174,0.4375,1.0,0.0,0.6666666666666666,0.12509705593233134,0.0,0.18172322044060318,0.9976658886295432,0.9840125553982026,0.0,0.9983333333333333,1.0,0.9169014931226841,0.947233145714871,0.9775647983070581,1
5009,0.3422045371821044,0.1,0.9893992932862191,0.10351487060641174,0.375,1.0,0.0,0.6666666666666666,0.1834375528190214,0.0,0.25026012551484,0.9979993331110371,0.9871656805067129,0.0,0.9973333333333333,1.0,0.9105066353285889,0.9116612944370909,0.9128159535455929,1
5010,0.649136397631031,0.4,0.9978798586572438,0.4035087719298246,0.375,0.8571428571428571,0.0,0.6666666666666666,0.49839846124526155,0.5,0.6106477744815682,1.0,0.9883714421545349,0.0006666666666666666,0.9996666666666667,1.0,0.817534103362346,0.8772780534926472,0.9370220036229484,1
5011,0.11848249054035076,0.1,0.9724381625441696,0.10351487060641174,0.53125,1.0,0.0,0.6666666666666666,0.08411214600209793,0.0,0.3176929548477112,0.9983327775925308,0.9853884533945694,0.0,0.9973333333333333,1.0,0.8521572383644965,0.8852219177910718,0.9182865972176472,1
5012,0.19834023073432072,0.0,0.9646643109540636,0.10351487060641174,0.59375,1.0,0.0,0.6666666666666666,0.07799885185393174,0.0,0.15845710267342816,0.9913304434811604,0.9648683478273974,0.0,0.995,1.0,0.9014518175519307,0.9296269230831398,0.9578020286143489,1
5013,0.16423488629274652,0.0,0.9879858657243816,0.10351487060641174,0.5625,1.0,0.0,0.6666666666666666,0.22977720038882266,0.0,0.09904135494262833,0.9963321107035679,0.9530777650340774,0.0,0.9976666666666667,1.0,0.7769877219375196,0.8001227944133003,0.8232578668890808,1
5014,0.2988684592000681,0.2,0.9964664310954063,0.320855614973262,0.4375,0.8571428571428571,0.0,0.6666666666666666,0.23696454403861655,1.0,0.6251528560157433,1.0,0.9849215932604783,0.0003333333333333333,0.9996666666666667,1.0,0.8277671880932999,0.8401966328697223,0.8526260776461448,1
5015,0.1218694847040439,0.1,0.9915194346289753,0.10351487060641174,0.40625,1.0,0.0,0.6666666666666666,0.13463850520879772,0.0,0.37177747259685623,0.9986662220740247,0.9827340771393344,0.0,0.9976666666666667,1.0,0.8094758890467896,0.8836505765436684,0.9578252640405474,1
5016,0.23804375637534636,0.0,0.9738515901060071,0.10351487060641174,0.59375,1.0,0.0,0.6666666666666666,0.10016456953300945,0.0,0.17096200074453105,0.9943314438146049,0.9721579602778841,0.0,0.9966666666666667,1.0,0.9509707994175159,0.9676491190548776,0.9843274386922393,1
5017,0.2538957862898762,0.1,1.0,0.10351487060641174,0.4375,1.0,0.0,0.6666666666666666,0.08594755153482347,1.0,0.5028450397136712,1.0,0.9860370449187429,0.0,0.9973333333333333,1.0,0.8848677118924573,0.9374743215644168,0.9900809312363762,1
5018,0.29133532591674727,0.2,0.995053003533569,0.320855614973262,0.46875,0.8571428571428571,0.0,0.6666666666666666,0.29245007594283956,0.5,0.5792818160000615,1.0,0.9889899143761842,0.0,0.9986666666666667,1.0,0.8322059335382108,0.8340766914486124,0.8359474493590139,1
5019,0.08149498378676212,0.0,0.9371024734982332,0.10351487060641174,0.5625,1.0,0.0,0.6666666666666666,0.07634771597402379,0.0,0.09671200552056602,0.9816605535178393,0.9560978843286826,0.0,0.9886666666666667,1.0,0.9060123268626306,0.9279672865843761,0.9499222463061217,1
5020,0.3327006657962619,0.3,0.9971731448763251,0.803030303030303,0.34375,0.42857142857142855,0.0,0.6666666666666666,0.8030761412958847,0.0,0.4566504894658875,0.9996665555185061,0.970792781725687,0.0006666666666666666,1.0,1.0,0.7233348315515786,0.7509341193691846,0.7785334071867906,1
5021,0.06762227384288833,0.1,0.9371024734982332,0.10351487060641174,0.5625,1.0,0.0,0.6666666666666666,0.0788098771755158,0.0,0.09181072993494899,0.9969989996665555,0.9766383972423196,0.0,0.9946666666666667,1.0,0.9475773487578842,0.9730486556052496,0.9985199624526148,1
5022,0.3773568312930913,0.6,0.9992932862190813,0.320855614973262,0.4375,0.8571428571428571,0.0,0.6666666666666666,0.15107196991666827,0.5,0.49553839037258607,0.9996665555185061,0.9892386968264103,0.0003333333333333333,0.9996666666666667,1.0,0.8585939328229955,0.9089243749701541,0.9592548171173129,1
5023,0.0983257953836556,0.1,0.9724381625441696,0.10351487060641174,0.53125,1.0,0.0,0.6666666666666666,0.08080911917598832,0.0,0.041404645978735055,0.9976658886295432,0.9825086610819773,0.0,0.9966666666666667,1.0,0.8712758759960548,0.88853842768113,0.9058009793662052,1
5024,0.5207900780560942,0.4,0.9985865724381625,0.4035087719298246,0.375,0.8571428571428571,0.0,0.6666666666666666,0.3008863451657997,0.5,0.34412386964991604,0.9996665555185061,0.991613975946068,0.0,0.9996666666666667,1.0,0.8184504402098141,0.8450052028440289,0.8715599654782438,1
5025,0.1218694847040439,0.0,0.9696113074204947,0.10351487060641174,0.46875,1.0,0.0,0.6666666666666666,0.12226884004941119,0.0,0.16722969250550057,0.991997332444148,0.9640845910593955,0.0,0.9963333333333333,1.0,0.8127058798273608,0.8923149274632538,0.9719239750991467,1
5026,0.1605535172171122,0.1,0.9915194346289753,0.10351487060641174,0.6875,1.0,0.0,0.6666666666666666,0.1223176759622564,0.0,0.43047758897373334,0.9996665555185061,0.9764232754273753,0.0,0.9986666666666667,1.0,0.791352884978694,0.8694906775874675,0.9476284701962409,1
5027,0.10324157931443612,0.2,1.0,0.10351487060641174,0.59375,1.0,0.0,0.6666666666666666,0.0779352111286632,1.0,0.7008387616844658,1.0,0.9944210981993549,0.0006666666666666666,0.996,1.0,0.9641002026166005,0.9675139295229213,0.9709276564292421,1
5028,0.4136331086106759,0.3,0.9985865724381625,0.10351487060641174,0.625,1.0,0.0,0.6666666666666666,0.1092403761457359,0.0,0.39873940897474647,0.9996665555185061,0.9862270038484331,0.0,0.999,1.0,0.9393740573088945,0.950647281079821,0.9619205048507475,1
5029,0.09699029973464257,0.3,0.9703180212014134,0.10351487060641174,0.75,1.0,0.0,0.6666666666666666,0.0885928874942683,0.5,0.47876384312326115,0.9993331110370124,0.9916424211992213,0.0003333333333333333,0.9973333333333333,1.0,0.9785028108606245,0.985103861134718,0.9917049114088116,1
5030,0.21835735617424024,0.0,0.9519434628975265,0.10351487060641174,0.46875,1.0,0.0,0.6666666666666666,0.08706621762863043,0.0,0.16918890580484114,0.9926642214071357,0.9732548131093232,0.0,0.9906666666666667,1.0,0.9686384950987045,0.9705059956234123,0.9723734961481202,1
5031,0.1134299620503223,0.1,0.9943462897526502,0.10351487060641174,0.59375,1.0,0.0,0.6666666666666666,0.10643580474071324,0.0,0.3058729471720194,0.9989996665555185,0.9862046581495236,0.0,0.9956666666666667,1.0,0.8081461585848924,0.8485991562616418,0.8890521539383913,1
5032,0.13247758109794128,0.1,0.9943462897526502,0.10351487060641174,0.59375,1.0,0.0,0.6666666666666666,0.10258583712073577,0.0,0.16033183437483978,0.9986662220740247,0.9824323316387896,0.0,0.9986666666666667,1.0,0.8087248945462528,0.8646347324149518,0.9205445702836508,1
5033,0.6991363976310311,0.7,0.9985865724381625,0.6033057851239669,0.5,0.5714285714285714,0.0,0.6666666666666666,0.6597113349778909,0.5,0.8042382080200254,1.0,0.9959992753678492,0.0006666666666666666,0.9996666666666667,1.0,0.8018545004680537,0.8708709382454726,0.9398873760228914,1
5034,0.06762227384288833,0.0,0.9371024734982332,0.10351487060641174,0.5625,1.0,0.0,0.6666666666666666,0.07834147665493119,0.0,0.1273035098927583,0.9866622207402468,0.9597048178319978,0.0,0.9923333333333333,1.0,0.9332917281963699,0.9656366164984761,0.9979815048005823,1
5035,0.11915912871698897,0.2,0.9809187279151943,0.10351487060641174,0.78125,1.0,0.0,0.6666666666666666,0.08911765538514815,0.0,0.2835202148709296,0.9986662220740247,0.9796774741179564,0.0,0.9993333333333333,1.0,0.8392246217969507,0.8697425364683742,0.9002604511397978,1
5036,0.5678260869565217,0.9,0.9992932862190813,0.8591549295774648,0.15625,0.2857142857142857,0.0,0.6666666666666666,0.9335148690384202,1.0,0.7355229796103376,1.0,0.9892189441867631,0.0016666666666666668,1.0,1.0,0.7245719834810052,0.8119532547385218,0.8993345259960384,1
5037,0.15231885093921116,0.2,0.9964664310954063,0.2575250836120402,0.78125,1.0,0.0,0.6666666666666666,0.10816484992026099,1.0,0.5790101347776611,1.0,0.9901328967199466,0.0003333333333333333,0.9996666666666667,1.0,0.8014219670351798,0.8658601753742122,0.9302983837132447,1
5038,0.6797045371821044,0.8,0.9992932862190813,0.8591549295774648,0.15625,0.2857142857142857,0.0,0.6666666666666666,0.9444916579693184,1.0,0.5805589135041573,1.0,0.987299686241357,0.006,1.0,1.0,0.7887800176915312,0.8093974558024777,0.8300148939134243,1
5039,0.2632040127856027,0.2,0.9936395759717315,0.10351487060641174,0.40625,1.0,0.0,0.6666666666666666,0.11330650887292637,0.0,0.3674356023033466,0.9983327775925308,0.9876111220104843,0.0,0.999,1.0,0.9051146175669144,0.9114207422015286,0.9177268668361427,1
5040,0.0983257953836556,0.0,0.9901060070671378,0.10351487060641174,0.59375,1.0,0.0,0.6666666666666666,0.08209300259304775,0.0,0.22848105144514108,0.9943314438146049,0.9688969483926242,0.0,0.9986666666666667,1.0,0.8791378611376531,0.8793538140489545,0.879569766960256,1
5041,0.1218694847040439,0.0,0.9696113074204947,0.10351487060641174,0.46875,1.0,0.0,0.6666666666666666,0.1035893258480427,0.0,0.11684795501801493,0.9933311103701233,0.9660256247424088,0.0,0.9953333333333333,1.0,0.821168705111689,0.9082940616051358,0.9954194180985827,1
5042,0.11720926950104782,0.1,0.9851590106007068,0.10351487060641174,0.6875,1.0,0.0,0.6666666666666666,0.07924139206428038,0.0,0.12750695705230786,0.9983327775925308,0.981065377797529,0.0,0.9983333333333333,1.0,0.8836196837315858,0.9319659782849119,0.980312272838238,1
5043,0.1261035731614334,0.2,0.984452296819788,0.10351487060641174,0.59375,1.0,0.0,0.6666666666666666,0.07918183095522724,0.5,0.32571975712749535,0.9996665555185061,0.9932988222672201,0.0003333333333333333,0.998,1.0,0.8917509827204259,0.8920208556374483,0.8922907285544707,1
5044,0.11720926950104782,0.2,0.9908127208480565,0.10351487060641174,0.5625,1.0,0.0,0.6666666666666666,0.07765739451493758,0.5,0.27293657289464746,0.9996665555185061,0.9906680976427492,0.0,0.9966666666666667,1.0,0.8926746447734222,0.9296979526646965,0.9667212605559709,1
5045,0.10900953050387341,0.1,0.9795053003533569,0.10351487060641174,0.875,1.0,0.0,0.6666666666666666,0.09138649481931616,0.5,0.5345648513099422,1.0,0.9908467730562384,0.0003333333333333333,0.997,1.0,0.9341204451346856,0.9460074711785287,0.9578944972223717,1
5046,0.19834023073432072,0.0,0.9787985865724381,0.10351487060641174,0.6875,1.0,0.0,0.6666666666666666,0.08433129015084861,0.0,0.08699857436025715,0.9936645548516172,0.9729172174467254,0.0,0.9963333333333333,1.0,0.9089873160064283,0.9471778352130293,0.9853683544196303,1
5047,0.33569016462642465,0.3,0.9985865724381625,0.320855614973262,0.59375,0.8571428571428571,0.0,0.6666666666666666,0.17089269014212927,0.0,0.476399305747251,0.9996665555185061,0.9838009300237308,0.0,0.999,1.0,0.8462340561550334,0.8815500518158728,0.916866047476712,1
5048,0.21014432737297617,0.1,1.0,0.10351487060641174,0.8125,1.0,0.0,0.6666666666666666,0.09222418693709777,0.3333333333333333,0.3977087139051849,0.9996665555185061,0.9908456403758407,0.0,0.9963333333333333,1.0,0.876211691858485,0.9232808339020055,0.970349975945526,1
5049,0.235426235007825,0.1,0.9703180212014134,0.10351487060641174,0.53125,1.0,0.0,0.6666666666666666,0.13640616053616617,0.5,0.388600038716284,0.9989996665555185,0.987240240336665,0.0,0.997,1.0,0.8968739646084756,0.8986555707996783,0.900437176990881,1
5050,0.19543844502003493,0.0,0.9957597173144876,0.10351487060641174,0.46875,1.0,0.0,0.6666666666666666,0.09890049721358318,0.0,0.15284244141069436,0.9949983327775925,0.9732872732819353,0.0,0.9956666666666667,1.0,0.8598696248667631,0.9115546095914044,0.9632395943160457,1
5051,0.29352646810805805,0.2,0.9943462897526502,0.10351487060641174,0.53125,1.0,0.0,0.6666666666666666,0.11820152872765133,0.0,0.26594223087266666,0.9986662220740247,0.9789203295898211,0.0,0.9993333333333333,1.0,0.83452057737882,0.8917330917535207,0.9489456061282213,1
5052,0.21995992027680433,0.1,0.9936395759717315,0.10351487060641174,0.40625,1.0,0.0,0.6666666666666666,0.11089828633760501,0.0,0.35239463043920505,0.9996665555185061,0.9871856628562435,0.0,0.9983333333333333,1.0,0.9185937390371138,0.9390681340654881,0.9595425290938622,1
5053,0.23846794240420244,0.2,0.995053003533569,0.320855614973262,0.4375,0.8571428571428571,0.0,0.6666666666666666,0.36908802451709755,0.0,0.17450963384225626,0.9979993331110371,0.9743222367004699,0.0,0.9986666666666667,1.0,0.8048494959492316,0.8874550179967109,0.9700605400441901,1
5054,0.24352621251569717,0.2,0.995053003533569,0.10351487060641174,0.65625,1.0,0.0,0.6666666666666666,0.13496058249258014,0.0,0.11810058980807225,0.9976658886295432,0.9804448169831286,0.0,0.998,1.0,0.9038276545839089,0.9474491834306304,0.9910707122773519,1
5055,0.22668844502003493,0.2,0.9858657243816255,0.10351487060641174,0.6875,1.0,0.0,0.6666666666666666,0.0889778008291805,0.0,0.3592983584948971,0.9993331110370124,0.9929250006640151,0.0,0.9956666666666667,1.0,0.8662355652828804,0.929091766708804,0.9919479681347276,1
5056,0.1055373082816512,0.2,0.9978798586572438,0.10351487060641174,0.53125,1.0,0.0,0.6666666666666666,0.09895620069550704,0.0,0.2754722370923721,0.9983327775925308,0.986319135448164,0.0,0.9983333333333333,1.0,0.964325742284744,0.9652256234799664,0.9661255046751889,1
5057,0.6192569875885775,0.6,0.9978798586572438,0.6033057851239669,0.375,0.5714285714285714,0.0,0.6666666666666666,0.7402534456700859,0.6666666666666666,0.4649580413482566,0.9996665555185061,0.9862697403243553,0.0006666666666666666,0.9996666666666667,1.0,0.7974043462686563,0.8384424569812177,0.8794805676937791,1
5058,0.06762227384288833,0.0,0.9371024734982332,0.10351487060641174,0.5625,1.0,0.0,0.6666666666666666,0.07723227860640769,0.0,0.2330183007437241,0.9936645548516172,0.9747318884746559,0.0,0.9936666666666667,1.0,0.9173692785840698,0.949683184437808,0.9819970902915462,1
5059,0.21698372980061387,0.0,0.9915194346289753,0.10351487060641174,0.71875,1.0,0.0,0.6666666666666666,0.08193135618068248,0.0,0.2724513938134865,0.9963321107035679,0.979610036819012,0.0,0.9946666666666667,1.0,0.9229928001852551,0.9589785305504239,0.9949642609155928,1
5060,0.12105306811092831,0.0,0.9809187279151943,0.10351487060641174,0.78125,1.0,0.0,0.6666666666666666,0.08299433329533024,0.0,0.250503224195061,0.9946648882960987,0.9754459348850514,0.0,0.9966666666666667,1.0,0.8607764055959938,0.8802619711727614,0.899747536749529,1
5061,0.28245992027680433,0.1,0.9858657243816255,0.10351487060641174,0.65625,1.0,0.0,0.6666666666666666,0.09721771830101078,0.0,0.34545058609303014,0.9996665555185061,0.9902147770987095,0.0,0.999,1.0,0.9401893563709441,0.9428752332806106,0.9455611101902771,1
5062,0.24053512586673476,0.1,0.9809187279151943,0.10351487060641174,0.46875,1.0,0.0,0.6666666666666666,0.13303569829367767,0.0,0.09168066822322718,0.9986662220740247,0.9864188830246421,0.0,0.9983333333333333,1.0,0.8635818293645675,0.8727849025429415,0.8819879757213155,1
5063,0.14378034083820102,0.1,0.9724381625441696,0.10351487060641174,0.53125,1.0,0.0,0.6666666666666666,0.07961242600736462,0.0,0.12404621169214947,0.9979993331110371,0.9827983057133552,0.0,0.9973333333333333,1.0,0.8759736817063153,0.8988786040928094,0.9217835264793036,1
5064,0.38948606406765407,0.5,0.9985865724381625,0.4035087719298246,0.625,0.8571428571428571,0.0,0.6666666666666666,0.42548022947504904,0.5,0.4818167357552132,0.9996665555185061,0.9928932913230171,0.0,0.9996666666666667,1.0,0.829425817806114,0.9142244575904053,0.9990230973746964,1
5065,0.06374338553980785,0.0,0.9371024734982332,0.10351487060641174,0.5625,1.0,0.0,0.6666666666666666,0.07649866764412061,0.0,0.08452190420432804,0.9776592197399133,0.9499274425813542,0.0,0.987,1.0,0.9012357107752924,0.9191588879805721,0.9370820651858519,1
5066,0.06374338553980785,0.0,0.9526501766784452,0.10351487060641174,0.5625,1.0,0.0,0.6666666666666666,0.07628634333237583,0.0,0.18567113725195683,0.9893297765921975,0.965610964257842,0.0,0.9886666666666667,1.0,0.9176784143876004,0.9270182822031652,0.93635815001873,1
5067,0.0983257953836556,0.1,0.9809187279151943,0.10351487060641174,0.78125,1.0,0.0,0.6666666666666666,0.0872080161415939,0.0,0.17223148267285449,0.9983327775925308,0.9770078449315129,0.0,0.9986666666666667,1.0,0.8556134504978367,0.8662475365649236,0.8768816226320104,1
5068,0.2599988845804745,0.3,0.9978798586572438,0.10351487060641174,0.71875,1.0,0.0,0.6666666666666666,0.09060830101726969,0.0,0.3132615357926902,0.9986662220740247,0.9847098908006219,0.0,0.998,1.0,0.900106666410241,0.9316918634855563,0.9632770605608717,1
5069,0.09213046820332504,0.0,0.9371024734982332,0.10351487060641174,0.5625,1.0,0.0,0.6666666666666666,0.07662123720589142,0.0,0.13814808411798507,0.995998666222074,0.9773612448721622,0.0,0.9946666666666667,1.0,0.9173693166446942,0.943896280490375,0.9704232443360556,1
5070,0.2781194847040439,0.5,0.9957597173144876,0.2575250836120402,0.46875,1.0,0.0,0.6666666666666666,0.2984297892141393,0.6666666666666666,0.15470764903887957,0.9996665555185061,0.989979312132481,0.001,0.9996666666666667,1.0,0.7859260102618565,0.8431244629118477,0.900322915561839,1
5071,0.1531194847040439,0.3,0.9915194346289753,0.2575250836120402,0.4375,1.0,0.0,0.6666666666666666,0.1770831320881141,0.0,0.44672474854759203,0.9989996665555185,0.986303821175238,0.0,0.999,1.0,0.7950864422691284,0.86705944525779,0.9390324482464516,1
5072,0.11211889883193149,0.0,0.9865724381625441,0.2575250836120402,0.375,1.0,0.0,0.6666666666666666,0.18364881279571277,0.0,0.2643984298703874,0.995998666222074,0.9665105212747418,0.0,0.9973333333333333,1.0,0.7590749342933707,0.831447266954561,0.9038195996157511,1
5073,0.22336547792333816,0.2,0.9992932862190813,0.5217391304347826,0.28125,0.7142857142857143,0.0,0.6666666666666666,0.23306477290494165,0.0,0.39056067273361406,0.9989996665555185,0.9644560412856312,0.0,0.999,1.0,0.752939137631991,0.8441292137483574,0.9353192898647236,1
5074,0.09262227384288835,0.0,0.9816254416961131,0.10351487060641174,0.5625,1.0,0.0,0.6666666666666666,0.08461918996113271,0.0,0.1856641838186125,0.9939979993331111,0.9717047412488884,0.0,0.9983333333333333,1.0,0.8564356409339451,0.9229444740255075,0.9894533071170699,1
5075,0.07722018388377883,0.0,0.9681978798586572,0.10351487060641174,0.5,1.0,0.0,0.6666666666666666,0.10402276900627516,0.0,0.23373410942421113,0.9963321107035679,0.9745974449225379,0.0,0.9973333333333333,1.0,0.8088126767877464,0.8669935395569879,0.9251744023262293,1
5076,0.2920595934794188,0.2,0.9858657243816255,0.10351487060641174,0.65625,1.0,0.0,0.6666666666666666,0.1074728751913343,0.0,0.2454546896767832,0.9986662220740247,0.9873683194531316,0.0,0.9983333333333333,1.0,0.9256871861652991,0.9508423880081489,0.9759975898509988,1
5077,0.09676329538365558,0.1,0.9696113074204947,0.10351487060641174,0.46875,1.0,0.0,0.6666666666666666,0.10523322489953757,0.0,0.2419296120718878,0.9986662220740247,0.9848567507503858,0.0,0.9966666666666667,1.0,0.8088765610060666,0.8859688813644793,0.9630612017228918,1
5078,0.12233880153665833,0.2,0.9717314487632509,0.10351487060641174,0.625,1.0,0.0,0.6666666666666666,0.08519988890914187,0.0,0.39183225485246775,0.9989996665555185,0.9936650007585763,0.0,0.9956666666666667,1.0,0.9889605588686905,0.9936227122354798,0.9982848656022691,1
5079,0.3490820236636136,0.4,0.9908127208480565,0.10351487060641174,0.4375,1.0,0.0,0.6666666666666666,0.16884406162092502,1.0,0.9046088079051732,1.0,0.9983594035414597,0.001,1.0,1.0,0.8599365982186166,0.8749216786144938,0.889906759010371,1
5080,0.13149498378676217,0.2,0.9915194346289753,0.10351487060641174,0.875,1.0,0.0,0.6666666666666666,0.08250765838682173,0.0,0.3496570590734692,0.9989996665555185,0.9812946157269982,0.0,0.998,1.0,0.8588234767814251,0.8854384237154207,0.9120533706494163,1
5081,0.22185385967074378,0.0,0.9858657243816255,0.10351487060641174,0.65625,1.0,0.0,0.6666666666666666,0.09453963895569517,0.0,0.24247033458141554,0.9966655551850617,0.9829759634042559,0.0,0.998,1.0,0.9414576069631982,0.9438032541589636,0.9461489013547291,1
5082,0.07936838553980785,0.1,0.9371024734982332,0.10351487060641174,0.5625,1.0,0.0,0.6666666666666666,0.07599846932342191,0.0,0.2659232144988015,0.9969989996665555,0.980570315562992,0.0,0.988,1.0,0.9382569007768363,0.9390888830003608,0.9399208652238851,1
5083,0.1349660070238673,0.2,0.9936395759717315,0.10351487060641174,0.78125,1.0,0.0,0.6666666666666666,0.0997967418345791,0.5,0.4194855338808967,0.9993331110370124,0.9911497402510657,0.0003333333333333333,0.9986666666666667,1.0,0.8387259918610072,0.9116500882289482,0.9845741845968894,1
5084,0.19543844502003493,0.0,0.9674911660777386,0.10351487060641174,0.4375,1.0,0.0,0.6666666666666666,0.10402321814072724,0.0,0.20474746002071909,0.9916638879626543,0.9707753979844914,0.0,0.9973333333333333,1.0,0.8727184728403916,0.9079152542378623,0.9431120356353332,1
5085,0.24886106406765407,0.1,0.9957597173144876,0.4035087719298246,0.5,0.8571428571428571,0.0,0.6666666666666666,0.20999990878356922,0.0,0.24604322419996216,0.9969989996665555,0.9783673034464508,0.0,0.9983333333333333,1.0,0.8639538114157185,0.9229709373818593,0.9819880633480002,1
5086,0.09676329538365558,0.0,0.984452296819788,0.10351487060641174,0.5625,1.0,0.0,0.6666666666666666,0.10182113966605111,0.0,0.19391070811824085,0.9936645548516172,0.9689716714187265,0.0,0.9953333333333333,1.0,0.8178553465346633,0.8488299747558433,0.8798046029770233,1
5087,0.07546380153665833,0.0,0.9809187279151943,0.10351487060641174,0.59375,1.0,0.0,0.6666666666666666,0.07697949686679983,0.0,0.19605589071080598,0.9886628876292097,0.9690981813601104,0.0,0.9936666666666667,1.0,0.9525781426964469,0.9559109967153714,0.9592438507342957,1
5088,0.19912658694347096,0.0,0.9519434628975265,0.10351487060641174,0.46875,1.0,0.0,0.6666666666666666,0.08514610159384339,0.0,0.12249817888142223,0.9776592197399133,0.9519087017164582,0.0,0.9893333333333333,1.0,0.9600636048441734,0.9693557383366809,0.9786478718291884,1
5089,0.21553512586673462,0.0,0.9879858657243816,0.10351487060641174,0.5625,1.0,0.0,0.6666666666666666,0.2175289322006302,0.0,0.356140428702557,0.9963321107035679,0.9629130481642278,0.0,0.9986666666666667,1.0,0.7922101599172193,0.8452553357063078,0.8983005114953964,1
5090,0.19543844502003493,0.0,0.9731448763250884,0.10351487060641174,0.59375,1.0,0.0,0.6666666666666666,0.09665060660027636,0.0,0.08612898122569512,0.9929976658886296,0.9685598480042414,0.0,0.9963333333333333,1.0,0.8570529558899753,0.9146147895345278,0.9721766231790802,1
5091,0.13918729147906983,0.2,0.9787985865724381,0.10351487060641174,0.875,1.0,0.0,0.6666666666666666,0.08134855914823613,0.6666666666666666,0.5844468312668611,1.0,0.9961075302006513,0.0006666666666666666,0.9993333333333333,1.0,0.8654015992921424,0.9180857530501123,0.9707699068080821,1
5092,0.09034954657016114,0.0,0.9816254416961131,0.10351487060641174,0.5625,1.0,0.0,0.6666666666666666,0.08480975963983461,0.0,0.24507959779976463,0.9949983327775925,0.9683256192360189,0.0,0.9976666666666667,1.0,0.8634516939979184,0.9284220485638208,0.9933924031297232,1
5093,0.1531194847040439,0.2,0.9915194346289753,0.2575250836120402,0.4375,1.0,0.0,0.6666666666666666,0.1914940758854834,0.0,0.1623920194084958,0.9979993331110371,0.9758100880585912,0.0,0.999,1.0,0.7890235107009829,0.8639083718054072,0.9387932329098315,1
5094,0.19834023073432072,0.0,0.9646643109540636,0.10351487060641174,0.59375,1.0,0.0,0.6666666666666666,0.07774618151602553,0.0,0.24224076170169895,0.9929976658886296,0.972244090975572,0.0,0.994,1.0,0.8924085262872142,0.9112288183566699,0.9300491104261256,1
5095,0.37609320692479686,0.5,1.0,0.4035087719298246,0.625,0.8571428571428571,0.0,0.6666666666666666,0.22480496081506096,1.0,0.7847737203707013,1.0,0.994826392569737,0.0006666666666666666,0.9993333333333333,1.0,0.8573047179779528,0.9018884945637401,0.9464722711495274,1
5096,0.21995992027680433,0.2,0.9992932862190813,0.10351487060641174,0.78125,1.0,0.0,0.6666666666666666,0.10778048045568189,1.0,0.6149676876376982,1.0,0.9948572346239485,0.0003333333333333333,0.9996666666666667,1.0,0.9222326781925062,0.9373379944981519,0.9524433108037976,1
5097,0.08149498378676212,0.0,0.9787985865724381,0.10351487060641174,0.875,1.0,0.0,0.6666666666666666,0.08037161728411646,0.0,0.11635415593451448,0.9926642214071357,0.9751545046575054,0.0,0.9946666666666667,1.0,0.8663602602622564,0.9072274484343112,0.9480946366063661,1
5098,0.21835735617424024,0.1,0.995053003533569,0.10351487060641174,0.625,1.0,0.0,0.6666666666666666,0.0902507556125891,0.0,0.3148351526405666,0.9986662220740247,0.9853671340462644,0.0,0.992,1.0,0.9608177186313257,0.9641705089616674,0.9675232992920092,1
5099,0.10324157931443612,0.1,0.9717314487632509,0.10351487060641174,0.59375,1.0,0.0,0.6666666666666666,0.07975313180887666,0.0,0.19738624668416738,0.9973324441480493,0.9817212445241763,0.0,0.9953333333333333,1.0,0.9732709773473529,0.9806955615973958,0.9881201458474386,1
5100,0.6192569875885775,0.6,0.9978798586572438,0.6033057851239669,0.375,0.5714285714285714,0.0,0.6666666666666666,0.6087641313507757,0.5,0.5525965480838159,1.0,0.9891404717449352,0.0006666666666666666,1.0,1.0,0.8115849796776912,0.8443391153173025,0.8770932509569139,1
5101,0.0983257953836556,0.1,0.9901060070671378,0.10351487060641174,0.59375,1.0,0.0,0.6666666666666666,0.08262305548076765,0.0,0.19284546087471366,0.9976658886295432,0.9834463190667093,0.0,0.9963333333333333,1.0,0.8665917349473613,0.8794381580309374,0.8922845811145135,1
5102,0.12702949908735928,0.0,0.9724381625441696,0.10351487060641174,0.53125,1.0,0.0,0.6666666666666666,0.09024944953636638,0.0,0.14683765510263047,0.9936645548516172,0.9712463149599864,0.0,0.9973333333333333,1.0,0.8320948699370084,0.8775640860046883,0.923033302072368,1
5103,0.19834023073432072,0.0,0.9802120141342756,0.10351487060641174,0.625,1.0,0.0,0.6666666666666666,0.08380102857426763,0.0,0.20196024778371036,0.9966655551850617,0.9787660194723452,0.0,0.9963333333333333,1.0,0.890618719976173,0.9442815355686074,0.9979443511610416,1
5104,0.0983257953836556,0.0,0.9901060070671378,0.10351487060641174,0.59375,1.0,0.0,0.6666666666666666,0.08208009442840725,0.0,0.12585090498703855,0.9939979993331111,0.9693167837146552,0.0,0.998,1.0,0.875934447054774,0.8795780355026294,0.8832216239504848,1
5105,0.19543844502003493,0.0,0.9674911660777386,0.10351487060641174,0.4375,1.0,0.0,0.6666666666666666,0.10044183453780642,0.0,0.12114277814233576,0.9909969989996665,0.9706507823971092,0.0,0.996,1.0,0.8731227203704578,0.9116412113707059,0.9501597023709539,1
5106,0.1219789940368543,0.2,0.9886925795053003,0.10351487060641174,0.71875,1.0,0.0,0.6666666666666666,0.09230657097728312,0.0,0.3819186543866634,0.9986662220740247,0.9835565460017164,0.0,0.9993333333333333,1.0,0.8376900682992564,0.9085244400436969,0.9793588117881376,1
5107,0.22775199544020308,0.2,0.9929328621908127,0.10351487060641174,0.71875,1.0,0.0,0.6666666666666666,0.07914395855024503,0.0,0.3781390286765913,0.9989996665555185,0.9892464679639932,0.0,0.9986666666666667,1.0,0.9258054581470596,0.955196193969345,0.9845869297916303,1
5108,0.451624827037177,0.5,0.9964664310954063,0.10351487060641174,0.5,1.0,0.0,0.6666666666666666,0.2955473761746982,0.3333333333333333,0.3366942049876379,0.9996665555185061,0.9863889301417818,0.0003333333333333333,0.9996666666666667,1.0,0.8703667882203715,0.8881299509470122,0.905893113673653,1
5109,0.09262227384288835,0.1,0.9816254416961131,0.10351487060641174,0.5625,1.0,0.0,0.6666666666666666,0.08285509722881024,0.0,0.36645023421481515,0.9989996665555185,0.9834708798883179,0.0,0.998,1.0,0.8717943548528755,0.9341060563593608,0.9964177578658461,1
5110,0.3552253705154379,0.0,0.9809187279151943,0.10351487060641174,0.46875,1.0,0.0,0.6666666666666666,0.11731605205586704,0.0,0.18824461364229617,0.9963321107035679,0.9730971335328231,0.0,0.9986666666666667,1.0,0.8841706521103164,0.9160241705206218,0.9478776889309272,1
5111,0.07546380153665833,0.0,0.9519434628975265,0.10351487060641174,0.46875,1.0,0.0,0.6666666666666666,0.08294550022753566,0.0,0.06795566627169758,0.9793264421473825,0.9511279416691212,0.0,0.9906666666666667,1.0,0.9614327753583283,0.9757870808226791,0.9901413862870299,1
5112,0.0983257953836556,0.0,0.995053003533569,0.10351487060641174,0.71875,1.0,0.0,0.6666666666666666,0.08234594883843216,0.0,0.13959467331249908,0.9943314438146049,0.9753295847393618,0.0,0.997,1.0,0.8632884250294682,0.8833316772362448,0.9033749294430214,1
5113,0.1217632953836556,0.1,0.995053003533569,0.2575250836120402,0.40625,1.0,0.0,0.6666666666666666,0.11400655660891801,0.25,0.5168764323121837,1.0,0.9937134568415613,0.0,0.9973333333333333,1.0,0.7990115028382185,0.8447041203848173,0.890396737931416,1
5114,0.23405451644860642,0.1,0.9908127208480565,0.10351487060641174,0.78125,1.0,0.0,0.6666666666666666,0.07984879630586272,0.0,0.21580788365218506,0.9996665555185061,0.9933601991336931,0.0,0.9976666666666667,1.0,0.8831441861405241,0.9213684678409516,0.9595927495413791,1
5115,0.21579325361013768,0.0,0.9738515901060071,0.10351487060641174,0.59375,1.0,0.0,0.6666666666666666,0.09324686818519257,0.0,0.2223201433658868,0.9933311103701233,0.9732702612489991,0.0,0.9963333333333333,1.0,0.9516500743811737,0.9583120936794197,0.9649741129776658,1
5116,0.6382571687610519,0.6,0.9978798586572438,0.6033057851239669,0.28125,0.5714285714285714,0.0,0.6666666666666666,0.857903459314607,0.0,0.2954784360104117,0.9996665555185061,0.9879282585376287,0.0,0.9996666666666667,1.0,0.7836774528105575,0.8756713209376381,0.9676651890647188,1
5117,0.37116220425780033,0.6,0.9978798586572438,0.803030303030303,0.25,0.42857142857142855,0.0,0.6666666666666666,0.8959850745755239,0.5,0.6619776688356441,1.0,0.9883858342587586,0.0003333333333333333,0.9993333333333333,1.0,0.6784558362673947,0.7658419975171054,0.8532281587668159,1
5118,0.22185385967074378,0.1,0.9858657243816255,0.10351487060641174,0.71875,1.0,0.0,0.6666666666666666,0.0907947414463035,0.0,0.3946241055349686,0.9989996665555185,0.9898655833616448,0.0,0.997,1.0,0.9369888041324395,0.9465810018108861,0.9561731994893328,1
5119,0.19543844502003493,0.0,0.9731448763250884,0.10351487060641174,0.59375,1.0,0.0,0.6666666666666666,0.09328845027200927,0.0,0.22206020636741464,0.9949983327775925,0.9760063861197117,0.0,0.995,1.0,0.8532029711098412,0.9207591187163071,0.988315266322773,1
5120,0.08874338553980787,0.0,0.984452296819788,0.10351487060641174,0.59375,1.0,0.0,0.6666666666666666,0.07840867010713815,0.0,0.21119199984907866,0.9966655551850617,0.9805114658584708,0.0,0.9956666666666667,1.0,0.8889715542883996,0.8970621811366004,0.9051528079848011,1
5121,0.6296418792234691,0.6,0.9985865724381625,0.4035087719298246,0.3125,0.8571428571428571,0.0,0.6666666666666666,0.8413728150808321,0.0,0.44109005887026465,0.9993331110370124,0.9806900716702374,0.0003333333333333333,1.0,1.0,0.7720218141103015,0.7970148424138483,0.8220078707173952,1
5122,0.31489398947557945,0.2,0.9908127208480565,0.10351487060641174,0.4375,1.0,0.0,0.6666666666666666,0.17472018691218927,0.0,0.4516389486915603,0.9996665555185061,0.9943711508488612,0.0,0.9983333333333333,1.0,0.8428150739219145,0.8691364398123016,0.8954578057026887,1
5123,0.1055373082816512,0.1,0.9795053003533569,0.10351487060641174,0.875,1.0,0.0,0.6666666666666666,0.09325749351344526,0.3333333333333333,0.38215993756759625,0.9986662220740247,0.9893302386729188,0.0003333333333333333,0.9966666666666667,1.0,0.9376997570875656,0.9593483063582285,0.9809968556288915,1
5124,0.1492275682599934,0.2,0.9915194346289753,0.10351487060641174,0.625,1.0,0.0,0.6666666666666666,0.09687820743178288,0.0,0.15971731581400206,0.9989996665555185,0.9840176344744952,0.0,0.9983333333333333,1.0,0.852472414834733,0.9006207808180349,0.9487691468013368,1
5125,0.21014432737297617,0.0,0.9674911660777386,0.10351487060641174,0.4375,1.0,0.0,0.6666666666666666,0.09293816088024276,0.0,0.07228368523008188,0.995998666222074,0.9791614771845409,0.0,0.9966666666666667,1.0,0.8843681877386048,0.9237262051048865,0.9630842224711681,1
5126,0.5775903209219109,0.6,0.9971731448763251,0.4035087719298246,0.53125,0.8571428571428571,0.0,0.6666666666666666,0.5070120287613732,0.0,0.4503657081456407,0.9996665555185061,0.9861380031211875,0.0,1.0,1.0,0.8253733152166397,0.84292746249053,0.8604816097644202,1
5127,0.25406939740098733,0.2,0.9703180212014134,0.10351487060641174,0.53125,1.0,0.0,0.6666666666666666,0.14597455799881542,1.0,0.7932725007336747,1.0,0.9969197329465891,0.0003333333333333333,0.9986666666666667,1.0,0.8879347905603486,0.9232635635709222,0.9585923365814958,1
5128,0.11949056811092829,0.1,0.995053003533569,0.10351487060641174,0.71875,1.0,0.0,0.6666666666666666,0.09037617825863309,0.0,0.1425146892973278,0.9976658886295432,0.9853698305565624,0.0,0.9973333333333333,1.0,0.8349818201734585,0.8673268306451942,0.89967184111693,1
5129,0.13918729147906983,0.3,0.9787985865724381,0.10351487060641174,0.875,1.0,0.0,0.6666666666666666,0.08193331744582055,1.0,0.5289554611716167,1.0,0.9951427738057265,0.0,1.0,1.0,0.8622037775692911,0.9161954458632561,0.970187114157221,1
5130,0.35615273073432063,0.3,0.9957597173144876,0.4035087719298246,0.5,0.8571428571428571,0.0,0.6666666666666666,0.24221328289582178,0.0,0.17702763360188434,0.9983327775925308,0.9783851962221924,0.0,0.9986666666666667,1.0,0.8560926101046116,0.9209458758119831,0.9857991415193545,1
5131,0.19321704634685477,0.0,0.9978798586572438,0.10351487060641174,0.6875,1.0,0.0,0.6666666666666666,0.09143554784600594,0.0,0.1470362539298774,0.9903301100366789,0.9595048823019275,0.0,0.9953333333333333,1.0,0.9079817639114853,0.9194632232575539,0.9309446826036225,1
5132,0.07546380153665833,0.0,0.9717314487632509,0.10351487060641174,0.59375,1.0,0.0,0.6666666666666666,0.08352864526159343,0.0,0.3382810757121635,0.995998666222074,0.9760941186004636,0.0,0.991,1.0,0.977517425855173,0.9847414674089418,0.9919655089627105,1
5133,0.09925172130958149,0.0,0.9724381625441696,0.10351487060641174,0.53125,1.0,0.0,0.6666666666666666,0.08956340416720543,0.0,0.11427004750242031,0.9946648882960987,0.9754366788238278,0.0,0.9966666666666667,1.0,0.8355916221856182,0.8712369000799802,0.9068821779743422,1
5134,0.37605870384877116,0.1,0.9879858657243816,0.10351487060641174,0.5,1.0,0.0,0.6666666666666666,0.10062443532667187,0.0,0.33634259002480993,0.9983327775925308,0.9838436768503837,0.0,0.9983333333333333,1.0,0.9138186814164898,0.940920028257735,0.9680213750989801,1
5135,0.21244781557762393,0.1,0.984452296819788,0.10351487060641174,0.53125,1.0,0.0,0.6666666666666666,0.10040889581013457,0.5,0.42775796704270885,0.9996665555185061,0.9959035173098991,0.0,0.9986666666666667,1.0,0.9080735833126796,0.9115414582607506,0.9150093332088217,1
5136,0.08149498378676212,0.0,0.976678445229682,0.10351487060641174,0.71875,1.0,0.0,0.6666666666666666,0.09296152539140567,0.0,0.16480364074109932,0.9966655551850617,0.9747189732427283,0.0,0.9966666666666667,1.0,0.8283917620620282,0.900383717961871,0.9723756738617136,1
5137,0.3552253705154379,0.3,0.9908127208480565,0.10351487060641174,0.4375,1.0,0.0,0.6666666666666666,0.14593078098544288,0.5,0.41006162859251016,0.9989996665555185,0.9855120852665284,0.0,0.9986666666666667,1.0,0.8656645863491846,0.921965278146383,0.9782659699435814,1
5138,0.4061527307343207,0.3,0.9964664310954063,0.4035087719298246,0.4375,0.8571428571428571,0.0,0.6666666666666666,0.2946269743677561,0.3333333333333333,0.4925656107064261,0.9996665555185061,0.9926348860165233,0.0006666666666666666,0.999,1.0,0.8524665663186283,0.9129481363210483,0.9734297063234683,1
5139,0.10048680323114612,0.1,0.9795053003533569,0.10351487060641174,0.875,1.0,0.0,0.6666666666666666,0.0864277121056517,0.0,0.26158282502469743,0.9973324441480493,0.9804486732126224,0.0,0.9966666666666667,1.0,0.9619518222412162,0.9690789958915185,0.9762061695418208,1
5140,0.22690436472124875,0.1,0.9858657243816255,0.10351487060641174,0.65625,1.0,0.0,0.6666666666666666,0.09752934108318856,0.0,0.22285114631995495,0.9986662220740247,0.9866054677977819,0.0,0.9986666666666667,1.0,0.9344540621041934,0.9369586899868921,0.9394633178695909,1
5141,0.29296591754750745,0.1,0.9703180212014134,0.10351487060641174,0.53125,1.0,0.0,0.6666666666666666,0.1399259653239654,0.0,0.22348906618633868,0.9979993331110371,0.9856117558177097,0.0,0.9983333333333333,1.0,0.8911631747500665,0.9108405846103466,0.9305179944706267,1
5142,0.0884556071762217,0.1,0.9943462897526502,0.10351487060641174,0.65625,1.0,0.0,0.6666666666666666,0.07999226269916004,0.3333333333333333,0.37042163992201405,0.9996665555185061,0.9940671667912391,0.0003333333333333333,0.9963333333333333,1.0,0.9121591154210268,0.9495470854747907,0.9869350555285545,1
5143,0.1055373082816512,0.1,0.9992932862190813,0.10351487060641174,0.75,1.0,0.0,0.6666666666666666,0.09890229514135263,0.3333333333333333,0.5888608104635873,1.0,0.9982714569811045,0.0003333333333333333,0.998,1.0,0.9608650898097483,0.9646036654747485,0.9683422411397489,1
5144,0.2749027307343207,0.3,0.9929328621908127,0.10351487060641174,0.6875,1.0,0.0,0.6666666666666666,0.12249458132492508,0.0,0.4667712353182629,0.9996665555185061,0.991917484303666,0.0,0.9993333333333333,1.0,0.9255792419593202,0.944624862113429,0.9636704822675377,1
5145,0.4398568312930913,0.6,0.9957597173144876,0.320855614973262,0.59375,0.8571428571428571,0.0,0.6666666666666666,0.21283659979403047,1.0,0.7099923195803741,1.0,0.9915364111439138,0.0006666666666666666,1.0,1.0,0.831712427876323,0.887087154516396,0.9424618811564689,1
5146,0.07936838553980785,0.0,0.9371024734982332,0.10351487060641174,0.5625,1.0,0.0,0.6666666666666666,0.07592351291841948,0.0,0.21006267319624483,0.9929976658886296,0.9737168036230373,0.0,0.987,1.0,0.9364863961773147,0.936791827134601,0.9370972580918874,1
5147,0.409610780620942,0.4,0.9929328621908127,0.4035087719298246,0.59375,0.8571428571428571,0.0,0.6666666666666666,0.36362803833763113,0.0,0.20171443061341354,0.9996665555185061,0.9870023622480223,0.0,0.9996666666666667,1.0,0.8359961446213942,0.8636779366131238,0.8913597286048535,1
5148,0.10324157931443612,0.1,0.9717314487632509,0.10351487060641174,0.59375,1.0,0.0,0.6666666666666666,0.07863651254956827,0.0,0.3033048446717238,0.9979993331110371,0.9842732567536443,0.0,0.998,1.0,0.9576238262302351,0.9736012707996353,0.9895787153690354,1
5149,0.19834023073432072,0.0,0.9646643109540636,0.10351487060641174,0.59375,1.0,0.0,0.6666666666666666,0.07795745294794998,0.0,0.22658617048076823,0.991997332444148,0.9687273121172941,0.0,0.995,1.0,0.8899848677149244,0.9082367160634309,0.9264885644119375,1
5150,0.13047756825999335,0.2,0.9943462897526502,0.10351487060641174,0.6875,1.0,0.0,0.6666666666666666,0.0874081520802199,0.5,0.6302013555976749,1.0,0.9923371582559407,0.0003333333333333333,0.9973333333333333,1.0,0.8718180070259748,0.9186939843406322,0.9655699616552896,1
5151,0.2796375792191692,0.2,0.9957597173144876,0.10351487060641174,0.46875,1.0,0.0,0.6666666666666666,0.12411169255952426,0.0,0.1444095867035824,0.9973324441480493,0.9763906434315531,0.0,0.9986666666666667,1.0,0.855530299960409,0.8899445845733673,0.9243588691863257,1
5152,0.12267472933832435,0.1,0.9816254416961131,0.10351487060641174,0.5625,1.0,0.0,0.6666666666666666,0.10165998500335627,0.0,0.2353778048163121,0.9986662220740247,0.9866407167310477,0.0,0.9983333333333333,1.0,0.816273710928018,0.9017228874966741,0.98717206406533,1
5153,0.19321704634685477,0.0,0.9681978798586572,0.10351487060641174,0.625,1.0,0.0,0.6666666666666666,0.0913199900086955,0.0,0.07527162722765834,0.9896632210736912,0.9585523381118681,0.0,0.9956666666666667,1.0,0.893257756337521,0.9144957342150695,0.935733712092618,1
5154,0.23846794240420244,0.3,0.9858657243816255,0.320855614973262,0.28125,0.8571428571428571,0.0,0.6666666666666666,0.5329553470352735,0.0,0.37046031242247657,0.9986662220740247,0.9726040631900026,0.0,0.9993333333333333,1.0,0.8027044281678274,0.878447817835712,0.9541912075035968,1
5155,0.09213046820332504,0.0,0.9908127208480565,0.10351487060641174,0.5625,1.0,0.0,0.6666666666666666,0.07669982960791988,0.0,0.1328037248052255,0.9909969989996665,0.9740255024535918,0.0,0.9923333333333333,1.0,0.9450271721058195,0.9556370417074276,0.9662469113090356,1
5156,0.09213046820332504,0.0,0.9908127208480565,0.10351487060641174,0.5625,1.0,0.0,0.6666666666666666,0.07686833696982776,0.0,0.01966913286349914,0.9879959986662221,0.9681706523681369,0.0,0.992,1.0,0.9492061275296723,0.9577489161295359,0.9662917047293996,1
5157,0.3422045371821044,0.1,0.9703180212014134,0.10351487060641174,0.75,1.0,0.0,0.6666666666666666,0.10898796745041306,0.0,0.0986967826477102,0.9983327775925308,0.9850114658914603,0.0,0.997,1.0,0.9231689056151907,0.9519596085594983,0.9807503115038061,1
5158,0.31656939740098733,0.3,0.992226148409894,0.4035087719298246,0.4375,0.8571428571428571,0.0,0.6666666666666666,0.19942972837095108,0.6666666666666666,0.46826056316847475,0.9996665555185061,0.9876607806766846,0.0003333333333333333,0.9993333333333333,1.0,0.8657447155835202,0.9172485639238682,0.9687524122642163,1
5159,0.30047091255250247,0.3,1.0,0.10351487060641174,0.65625,1.0,0.0,0.6666666666666666,0.14224723807484696,0.5,0.4819153162637777,0.9996665555185061,0.9955721958535968,0.0,0.9993333333333333,1.0,0.8310873188622505,0.8778361218750512,0.9245849248878518,1
5160,0.07775953050387341,0.0,0.9371024734982332,0.10351487060641174,0.5625,1.0,0.0,0.6666666666666666,0.08594648456730858,0.0,0.16608832697957776,0.991997332444148,0.9665172741730768,0.0,0.996,1.0,0.9199926631282317,0.9346146405221485,0.9492366179160654,1
5161,0.06374338553980785,0.0,0.9526501766784452,0.10351487060641174,0.5625,1.0,0.0,0.6666666666666666,0.07679818835978747,0.0,0.1799937222720166,0.991997332444148,0.9677467664923439,0.0,0.994,1.0,0.9169301416868226,0.9339496901659565,0.9509692386450905,1
5162,0.0983257953836556,0.1,0.9809187279151943,0.10351487060641174,0.78125,1.0,0.0,0.6666666666666666,0.0903001768367192,0.0,0.3394626123607345,0.9969989996665555,0.9780349239846673,0.0,0.9986666666666667,1.0,0.8437723869947533,0.862041361461654,0.8803103359285546,1
5163,0.09213046820332504,0.0,0.9371024734982332,0.10351487060641174,0.5625,1.0,0.0,0.6666666666666666,0.07673698430157228,0.0,0.26321690873008874,0.9949983327775925,0.979164283883829,0.0,0.994,1.0,0.9318658670960404,0.9529617186838055,0.9740575702715707,1
5164,0.19329805613261541,0.2,0.9915194346289753,0.10351487060641174,0.40625,1.0,0.0,0.6666666666666666,0.1637734270074631,0.0,0.39275825583764823,0.9989996665555185,0.9838787196850318,0.0,0.9993333333333333,1.0,0.8093871421151897,0.8694405827823677,0.9294940234495457,1
5165,0.07775953050387341,0.1,0.9992932862190813,0.10351487060641174,0.9375,1.0,0.0,0.6666666666666666,0.097239243546549,0.0,0.2574811394127233,0.9969989996665555,0.9828146667604973,0.0,0.997,1.0,0.9348646132819561,0.965779785667167,0.9966949580523781,1
5166,0.07722018388377883,0.1,0.9681978798586572,0.10351487060641174,0.5,1.0,0.0,0.6666666666666666,0.11099112164054448,0.0,0.36152004824388007,0.9993331110370124,0.9798541440456953,0.0,0.9983333333333333,1.0,0.8021088732267708,0.8578823171467301,0.9136557610666894,1
5167,0.11395760366252272,0.2,0.9731448763250884,0.10351487060641174,0.59375,1.0,0.0,0.6666666666666666,0.08781922838558054,0.0,0.33808089321900003,0.9993331110370124,0.9888655357862479,0.0,0.9946666666666667,1.0,0.862417217411933,0.9298654385767917,0.9973136597416503,1
5168,0.09164841939276225,0.0,0.9371024734982332,0.10351487060641174,0.5625,1.0,0.0,0.6666666666666666,0.08838382932313216,0.0,0.22606427622333225,0.9963321107035679,0.9766088840405112,0.0,0.997,1.0,0.9420226722112892,0.9455118623618037,0.9490010525123183,1
5169,0.22775199544020308,0.1,0.9802120141342756,0.10351487060641174,0.625,1.0,0.0,0.6666666666666666,0.08005915814132547,0.0,0.18037073132957027,0.9986662220740247,0.9886817827110431,0.0,0.9976666666666667,1.0,0.926112688964045,0.9592560789355153,0.9923994689069856,1
5170,0.16172756825999335,0.3,0.9978798586572438,0.10351487060641174,0.59375,1.0,0.0,0.6666666666666666,0.12668084889144393,0.3333333333333333,0.5252169934383466,1.0,0.9927426553786751,0.0003333333333333333,0.999,1.0,0.8207573292119275,0.8743609191570698,0.9279645091022123,1
5171,0.12496397202183218,0.1,0.9901060070671378,0.10351487060641174,0.71875,1.0,0.0,0.6666666666666666,0.09250379416781418,0.5,0.31820112146092483,0.9993331110370124,0.9846515762337723,0.0,0.998,1.0,0.8543668172064744,0.854998865617933,0.8556309140293915,1
5172,0.11395760366252272,0.0,0.9731448763250884,0.10351487060641174,0.59375,1.0,0.0,0.6666666666666666,0.08656601764144767,0.0,0.07566752811869804,0.9943314438146049,0.9699372811596837,0.0,0.9973333333333333,1.0,0.8567074065795617,0.9184885289467905,0.9802696513140192,1
5173,0.19321704634685477,0.0,0.9957597173144876,0.10351487060641174,0.625,1.0,0.0,0.6666666666666666,0.10560809713263619,0.0,0.34817475831669475,0.9966655551850617,0.9770927007586953,0.0,0.9976666666666667,1.0,0.8654275194036009,0.8906432865808269,0.9158590537580531,1
5174,0.12702949908735928,0.2,0.9915194346289753,0.10351487060641174,0.625,1.0,0.0,0.6666666666666666,0.08823307079757214,0.0,0.2256709714758658,0.9979993331110371,0.9867778394947684,0.0,0.9956666666666667,1.0,0.8377698615809838,0.8853647423700223,0.9329596231590608,1
5175,0.29133532591674727,0.3,0.9964664310954063,0.320855614973262,0.53125,0.8571428571428571,0.0,0.6666666666666666,0.28485097282252425,0.0,0.3706119553339863,0.9989996665555185,0.9708274860627175,0.0,0.999,1.0,0.8289285345426073,0.8391839131760586,0.8494392918095099,1
5176,0.08149498378676212,0.0,0.976678445229682,0.10351487060641174,0.71875,1.0,0.0,0.6666666666666666,0.0894514985702769,0.0,0.16595266857344715,0.9906635545181727,0.9568058814419754,0.0,0.997,1.0,0.833755199492693,0.8930434834468493,0.9523317674010056,1
5177,0.08297415477057701,0.0,0.9809187279151943,0.10351487060641174,0.59375,1.0,0.0,0.6666666666666666,0.07667659784143377,0.0,0.210030163538363,0.9963321107035679,0.9837868619603058,0.0,0.99,1.0,0.9350439255347675,0.9456573123884482,0.956270699242129,1
5178,0.3422045371821044,0.0,0.9703180212014134,0.10351487060641174,0.75,1.0,0.0,0.6666666666666666,0.11038194168318383,0.0,0.11703788039154539,0.9956652217405801,0.974740128279284,0.0,0.9973333333333333,1.0,0.9277551949693906,0.9496541090052097,0.9715530230410288,1
5179,0.1774250402595995,0.2,0.9943462897526502,0.2575250836120402,0.5625,1.0,0.0,0.6666666666666666,0.1818099267674781,0.0,0.17594278564041943,0.9979993331110371,0.974709405918618,0.0,0.999,1.0,0.7793330901259201,0.87208638745784,0.9648396847897597,1
5180,0.06374338553980785,0.0,0.9371024734982332,0.10351487060641174,0.5625,1.0,0.0,0.6666666666666666,0.07627805551658418,0.0,0.27158943806096936,0.9946648882960987,0.9734879932050183,0.0,0.9913333333333333,1.0,0.9148175436402554,0.9373108021324665,0.9598040606246777,1
5181,0.13293831401256773,0.0,0.9681978798586572,0.10351487060641174,0.5,1.0,0.0,0.6666666666666666,0.11898370405045855,0.0,0.06271082148317308,0.9966655551850617,0.9687105865059005,0.0,0.9976666666666667,1.0,0.7991216041734415,0.8437917076307677,0.8884618110880941,1
5182,0.4571193567009467,0.4,0.9971731448763251,0.803030303030303,0.34375,0.42857142857142855,0.0,0.6666666666666666,0.4970718276940941,1.0,0.758888673594116,1.0,0.9852639012881399,0.0003333333333333333,1.0,1.0,0.7233218916179497,0.786586951025182,0.8498520104324141,1
5183,0.09676329538365558,0.0,0.984452296819788,0.10351487060641174,0.5625,1.0,0.0,0.6666666666666666,0.10289966348196222,0.0,0.11729675731858102,0.9953317772590864,0.9767010726786612,0.0,0.996,1.0,0.8152601478217274,0.8487484113680508,0.8822366749143741,1
5184,0.09676329538365558,0.3,0.9915194346289753,0.10351487060641174,0.78125,1.0,0.0,0.6666666666666666,0.10724055739438876,0.0,0.26385198347107863,0.9979993331110371,0.9729536081920749,0.0,0.9973333333333333,1.0,0.8207209807064605,0.8391001689489204,0.8574793571913801,1
5185,0.29846042304201303,0.1,0.9943462897526502,0.10351487060641174,0.75,1.0,0.0,0.6666666666666666,0.10957527161523384,0.0,0.3077973155170096,0.9973324441480493,0.9812304722213865,0.0,0.9993333333333333,1.0,0.9114046486239904,0.9164247506271954,0.9214448526304004,1
5186,0.16819186681222698,0.2,0.9985865724381625,0.10351487060641174,0.5625,1.0,0.0,0.6666666666666666,0.09448221617646224,1.0,0.7512850251416702,1.0,0.99566307289914,0.0003333333333333333,0.9996666666666667,1.0,0.8226567131988883,0.8788408801229206,0.9350250470469528,1
5187,0.19543844502003493,0.0,0.9731448763250884,0.10351487060641174,0.59375,1.0,0.0,0.6666666666666666,0.0919627607316369,0.0,0.047044566742485694,0.9923307769256419,0.9730082864498395,0.0,0.995,1.0,0.8556860898717101,0.9232083747575557,0.9907306596434012,1
5188,0.08078016857973047,0.0,0.9681978798586572,0.10351487060641174,0.625,1.0,0.0,0.6666666666666666,0.08445120497473735,0.0,0.15886473629182274,0.9939979993331111,0.9700852662253894,0.0,0.9966666666666667,1.0,0.8798483387379106,0.9271717762808652,0.9744952138238199,1
5189,0.3237854027216627,0.2,0.9957597173144876,0.320855614973262,0.46875,0.8571428571428571,0.0,0.6666666666666666,0.3348115500598554,0.5,0.6282420026545257,1.0,0.9935449314636958,0.0003333333333333333,0.9993333333333333,1.0,0.8069277903466537,0.8732982352432186,0.9396686801397833,1
5190,0.22412658694347098,0.1,0.9858657243816255,0.10351487060641174,0.71875,1.0,0.0,0.6666666666666666,0.08979981783876245,0.0,0.0701916688601586,0.9973324441480493,0.9813457399430657,0.0,0.9976666666666667,1.0,0.930013353568163,0.9447732985405104,0.959533243512858,1
5191,0.06762227384288833,0.1,0.9717314487632509,0.10351487060641174,0.625,1.0,0.0,0.6666666666666666,0.07903779632026053,0.0,0.19641232484332283,0.9976658886295432,0.9777487722725285,0.0,0.9953333333333333,1.0,0.9507880786136413,0.9750886227653788,0.9993891669171163,1
5192,0.3552253705154379,0.2,0.9908127208480565,0.10351487060641174,0.4375,1.0,0.0,0.6666666666666666,0.14040803054444462,0.25,0.4279514952694672,0.9993331110370124,0.9864744867155925,0.0003333333333333333,0.998,1.0,0.8702250015012705,0.9256556114835386,0.9810862214658066,1
5193,0.1657665968408505,0.1,0.992226148409894,0.10351487060641174,0.625,1.0,0.0,0.6666666666666666,0.18176745315665754,1.0,0.6912250448515587,1.0,0.9914380969466382,0.0003333333333333333,0.9993333333333333,1.0,0.7693205597405157,0.8268189532886943,0.8843173468368727,1
5194,0.44251636709795705,0.6,0.9985865724381625,0.6033057851239669,0.3125,0.5714285714285714,0.0,0.6666666666666666,0.7468667667389517,0.5,0.564970584406392,1.0,0.994540983745172,0.0003333333333333333,0.9996666666666667,1.0,0.7993784110223958,0.8858306964212384,0.9722829818200809,1
5195,0.08149498378676212,0.0,0.976678445229682,0.10351487060641174,0.71875,1.0,0.0,0.6666666666666666,0.09274314002804473,0.0,0.23286234465440758,0.9926642214071357,0.9575319626198764,0.0,0.9973333333333333,1.0,0.826367322787235,0.8887888940757684,0.9512104653643018,1
5196,0.31489398947557945,0.3,0.995053003533569,0.10351487060641174,0.46875,1.0,0.0,0.6666666666666666,0.15119897662808335,0.0,0.23568359774525183,0.9989996665555185,0.9894713626202937,0.0,0.999,1.0,0.8425579660167424,0.8758456743041426,0.9091333825915429,1
5197,0.4531144070506671,0.8,0.9971731448763251,0.8591549295774648,0.15625,0.2857142857142857,0.0,0.6666666666666666,0.7745019811248866,1.0,0.7307145161884658,1.0,0.9838475221649272,0.0023333333333333335,1.0,1.0,0.7632460662886273,0.8789166014906582,0.994587136692689,1
5198,0.22775199544020308,0.2,0.9519434628975265,0.10351487060641174,0.46875,1.0,0.0,0.6666666666666666,0.07843463703349829,0.0,0.3436813968969079,0.9989996665555185,0.9857781379791268,0.0,0.9986666666666667,1.0,0.9318993090234317,0.9553661130899566,0.9788329171564815,1
5199,0.19834023073432072,0.0,0.9646643109540636,0.10351487060641174,0.59375,1.0,0.0,0.6666666666666666,0.077642174685569,0.0,0.13080403127024376,0.9879959986662221,0.9649825983302903,0.0,0.9943333333333333,1.0,0.8957070163954216,0.9178897501010863,0.940072483806751,1
5200,0.06374338553980785,0.0,0.9371024734982332,0.10351487060641174,0.5625,1.0,0.0,0.6666666666666666,0.07591538631133798,0.0,0.10096335014610047,0.9759919973324441,0.9484509323654335,0.0,0.9856666666666667,1.0,0.9169142334458027,0.9273724548924634,0.9378306763391242,1
5201,0.2261180085120985,0.2,0.9858657243816255,0.10351487060641174,0.71875,1.0,0.0,0.6666666666666666,0.09289032707722555,0.0,0.1706698560340607,0.9989996665555185,0.9882757877694934,0.0,0.9993333333333333,1.0,0.9106501494995806,0.9320331139382783,0.9534160783769758,1
5202,0.06374338553980785,0.0,0.9371024734982332,0.10351487060641174,0.5625,1.0,0.0,0.6666666666666666,0.07627610308044652,0.0,0.15005858816351825,0.9876625541847283,0.963705851733545,0.0,0.9923333333333333,1.0,0.9437550915303141,0.9488349560307023,0.9539148205310907,1
5203,0.09676329538365558,0.0,0.9915194346289753,0.10351487060641174,0.78125,1.0,0.0,0.6666666666666666,0.10511515441044283,0.0,0.28037539054446536,0.9966655551850617,0.9749495878110376,0.0,0.9973333333333333,1.0,0.8199046925926653,0.842094033951561,0.8642833753104567,1
5204,0.09703403854877068,0.2,0.9943462897526502,0.10351487060641174,0.65625,1.0,0.0,0.6666666666666666,0.08366253932718426,0.25,0.43735814385810856,0.9993331110370124,0.9960305843886179,0.0003333333333333333,0.9966666666666667,1.0,0.9090408109827027,0.9357041141361571,0.9623674172896113,1
5205,0.17186948470404395,0.3,0.9943462897526502,0.2575250836120402,0.5625,1.0,0.0,0.6666666666666666,0.1445760891072092,0.0,0.3351866300277755,0.9993331110370124,0.9848177407810215,0.0,0.9993333333333333,1.0,0.7940282134608647,0.8835337839663507,0.9730393544718368,1
5206,0.4969664419440092,0.3,0.9964664310954063,0.10351487060641174,0.5,1.0,0.0,0.6666666666666666,0.28153258301210393,0.3333333333333333,0.11814121744228434,0.9993331110370124,0.9924609265554517,0.0,0.9993333333333333,1.0,0.8824583413770672,0.8904266788996098,0.8983950164221522,1
5207,0.0962971348699917,0.0,0.9717314487632509,0.10351487060641174,0.625,1.0,0.0,0.6666666666666666,0.08066072866286311,0.0,0.17496618724265833,0.9966655551850617,0.9802024015514343,0.0,0.9976666666666667,1.0,0.9678270299949554,0.9818249217540465,0.9958228135131376,1
5208,0.4311527307343207,0.6,1.0,0.6033057851239669,0.59375,0.5714285714285714,0.0,0.6666666666666666,0.588948747122846,0.5,0.5797081116527094,1.0,0.9929499378806467,0.0,1.0,1.0,0.814170191183897,0.899771968790859,0.9853737463978208,1
5209,0.16172756825999335,0.3,0.9908127208480565,0.10351487060641174,0.53125,1.0,0.0,0.6666666666666666,0.11495705122229616,0.5,0.526109473286015,1.0,0.991244379407097,0.0,1.0,1.0,0.8357600388263535,0.8810291764181033,0.9262983140098532,1
5210,0.09213046820332504,0.0,0.9371024734982332,0.10351487060641174,0.5625,1.0,0.0,0.6666666666666666,0.07695176126625536,0.0,0.12931566454376997,0.9916638879626543,0.9701473854522442,0.0,0.992,1.0,0.9343627185707852,0.9559466102494139,0.9775305019280425,1
5211,0.22321622279781272,0.0,0.9674911660777386,0.10351487060641174,0.4375,1.0,0.0,0.6666666666666666,0.10080053527506605,0.0,0.19125269807270817,0.9953317772590864,0.9726008875557739,0.0,0.996,1.0,0.8643616881291741,0.9097164827332465,0.9550712773373189,1
5212,0.19321704634685477,0.1,0.984452296819788,0.10351487060641174,0.53125,1.0,0.0,0.6666666666666666,0.11056705164900638,0.0,0.18007025905475993,0.9983327775925308,0.9866482772434142,0.0,0.998,1.0,0.8740288104026006,0.8882932278836208,0.9025576453646409,1
5213,0.09262227384288835,0.1,0.9816254416961131,0.10351487060641174,0.5625,1.0,0.0,0.6666666666666666,0.08528018840645746,0.0,0.1569522435836891,0.9969989996665555,0.9750150238556172,0.0,0.9973333333333333,1.0,0.8551368030289216,0.924051599011273,0.9929663949936243,1
5214,0.21757099996508988,0.1,0.9908127208480565,0.10351487060641174,0.78125,1.0,0.0,0.6666666666666666,0.08258600070801014,0.5,0.5448377126360571,1.0,0.991636297615553,0.0,0.9983333333333333,1.0,0.8765961569821512,0.9281009401539183,0.9796057233256854,1
5215,0.6512954462730136,0.6,1.0,0.320855614973262,0.40625,0.8571428571428571,0.0,0.6666666666666666,0.703615907362342,0.6666666666666666,0.5539402083711684,1.0,0.9911324383865514,0.0003333333333333333,1.0,1.0,0.8040409307340323,0.8547537234614445,0.9054665161888568,1
5216,0.11949056811092829,0.1,0.984452296819788,0.10351487060641174,0.5625,1.0,0.0,0.6666666666666666,0.09308877811235095,0.0,0.23874394927342224,0.9973324441480493,0.9795367366149851,0.0,0.998,1.0,0.8272148437750155,0.8660931606393735,0.9049714775037314,1
5217,0.5715905020943852,0.7,1.0,0.6033057851239669,0.34375,0.5714285714285714,0.0,0.6666666666666666,0.9101896398315674,1.0,0.5953158901295472,1.0,0.9953806828225081,0.001,1.0,1.0,0.7726368303030406,0.8637849598484413,0.9549330893938419,1
5218,0.08149498378676212,0.1,0.9787985865724381,0.10351487060641174,0.875,1.0,0.0,0.6666666666666666,0.08076445691417433,0.0,0.34963736057806727,0.9993331110370124,0.9907474600984036,0.0,0.994,1.0,0.8656001679198516,0.9119970676356408,0.95839396735143,1
5219,0.22775199544020308,0.1,0.9802120141342756,0.10351487060641174,0.625,1.0,0.0,0.6666666666666666,0.08023206882752787,0.0,0.16703663885521947,0.9983327775925308,0.9876103104007429,0.0,0.9963333333333333,1.0,0.926465805163274,0.9601424870932063,0.9938191690231385,1
5220,0.06374338553980785,0.0,0.984452296819788,0.10351487060641174,0.59375,1.0,0.0,0.6666666666666666,0.07839527423564874,0.0,0.174367069692827,0.9939979993331111,0.9752445638132531,0.0,0.994,1.0,0.8877961145763784,0.8974822724386002,0.907168430300822,1
5221,0.22775199544020308,0.1,0.9802120141342756,0.10351487060641174,0.625,1.0,0.0,0.6666666666666666,0.08018919549379744,0.0,0.27516424712856447,0.9986662220740247,0.9868276556237566,0.0,0.997,1.0,0.9225180142000302,0.9575738109259976,0.992629607651965,1
5222,0.09034954657016114,0.0,0.9816254416961131,0.10351487060641174,0.5625,1.0,0.0,0.6666666666666666,0.08614729339776672,0.0,0.05761654032647001,0.9953317772590864,0.9729846365464035,0.0,0.997,1.0,0.8563467368595393,0.9262956119347939,0.9962444870100485,1
5223,0.19543844502003493,0.1,0.9674911660777386,0.10351487060641174,0.4375,1.0,0.0,0.6666666666666666,0.11432103003449479,0.0,0.25651489564460594,0.9983327775925308,0.9808712931251835,0.0,0.9983333333333333,1.0,0.8654742798316173,0.8980329168952965,0.9305915539589756,1
5224,0.7277078262024597,0.7,0.9978798586572438,0.6033057851239669,0.28125,0.5714285714285714,0.0,0.6666666666666666,0.8332269676180354,0.5,0.21911186912773561,0.9996665555185061,0.9854658230697669,0.0003333333333333333,0.9996666666666667,1.0,0.7816305003317421,0.8707662096868953,0.9599019190420485,1
5225,0.42079007805609425,0.4,0.9971731448763251,0.4035087719298246,0.53125,0.8571428571428571,0.0,0.6666666666666666,0.5862316937173921,0.0,0.46836094792093763,0.9996665555185061,0.9764593007978826,0.0,1.0,1.0,0.8246079596572865,0.8266811925957223,0.8287544255341581,1
5226,0.1055373082816512,0.1,0.9978798586572438,0.10351487060641174,0.53125,1.0,0.0,0.6666666666666666,0.0995432435244662,0.0,0.3964247700870557,0.9989996665555185,0.9949707887773185,0.0,0.9986666666666667,1.0,0.9615056764344057,0.9638080559414921,0.9661104354485784,1
5227,0.29413349996509,0.2,0.9964664310954063,0.10351487060641174,0.59375,1.0,0.0,0.6666666666666666,0.10704925987283143,0.0,0.17506829014306113,0.9983327775925308,0.9870306720843501,0.0,0.9993333333333333,1.0,0.9515469780896916,0.9548092027051073,0.958071427320523,1
5228,0.35353399912959527,0.4,0.9978798586572438,0.2575250836120402,0.5,1.0,0.0,0.6666666666666666,0.46887880289430994,0.0,0.47705584266570566,0.9996665555185061,0.9841322944650321,0.0003333333333333333,1.0,1.0,0.749181337913107,0.7740649711542478,0.7989486043953884,1
5229,0.217210423042013,0.0,0.9738515901060071,0.10351487060641174,0.59375,1.0,0.0,0.6666666666666666,0.09760533648428693,0.0,0.09733229353407813,0.9943314438146049,0.9723987255187062,0.0,0.9963333333333333,1.0,0.9500313720525166,0.9746105183845253,0.999189664716534,1
5230,0.09676329538365558,0.1,0.9992932862190813,0.2575250836120402,0.5625,1.0,0.0,0.6666666666666666,0.1081960275633368,0.0,0.3411350586286386,0.9986662220740247,0.9877772071376799,0.0,0.998,1.0,0.804961863839627,0.8837762368584947,0.9625906098773626,1
5231,0.1261035731614334,0.0,0.9724381625441696,0.10351487060641174,0.53125,1.0,0.0,0.6666666666666666,0.08217591123582935,0.0,0.1789220806626367,0.9933311103701233,0.9706090119061722,0.0,0.9966666666666667,1.0,0.8628540238080814,0.8853416334397499,0.9078292430714183,1
5232,0.24321704634685481,0.1,0.9879858657243816,0.10351487060641174,0.5625,1.0,0.0,0.6666666666666666,0.11385334595704999,0.0,0.2695390239957117,0.9986662220740247,0.984072919877882,0.0,0.9983333333333333,1.0,0.8738685309523868,0.8858930529970217,0.8979175750416567,1
5233,0.1261035731614334,0.0,0.9724381625441696,0.10351487060641174,0.53125,1.0,0.0,0.6666666666666666,0.08239076397819767,0.0,0.24555581165633034,0.9946648882960987,0.9733235739255669,0.0,0.997,1.0,0.8605247100142519,0.887058369118383,0.9135920282225141,1
5234,0.09994745661105164,0.1,0.976678445229682,0.10351487060641174,0.71875,1.0,0.0,0.6666666666666666,0.09699237384798753,0.0,0.1907433417522999,0.9976658886295432,0.9810671362327212,0.0,0.9983333333333333,1.0,0.8199441907277997,0.8669759152849221,0.9140076398420445,1
5235,0.24352621251569717,0.1,0.995053003533569,0.10351487060641174,0.65625,1.0,0.0,0.6666666666666666,0.13420737741832534,0.5,0.4398277882359549,0.9989996665555185,0.9914396785667738,0.0,0.9963333333333333,1.0,0.9019087273783798,0.950309958643591,0.9987111899088023,1
5236,0.1890665361243964,0.2,0.9985865724381625,0.10351487060641174,0.96875,1.0,0.0,0.6666666666666666,0.097871581569555,1.0,0.5417899848413492,1.0,0.9903581871040994,0.0003333333333333333,0.999,1.0,0.8362038365581477,0.847984659450968,0.8597654823437884,1
5237,0.22690436472124875,0.2,0.9858657243816255,0.10351487060641174,0.65625,1.0,0.0,0.6666666666666666,0.10007099363777383,0.6666666666666666,0.3209850253489731,0.9996665555185061,0.9941396382777878,0.0003333333333333333,0.9996666666666667,1.0,0.9343470802514866,0.9371995772183748,0.9400520741852629,1
5238,0.19834023073432072,0.0,0.9787985865724381,0.10351487060641174,0.6875,1.0,0.0,0.6666666666666666,0.08700374806751021,0.0,0.10873926529864908,0.9903301100366789,0.9654003987829842,0.0,0.9966666666666667,1.0,0.8939365059407806,0.9366830905723698,0.979429675203959,1
5239,0.12702949908735928,0.0,0.9724381625441696,0.10351487060641174,0.53125,1.0,0.0,0.6666666666666666,0.08999652287738835,0.0,0.15963606694935972,0.9943314438146049,0.9738187590635733,0.0,0.997,1.0,0.8327011555908633,0.8795002532176714,0.9262993508444795,1
5240,0.43677051949164436,0.4,0.9978798586572438,0.2575250836120402,0.3125,1.0,0.0,0.6666666666666666,0.4471302560088326,0.0,0.2831329207222534,0.9986662220740247,0.9801285285984865,0.0,0.9993333333333333,1.0,0.7433504315308647,0.8380431580359977,0.9327358845411307,1
5241,0.4061527307343207,0.4,0.9943462897526502,0.4035087719298246,0.46875,0.8571428571428571,0.0,0.6666666666666666,0.3557292184593527,0.5,0.36041501672729315,0.9993331110370124,0.9893428959600843,0.0003333333333333333,0.9993333333333333,1.0,0.8422012151716134,0.9088925749586307,0.9755839347456482,1
5242,0.13999246205032223,0.1,0.9901060070671378,0.10351487060641174,0.59375,1.0,0.0,0.6666666666666666,0.08442229712019889,0.5,0.547652025924612,1.0,0.9931531249964782,0.0003333333333333333,0.9976666666666667,1.0,0.867342250231002,0.8722305310655123,0.8771188119000225,1
5243,0.451624827037177,0.2,0.9908127208480565,0.10351487060641174,0.4375,1.0,0.0,0.6666666666666666,0.20305493435313404,0.5,0.4273797660517792,0.9996665555185061,0.9855061041156661,0.0,0.9996666666666667,1.0,0.8699591148804703,0.9070599087370372,0.9441607025936043,1
5244,0.06374338553980785,0.0,0.9371024734982332,0.10351487060641174,0.5625,1.0,0.0,0.6666666666666666,0.07582953004558124,0.0,0.24981728332579967,0.9876625541847283,0.9663409810658254,0.0,0.9866666666666667,1.0,0.9290523770429597,0.9338351881109277,0.9386179991788957,1
5245,0.24886106406765407,0.1,0.9908127208480565,0.10351487060641174,0.5625,1.0,0.0,0.6666666666666666,0.16588970638533163,0.0,0.24913135903466632,0.9976658886295432,0.9870098131510776,0.0,0.9983333333333333,1.0,0.8814930935678323,0.9364862138691472,0.991479334170462,1
5246,0.09213046820332504,0.0,0.9371024734982332,0.10351487060641174,0.5625,1.0,0.0,0.6666666666666666,0.07650447432138929,0.0,0.19553148961101385,0.9913304434811604,0.9712993116056844,0.0,0.992,1.0,0.9440996267456414,0.9529318696005125,0.9617641124553836,1
5247,0.2920595934794188,0.1,0.9858657243816255,0.10351487060641174,0.65625,1.0,0.0,0.6666666666666666,0.1035183043693525,0.0,0.2659058145751447,0.9969989996665555,0.9847790969197346,0.0,0.999,1.0,0.9321638342729105,0.9545538007954497,0.9769437673179889,1
5248,0.06374338553980785,0.0,0.9526501766784452,0.10351487060641174,0.5625,1.0,0.0,0.6666666666666666,0.07601428214047412,0.0,0.05008559374975019,0.9739913304434812,0.9445447608623941,0.0,0.9876666666666667,1.0,0.917131195887773,0.9223251596681246,0.9275191234484762,1
5249,0.19912658694347096,0.0,0.9519434628975265,0.10351487060641174,0.46875,1.0,0.0,0.6666666666666666,0.0813983373559174,0.0,0.13997891326959366,0.9829943314438147,0.9586364455306375,0.0,0.9883333333333333,1.0,0.9459612616959537,0.971503474372358,0.9970456870487622,1
5250,0.13149498378676217,0.1,0.9915194346289753,0.10351487060641174,0.875,1.0,0.0,0.6666666666666666,0.08437473898900605,0.0,0.21099062560970183,0.9986662220740247,0.9883563889518837,0.0,0.9986666666666667,1.0,0.8497375806348265,0.8843129224308911,0.9188882642269557,1
5251,0.20520281803737728,0.3,0.9915194346289753,0.2575250836120402,0.4375,1.0,0.0,0.6666666666666666,0.16147737075948232,0.0,0.40631258368611833,0.9993331110370124,0.988536920286312,0.0003333333333333333,0.9986666666666667,1.0,0.7998520571115687,0.8719399477827742,0.9440278384539796,1
5252,0.217210423042013,0.0,0.9971731448763251,0.10351487060641174,0.6875,1.0,0.0,0.6666666666666666,0.10525541798505467,0.0,0.25739043595720934,0.9956652217405801,0.976353903686967,0.0,0.9966666666666667,1.0,0.9364265991359555,0.9661716268530512,0.995916654570147,1
5253,0.22153734611893605,0.1,0.9858657243816255,0.10351487060641174,0.65625,1.0,0.0,0.6666666666666666,0.10011591405571663,0.0,0.25329414948254236,0.9969989996665555,0.9799125298109945,0.0,0.9983333333333333,1.0,0.9272444630455685,0.930969780662247,0.9346950982789255,1
5254,0.37609320692479686,0.5,0.9992932862190813,0.4035087719298246,0.59375,0.8571428571428571,0.0,0.6666666666666666,0.26121757124986844,1.0,0.5487192017125326,1.0,0.9847726987239817,0.0,1.0,1.0,0.8492541693361119,0.900507367660784,0.951760565985456,1
5255,0.09699029973464257,0.2,0.9703180212014134,0.10351487060641174,0.75,1.0,0.0,0.6666666666666666,0.09014785853295681,0.3333333333333333,0.025946483678881083,0.9989996665555185,0.9886611970709399,0.0,0.9966666666666667,1.0,0.9783210547910995,0.9815591678781821,0.9847972809652648,1
5256,0.11021104128529491,0.0,0.992226148409894,0.10351487060641174,0.625,1.0,0.0,0.6666666666666666,0.13790830187028102,0.0,0.17962950301519298,0.995998666222074,0.9571535826043477,0.0,0.9983333333333333,1.0,0.7852825412814993,0.8395347861504221,0.8937870310193448,1
5257,0.217210423042013,0.0,0.9738515901060071,0.10351487060641174,0.59375,1.0,0.0,0.6666666666666666,0.10123282235818676,0.0,0.144884239282696,0.9936645548516172,0.9725320614496631,0.0,0.9963333333333333,1.0,0.9458622288087764,0.9683450378991203,0.9908278469894642,1
5258,0.1261035731614334,0.1,0.9724381625441696,0.10351487060641174,0.53125,1.0,0.0,0.6666666666666666,0.08117088301729602,0.3333333333333333,0.2940407267240711,0.9989996665555185,0.9871953037607814,0.0,0.997,1.0,0.8661164825018279,0.8932916817526755,0.9204668810035229,1
5259,0.2529247087562987,0.3,0.9703180212014134,0.10351487060641174,0.53125,1.0,0.0,0.6666666666666666,0.15989858639318277,0.0,0.13179625342288792,0.9989996665555185,0.9893441473024261,0.0,0.9993333333333333,1.0,0.8920632328833973,0.9338629305214847,0.9756626281595722,1
5260,0.19543844502003493,0.0,0.9674911660777386,0.10351487060641174,0.4375,1.0,0.0,0.6666666666666666,0.09954578169177841,0.0,0.17601333903462746,0.9966655551850617,0.9845707060775456,0.0,0.9953333333333333,1.0,0.87967045450788,0.9141078006172546,0.9485451467266293,1
5261,0.4842335226893508,0.4,0.9943462897526502,0.4035087719298246,0.46875,0.8571428571428571,0.0,0.6666666666666666,0.39568806884714436,0.0,0.4244229190737423,0.9996665555185061,0.9835435771261066,0.0,1.0,1.0,0.8457287119409564,0.8931776399529185,0.9406265679648805,1
5262,0.4006799159699833,0.2,0.9929328621908127,0.10351487060641174,0.5625,1.0,0.0,0.6666666666666666,0.13566924632776267,0.0,0.07404028870116908,0.9973324441480493,0.9802906180584527,0.0,0.9976666666666667,1.0,0.8806729086979574,0.939502394817064,0.9983318809361706,1
5263,0.3422045371821044,0.1,0.992226148409894,0.10351487060641174,0.59375,1.0,0.0,0.6666666666666666,0.14063876846278078,0.0,0.2615994539092914,0.9979993331110371,0.9867768939153448,0.0,0.9983333333333333,1.0,0.9260414883248077,0.9280628594322871,0.9300842305397664,1
5264,0.07546380153665833,0.0,0.9717314487632509,0.10351487060641174,0.59375,1.0,0.0,0.6666666666666666,0.08186879703836158,0.0,0.12361326588383448,0.995998666222074,0.9806540715281695,0.0,0.994,1.0,0.9867095208763293,0.9897149646482015,0.9927204084200738,1
5265,0.09703403854877068,0.2,0.9943462897526502,0.10351487060641174,0.65625,1.0,0.0,0.6666666666666666,0.08463829403539902,0.0,0.49074869696616286,0.9996665555185061,0.9918173700344736,0.0,0.9953333333333333,1.0,0.9091448906729851,0.9331624569739766,0.9571800232749681,1
5266,0.21698372980061387,0.0,0.9915194346289753,0.10351487060641174,0.71875,1.0,0.0,0.6666666666666666,0.0831610938016617,0.0,0.23542975161346247,0.9956652217405801,0.9817951664855264,0.0,0.9913333333333333,1.0,0.9270478233810701,0.9570659286236256,0.9870840338661812,1
5267,0.10573320279106302,0.1,0.9915194346289753,0.10351487060641174,0.78125,1.0,0.0,0.6666666666666666,0.12246084815985825,0.0,0.2310719955237026,0.9976658886295432,0.9742007181690334,0.0,0.997,1.0,0.8222579375705812,0.8264561590624526,0.8306543805543241,1
5268,0.08149498378676212,0.1,0.995053003533569,0.10351487060641174,0.875,1.0,0.0,0.6666666666666666,0.08626845959772167,0.0,0.3302659281666972,0.9973324441480493,0.9736956385910901,0.0,0.997,1.0,0.845437536136127,0.9087074435116408,0.9719773508871545,1
5269,0.09925172130958149,0.0,0.9696113074204947,0.10351487060641174,0.46875,1.0,0.0,0.6666666666666666,0.09421803039004273,0.0,0.24917575359801447,0.9933311103701233,0.9695664208434135,0.0,0.9973333333333333,1.0,0.8261730317585667,0.8913154354682552,0.9564578391779437,1
5270,0.10927276156453991,0.1,0.9787985865724381,0.10351487060641174,0.875,1.0,0.0,0.6666666666666666,0.08104295104888981,0.0,0.257489329384458,0.9979993331110371,0.9883366472020569,0.0,0.9936666666666667,1.0,0.8632624296418743,0.9082189709357672,0.9531755122296601,1
5271,0.08078016857973047,0.0,0.9681978798586572,0.10351487060641174,0.625,1.0,0.0,0.6666666666666666,0.08332357602842633,0.0,0.17680681189693448,0.995998666222074,0.9782821570877306,0.0,0.9966666666666667,1.0,0.8865078646924693,0.9312508863568558,0.9759939080212422,1
5272,0.2599988845804745,0.3,0.9964664310954063,0.10351487060641174,0.75,1.0,0.0,0.6666666666666666,0.09543845740908496,0.5,0.5376188191796047,1.0,0.9922967880219905,0.0,0.9996666666666667,1.0,0.9039645393720278,0.9262649846354934,0.9485654298989591,1
5273,0.07546380153665833,0.0,0.9717314487632509,0.10351487060641174,0.59375,1.0,0.0,0.6666666666666666,0.08195996941651928,0.0,0.1405295152710404,0.9946648882960987,0.975096436726449,0.0,0.9926666666666667,1.0,0.982211850856963,0.9890391541351533,0.9958664574133435,1
5274,0.19321704634685477,0.1,0.984452296819788,0.10351487060641174,0.53125,1.0,0.0,0.6666666666666666,0.1077223123444565,0.0,0.21319379414227457,0.9973324441480493,0.9819070058217467,0.0,0.9973333333333333,1.0,0.8685323607723456,0.8893173163151262,0.9101022718579069,1
5275,0.21244781557762393,0.0,0.992226148409894,0.10351487060641174,0.5,1.0,0.0,0.6666666666666666,0.09789454942833309,0.0,0.2763613370176766,0.9963321107035679,0.9756843625978799,0.0,0.998,1.0,0.9132578024833428,0.9256818494371777,0.9381058963910125,1
5276,0.43855870384877116,0.2,0.9809187279151943,0.10351487060641174,0.46875,1.0,0.0,0.6666666666666666,0.13198979785940368,0.0,0.24348977684435935,0.9989996665555185,0.9899299377685182,0.0,0.9983333333333333,1.0,0.8705143000295048,0.9107387373669955,0.9509631747044861,1
5277,0.4255378705154379,0.2,0.9957597173144876,0.10351487060641174,0.4375,1.0,0.0,0.6666666666666666,0.14863464815069827,1.0,0.6056039898636819,1.0,0.9894874864270822,0.0003333333333333333,0.9996666666666667,1.0,0.917822306413226,0.9259087824619361,0.933995258510646,1
5278,0.5922045371821045,0.8,1.0,0.8064516129032258,0.3125,0.8571428571428571,0.0,0.6666666666666666,0.747916673152706,1.0,0.9634403762936302,1.0,0.9993260231713248,0.0016666666666666668,1.0,1.0,0.8460784643078723,0.8473811411311578,0.8486838179544435,1
5279,0.10717129520975577,0.1,0.9717314487632509,0.10351487060641174,0.625,1.0,0.0,0.6666666666666666,0.08243481701859723,0.0,0.3129378001836477,0.9989996665555185,0.9879192671137657,0.0,0.9986666666666667,1.0,0.9807969494103188,0.9862251252569261,0.9916533011035334,1
5280,0.33090155295941315,0.6,0.9985865724381625,0.2575250836120402,0.46875,1.0,0.0,0.6666666666666666,0.5950857406531533,1.0,0.6394174146791831,1.0,0.9834714045190773,0.0003333333333333333,0.9996666666666667,1.0,0.7616796480848869,0.7647197400926925,0.7677598321004981,1
5281,0.33569016462642465,0.6,0.9957597173144876,0.320855614973262,0.59375,0.8571428571428571,0.0,0.6666666666666666,0.23145628969747856,0.6666666666666666,0.6198624300607896,1.0,0.9916446146091148,0.0003333333333333333,0.9996666666666667,1.0,0.8280720382144446,0.8928456560898916,0.9576192739653385,1
5282,0.10879713486999165,0.1,0.9717314487632509,0.10351487060641174,0.59375,1.0,0.0,0.6666666666666666,0.0858991614750545,0.5,0.7543140420738056,1.0,0.998413637792575,0.0003333333333333333,0.999,1.0,0.9836823208428215,0.9854263600061146,0.9871703991694079,1
5283,0.11395760366252272,0.2,0.9858657243816255,0.10351487060641174,0.6875,1.0,0.0,0.6666666666666666,0.08581040525822858,0.0,0.24884771658944616,0.9983327775925308,0.9840325546734229,0.0,0.9976666666666667,1.0,0.8686496391194489,0.9309400760361717,0.9932305129528944,1
5284,0.09676329538365558,0.1,0.9865724381625441,0.2575250836120402,0.375,1.0,0.0,0.6666666666666666,0.12272932429394545,0.0,0.19002159099630567,0.9993331110370124,0.9823106377141815,0.0,0.9963333333333333,1.0,0.7905074061799522,0.8416459418497688,0.8927844775195856,1
5285,0.22412658694347098,0.0,0.9915194346289753,0.10351487060641174,0.71875,1.0,0.0,0.6666666666666666,0.08674209426087764,0.0,0.262871503915311,0.9949983327775925,0.9747423630754755,0.0,0.997,1.0,0.9275388246197549,0.9490384887193193,0.9705381528188838,1
5286,0.4842335226893508,0.3,0.9992932862190813,0.4035087719298246,0.5,0.8571428571428571,0.0,0.6666666666666666,0.45201651383461305,0.5,0.6037365527051128,1.0,0.9947161518913156,0.0,0.9993333333333333,1.0,0.8418221737141615,0.8861519283824801,0.9304816830507989,1
5287,0.09262227384288835,0.2,0.9816254416961131,0.10351487060641174,0.5625,1.0,0.0,0.6666666666666666,0.08112466084432224,0.25,0.5172260052360809,1.0,0.9908965774488278,0.0,0.999,1.0,0.8723685737425286,0.9289861938361559,0.985603813929783,1
5288,0.17186948470404395,0.1,0.9964664310954063,0.2575250836120402,0.78125,1.0,0.0,0.6666666666666666,0.12451128658308896,0.0,0.20291500289693576,0.9969989996665555,0.9808953454463608,0.0,0.9976666666666667,1.0,0.7983340758499016,0.8991473078426286,0.9999605398353558,1
5289,0.19834023073432072,0.0,0.9646643109540636,0.10351487060641174,0.59375,1.0,0.0,0.6666666666666666,0.07824973272131797,0.0,0.22856092477525203,0.9943314438146049,0.9723455804090575,0.0,0.995,1.0,0.8898146766732187,0.9162189977683467,0.9426233188634747,1
5290,0.12233880153665833,0.3,0.995053003533569,0.10351487060641174,0.75,1.0,0.0,0.6666666666666666,0.08546851167460157,0.5,0.6464690546336204,1.0,0.9959885950692341,0.0003333333333333333,0.998,1.0,0.9834794438668344,0.9893649770213417,0.9952505101758491,1
5291,0.24321704634685481,0.1,0.9879858657243816,0.10351487060641174,0.5625,1.0,0.0,0.6666666666666666,0.11576333321162546,0.5,0.35460794014803143,0.9996665555185061,0.9893661372266089,0.0,0.999,1.0,0.8691491898261203,0.8834255646489637,0.897701939471807,1
5292,0.14378034083820102,0.2,0.9985865724381625,0.10351487060641174,0.78125,1.0,0.0,0.6666666666666666,0.07942989944314949,1.0,0.7550024090971525,1.0,0.9977456135280022,0.0003333333333333333,0.997,1.0,0.8778006455114742,0.9065826884225289,0.9353647313335836,1
5293,0.19321704634685477,0.0,0.9978798586572438,0.10351487060641174,0.6875,1.0,0.0,0.6666666666666666,0.08781537811216367,0.0,0.22135672190328182,0.9963321107035679,0.973584565946674,0.0,0.9956666666666667,1.0,0.9075391944640366,0.9255347757618273,0.9435303570596181,1
5294,0.22690436472124875,0.0,0.9738515901060071,0.10351487060641174,0.59375,1.0,0.0,0.6666666666666666,0.09181246213268257,0.0,0.1910922796482476,0.9916638879626543,0.9721948049732673,0.0,0.9933333333333333,1.0,0.9551327074210433,0.958675344768854,0.9622179821166646,1
5295,0.451624827037177,0.3,0.9978798586572438,0.10351487060641174,0.59375,1.0,0.0,0.6666666666666666,0.21612327016568433,0.0,0.3960740208192858,0.9996665555185061,0.9915376001881929,0.0,0.9993333333333333,1.0,0.8712318078625308,0.9030740629550771,0.9349163180476232,1
5296,0.43855870384877116,0.2,0.9809187279151943,0.10351487060641174,0.46875,1.0,0.0,0.6666666666666666,0.12709974479471076,0.3333333333333333,0.31091357622915927,0.9986662220740247,0.986446532977016,0.0003333333333333333,0.998,1.0,0.8745726171913215,0.9123037532028433,0.9500348892143651,1
5297,0.38765908263664994,0.2,0.9957597173144876,0.10351487060641174,0.84375,1.0,0.0,0.6666666666666666,0.10182329842051563,0.0,0.1339029569977157,0.9989996665555185,0.9920207427837937,0.0,0.999,1.0,0.9248905300069665,0.9619727780636169,0.9990550261202674,1
5298,0.09703403854877068,0.2,0.9681978798586572,0.10351487060641174,0.625,1.0,0.0,0.6666666666666666,0.08363277267225566,0.0,0.39763382458456975,0.9996665555185061,0.9918313414396865,0.0,0.9986666666666667,1.0,0.9042576763156257,0.9341548792138172,0.9640520821120087,1
5299,0.18258505464291486,0.2,0.9731448763250884,0.10351487060641174,0.59375,1.0,0.0,0.6666666666666666,0.08513533618187763,0.5,0.47695403506727696,0.9996665555185061,0.9917228368531829,0.0003333333333333333,0.9993333333333333,1.0,0.8520821927409942,0.903787980038927,0.95549376733686,1
5300,0.22321622279781272,0.1,0.9674911660777386,0.10351487060641174,0.4375,1.0,0.0,0.6666666666666666,0.10320931143457657,0.0,0.23648016830095364,0.9976658886295432,0.9792149080949848,0.0,0.9966666666666667,1.0,0.8639500124212867,0.907038501405422,0.9501269903895573,1
5301,0.07936838553980785,0.1,0.9371024734982332,0.10351487060641174,0.5625,1.0,0.0,0.6666666666666666,0.07629666210822528,0.0,0.1861899302507618,0.9979993331110371,0.9834970259602047,0.0,0.9906666666666667,1.0,0.9337792157086707,0.9409991335311526,0.9482190513536345,1
5302,0.22412658694347098,0.0,0.9858657243816255,0.10351487060641174,0.71875,1.0,0.0,0.6666666666666666,0.09022771947685959,0.0,0.10145550512785761,0.995998666222074,0.9776723181155249,0.0,0.9976666666666667,1.0,0.928876105135538,0.9435792888562737,0.9582824725770096,1
5303,0.06374338553980785,0.0,0.9526501766784452,0.10351487060641174,0.5625,1.0,0.0,0.6666666666666666,0.07686016376094773,0.0,0.12083041380025838,0.9909969989996665,0.9661410066568901,0.0,0.994,1.0,0.9198641012375078,0.937074412516349,0.9542847237951902,1
5304,0.1492275682599934,0.1,0.9681978798586572,0.10351487060641174,0.625,1.0,0.0,0.6666666666666666,0.08997833374932329,0.0,0.17977050328063393,0.9979993331110371,0.9780778503824785,0.0,0.9963333333333333,1.0,0.8813166071744079,0.9139609134794082,0.9466052197844087,1
5305,0.07775953050387341,0.0,0.9992932862190813,0.10351487060641174,0.9375,1.0,0.0,0.6666666666666666,0.09581275634215258,0.0,0.1593540449497549,0.9966655551850617,0.9835485982031971,0.0,0.9973333333333333,1.0,0.9392217730898164,0.9681701889584454,0.9971186048270745,1
5306,0.09676329538365558,0.0,0.9865724381625441,0.2575250836120402,0.375,1.0,0.0,0.6666666666666666,0.11731586039711761,0.0,0.09564514972614824,0.9963321107035679,0.9755341223292716,0.0,0.9973333333333333,1.0,0.7926374854554172,0.851651063234298,0.9106646410131788,1
5307,0.07546380153665833,0.1,0.9519434628975265,0.10351487060641174,0.46875,1.0,0.0,0.6666666666666666,0.07854979799391826,0.0,0.2954869240815541,0.9969989996665555,0.9780620017358224,0.0,0.9933333333333333,1.0,0.964340507951858,0.969709655266358,0.9750788025808581,1
5308,0.11211889883193149,0.1,0.9957597173144876,0.2575250836120402,0.5625,1.0,0.0,0.6666666666666666,0.1747290978820184,0.0,0.08576239169482669,0.9976658886295432,0.9721517692519923,0.0,0.9973333333333333,1.0,0.7612536012592257,0.8376143753698981,0.9139751494805705,1
5309,0.2796375792191692,0.2,0.9978798586572438,0.10351487060641174,0.53125,1.0,0.0,0.6666666666666666,0.20209502819914682,0.5,0.6323592191553175,1.0,0.9942358853724338,0.0003333333333333333,0.9993333333333333,1.0,0.8247440306213295,0.8599048645935793,0.8950656985658291,1
5310,0.2538957862898762,0.2,0.9964664310954063,0.10351487060641174,0.8125,1.0,0.0,0.6666666666666666,0.08505313395559444,0.3333333333333333,0.545675989609065,1.0,0.9922986368955012,0.0003333333333333333,0.9986666666666667,1.0,0.8794218256107608,0.9395327784061939,0.999643731201627,1
5311,0.2632040127856027,0.1,0.9908127208480565,0.10351487060641174,0.5625,1.0,0.0,0.6666666666666666,0.15120598522025763,0.0,0.17856250639385363,0.9973324441480493,0.9789797525246853,0.0,0.999,1.0,0.8845746442562586,0.9049486755599276,0.9253227068635967,1
5312,0.19321704634685477,0.1,0.984452296819788,0.10351487060641174,0.53125,1.0,0.0,0.6666666666666666,0.1318151860810175,0.0,0.40116267363098523,0.9993331110370124,0.9804123831191712,0.0,0.999,1.0,0.8317789699430389,0.8694841680565124,0.9071893661699858,1
5313,0.11915912871698897,0.1,0.9809187279151943,0.10351487060641174,0.78125,1.0,0.0,0.6666666666666666,0.08816703459280151,0.0,0.3078571387380823,0.9976658886295432,0.9809333091805589,0.0,0.998,1.0,0.8469940919418203,0.8668167042426678,0.8866393165435152,1
5314,0.07546380153665833,0.0,0.9717314487632509,0.10351487060641174,0.59375,1.0,0.0,0.6666666666666666,0.08149051997998358,0.0,0.12678392372097202,0.9936645548516172,0.9772934899060155,0.0,0.994,1.0,0.9866848841228973,0.9882805976629141,0.9898763112029308,1
5315,0.2682170463468547,0.3,0.9964664310954063,0.10351487060641174,0.5,1.0,0.0,0.6666666666666666,0.1110607219997175,1.0,0.8292636888615034,1.0,0.9957838762156845,0.0003333333333333333,0.9986666666666667,1.0,0.8905152674605274,0.9115670909114303,0.9326189143623331,1
5316,0.12105306811092831,0.0,0.9809187279151943,0.10351487060641174,0.78125,1.0,0.0,0.6666666666666666,0.08544148653423278,0.0,0.25109710220992587,0.9966655551850617,0.9796854759438578,0.0,0.9976666666666667,1.0,0.8524921676622305,0.8738633055501666,0.8952344434381027,1
5317,0.15231885093921116,0.2,0.9936395759717315,0.2575250836120402,0.84375,1.0,0.0,0.6666666666666666,0.11417151930146918,0.5,0.5283977002012897,1.0,0.992533329875105,0.0,0.9986666666666667,1.0,0.7953739636297236,0.8674460262049861,0.9395180887802487,1
5318,0.12359034564820581,0.2,0.9901060070671378,0.10351487060641174,0.65625,1.0,0.0,0.6666666666666666,0.08852755701147796,0.0,0.4933918731759511,0.9996665555185061,0.9916465688520443,0.0,0.999,1.0,0.8446730440394989,0.8659377080424808,0.8872023720454628,1
5319,0.09213046820332504,0.1,0.9908127208480565,0.10351487060641174,0.5625,1.0,0.0,0.6666666666666666,0.07639112795338365,0.5,0.4809245492833566,0.9996665555185061,0.9886839715565058,0.0,0.993,1.0,0.9205088400577447,0.9433011480782085,0.9660934560986724,1
5320,0.10324157931443612,0.1,0.9717314487632509,0.10351487060641174,0.59375,1.0,0.0,0.6666666666666666,0.07796765564425134,0.0,0.2723924218901892,0.9979993331110371,0.9867597786675654,0.0,0.996,1.0,0.9553187088002036,0.968557614799074,0.9817965207979444,1
5321,0.22153734611893605,0.2,0.9893992932862191,0.10351487060641174,0.375,1.0,0.0,0.6666666666666666,0.1173640291791328,0.0,0.33097436116313783,0.9989996665555185,0.9828205273710249,0.0,0.9986666666666667,1.0,0.9102408182616903,0.919151964753543,0.9280631112453956,1
5322,0.21553512586673462,0.2,0.9936395759717315,0.10351487060641174,0.46875,1.0,0.0,0.6666666666666666,0.15571532927349196,0.5,0.41086740922170706,0.9996665555185061,0.9821389095560429,0.0,0.9986666666666667,1.0,0.8405727066215267,0.8597243365944923,0.8788759665674579,1
5323,0.21014432737297617,0.1,0.9674911660777386,0.10351487060641174,0.4375,1.0,0.0,0.6666666666666666,0.09212708531803326,0.0,0.1922974080816029,0.9983327775925308,0.9883717252255698,0.0,0.9963333333333333,1.0,0.8819432124461347,0.9244675943030569,0.966991976159979,1
5324,0.12978616628847095,0.0,0.9816254416961131,0.10351487060641174,0.5625,1.0,0.0,0.6666666666666666,0.09709938181972833,0.0,0.13877464764581338,0.9953317772590864,0.9740553944598132,0.0,0.9983333333333333,1.0,0.8246621156546846,0.9085742983106979,0.9924864809667111,1
5325,0.41545269003428,0.2,0.995053003533569,0.2575250836120402,0.71875,1.0,0.0,0.6666666666666666,0.28670799793248214,0.0,0.23635550425638419,0.9986662220740247,0.9783493639412196,0.0,0.999,1.0,0.7402090449336091,0.858633404978699,0.9770577650237888,1
5326,0.21757099996508988,0.1,0.9526501766784452,0.10351487060641174,0.5625,1.0,0.0,0.6666666666666666,0.07788317320595373,0.0,0.2505600398645531,0.9976658886295432,0.98214468498223,0.0,0.994,1.0,0.9118186859626249,0.9385427394047833,0.9652667928469416,1
5327,0.15058043729346993,0.1,0.9957597173144876,0.2575250836120402,0.75,1.0,0.0,0.6666666666666666,0.16399222930551727,0.0,0.2946428451050236,0.9986662220740247,0.9855204402281044,0.0,0.9983333333333333,1.0,0.7705950842034506,0.8764573212611184,0.9823195583187861,1
5328,0.22446704634685477,0.1,0.984452296819788,0.10351487060641174,0.53125,1.0,0.0,0.6666666666666666,0.1028700621281674,0.0,0.26261927678645214,0.9979993331110371,0.9841297999917612,0.0,0.9983333333333333,1.0,0.9024352093345523,0.9039091785025037,0.9053831476704551,1
5329,0.29101253674686767,0.4,0.9943462897526502,0.5217391304347826,0.3125,0.7142857142857143,0.0,0.6666666666666666,0.736808025305688,0.25,0.3524182397258604,0.9989996665555185,0.9721297284402506,0.0003333333333333333,0.999,1.0,0.7143044243141878,0.7781177968986,0.8419311694830122,1
5330,0.11720926950104782,0.1,0.9851590106007068,0.10351487060641174,0.6875,1.0,0.0,0.6666666666666666,0.07942813931382053,0.0,0.14416722470206822,0.9989996665555185,0.9836186065141287,0.0,0.9983333333333333,1.0,0.882380694777947,0.9316921139489315,0.981003533119916,1
5331,0.13149498378676217,0.2,0.9915194346289753,0.10351487060641174,0.875,1.0,0.0,0.6666666666666666,0.08507881318303767,0.0,0.383313378425323,0.9986662220740247,0.9867535485946335,0.0,0.999,1.0,0.8484607963400029,0.8804470202763965,0.9124332442127903,1
5332,0.2632040127856027,0.0,0.992226148409894,0.10351487060641174,0.6875,1.0,0.0,0.6666666666666666,0.10266716886989236,0.0,0.22071592880093427,0.9963321107035679,0.9846060117833759,0.0,0.9976666666666667,1.0,0.9004463750368671,0.9174895023747879,0.9345326297127087,1
5333,0.1261035731614334,0.0,0.984452296819788,0.10351487060641174,0.59375,1.0,0.0,0.6666666666666666,0.07981808365297571,0.0,0.2661835872319378,0.9956652217405801,0.9756992637730953,0.0,0.997,1.0,0.8803319553713617,0.8895388659079686,0.8987457764445757,1
5334,0.1219789940368543,0.0,0.9886925795053003,0.10351487060641174,0.71875,1.0,0.0,0.6666666666666666,0.09123450814560696,0.0,0.2702487638580843,0.995998666222074,0.9780424104478094,0.0,0.997,1.0,0.8371464570942821,0.9037646192200661,0.9703827813458502,1
5335,0.5925360233676134,0.6,0.9992932862190813,0.803030303030303,0.375,0.42857142857142855,0.0,0.6666666666666666,0.9086266934248748,0.5,0.2879086171565933,0.9996665555185061,0.979648536006287,0.0016666666666666668,0.9996666666666667,1.0,0.7050739238147131,0.7915129064032378,0.8779518889917626,1
5336,0.33569016462642465,0.6,1.0,0.320855614973262,0.625,0.8571428571428571,0.0,0.6666666666666666,0.17838218476466516,0.0,0.48704721746752844,0.9996665555185061,0.9901688767288177,0.0003333333333333333,1.0,1.0,0.843205909144612,0.8909023075564064,0.9385987059682007,1
5337,0.07546380153665833,0.1,0.9809187279151943,0.10351487060641174,0.59375,1.0,0.0,0.6666666666666666,0.07775545559394892,0.5,0.47812825289615424,0.9996665555185061,0.9886528812711872,0.0,0.9953333333333333,1.0,0.9502785169698852,0.960462466465521,0.9706464159611569,1
5338,0.10879713486999165,0.2,0.9929328621908127,0.10351487060641174,0.625,1.0,0.0,0.6666666666666666,0.08810349241611992,0.0,0.11918035557690065,0.9979993331110371,0.9855669050602947,0.0,0.9966666666666667,1.0,0.9731198722590265,0.9787606458338924,0.9844014194087584,1
5339,0.08297415477057701,0.1,0.9809187279151943,0.10351487060641174,0.59375,1.0,0.0,0.6666666666666666,0.07658011718957425,0.0,0.2658711179139591,0.9979993331110371,0.9881012018428853,0.0,0.99,1.0,0.9360719698375671,0.945332983081157,0.9545939963247467,1
5340,0.15231885093921116,0.2,0.9936395759717315,0.2575250836120402,0.84375,1.0,0.0,0.6666666666666666,0.11516111288231023,0.5,0.5282786961925902,1.0,0.9886842529011038,0.0,0.998,1.0,0.7939943156783076,0.8620633240600413,0.9301323324417751,1
5341,0.15566558673984043,0.3,0.9985865724381625,0.10351487060641174,0.75,1.0,0.0,0.6666666666666666,0.10322137680495591,0.5,0.5130798036478794,1.0,0.9945717727349628,0.0,0.999,1.0,0.822764984934502,0.8462021767375936,0.869639368540685,1
5342,0.11482831712009545,0.1,1.0,0.10351487060641174,0.625,1.0,0.0,0.6666666666666666,0.07802450332399058,0.5,0.5110528540090704,1.0,0.9878402482694374,0.0,0.993,1.0,0.8829987336609341,0.907098713184554,0.9311986927081739,1
5343,0.09925172130958149,0.1,0.995053003533569,0.10351487060641174,0.71875,1.0,0.0,0.6666666666666666,0.08783221001582409,0.0,0.15652931401520775,0.9976658886295432,0.9836235772751509,0.0,0.997,1.0,0.8416361480087471,0.8720168122511811,0.9023974764936152,1
5344,0.21579325361013768,0.0,0.9858657243816255,0.10351487060641174,0.65625,1.0,0.0,0.6666666666666666,0.10482062110618007,0.0,0.17739575055508539,0.9963321107035679,0.9798815829946139,0.0,0.9986666666666667,1.0,0.9279443174549113,0.9462857714306971,0.9646272254064828,1
5345,0.12105306811092831,0.0,0.9646643109540636,0.10351487060641174,0.59375,1.0,0.0,0.6666666666666666,0.07822461747636245,0.0,0.21211283361226485,0.9913304434811604,0.967800577496996,0.0,0.9946666666666667,1.0,0.888424033829854,0.9023781985523154,0.9163323632747767,1
5346,0.4061527307343207,0.4,0.9943462897526502,0.4035087719298246,0.46875,0.8571428571428571,0.0,0.6666666666666666,0.32455272822231374,0.3333333333333333,0.49014576746810956,0.9996665555185061,0.9937153574238694,0.0003333333333333333,0.9993333333333333,1.0,0.8468551146452802,0.9113281957475436,0.9758012768498072,1
5347,0.14277317927548394,0.2,0.9681978798586572,0.10351487060641174,0.5,1.0,0.0,0.6666666666666666,0.11963823755490388,0.0,0.16894821443149,0.9983327775925308,0.9743514709838798,0.0,0.9966666666666667,1.0,0.8019535974929507,0.8951560809841962,0.9883585644754417,1
5348,0.37609320692479686,0.5,0.9992932862190813,0.4035087719298246,0.59375,0.8571428571428571,0.0,0.6666666666666666,0.20449557709676924,1.0,0.8557908888777277,1.0,0.9974764771450741,0.0003333333333333333,1.0,1.0,0.8635224143095926,0.9119090622485428,0.960295710187493,1
5349,0.23804375637534636,0.0,0.9738515901060071,0.10351487060641174,0.59375,1.0,0.0,0.6666666666666666,0.09872964261759498,0.0,0.19548792347600674,0.9953317772590864,0.9763059918455456,0.0,0.997,1.0,0.9547904423655903,0.9690303493026119,0.9832702562396335,1
5350,0.09164841939276225,0.0,0.9915194346289753,0.10351487060641174,0.59375,1.0,0.0,0.6666666666666666,0.09250096642069172,0.0,0.19249481772669974,0.9963321107035679,0.9757793547394396,0.0,0.9973333333333333,1.0,0.9260381635627798,0.9274442159153509,0.9288502682679219,1
5351,0.31489398947557945,0.4,0.9985865724381625,0.10351487060641174,0.625,1.0,0.0,0.6666666666666666,0.13581539865967396,1.0,0.6149534437291598,1.0,0.9911521637388172,0.0003333333333333333,1.0,1.0,0.8426963887018326,0.8819265883195808,0.9211567879373289,1
5352,0.7277078262024597,0.7,0.9978798586572438,0.6033057851239669,0.28125,0.5714285714285714,0.0,0.6666666666666666,0.8352019233284937,0.5,0.2028744197709229,0.9996665555185061,0.9840412288874306,0.0013333333333333333,0.9996666666666667,1.0,0.7814240902445017,0.8721366191025763,0.9628491479606509,1
5353,0.32811440705066697,0.5,0.9971731448763251,0.8591549295774648,0.15625,0.2857142857142857,0.0,0.6666666666666666,0.6832144131201643,0.0,0.255206829903452,0.9989996665555185,0.9760248081184989,0.0,0.999,1.0,0.7691105048025593,0.8590961519488458,0.9490817990951322,1
5354,0.235426235007825,0.1,0.9893992932862191,0.10351487060641174,0.375,1.0,0.0,0.6666666666666666,0.12020003030262816,0.0,0.40413958752037793,0.9996665555185061,0.9945894084786335,0.0,0.998,1.0,0.900363008557921,0.9056391877651184,0.910915366972316,1
5355,0.3422045371821044,0.1,0.9957597173144876,0.10351487060641174,0.6875,1.0,0.0,0.6666666666666666,0.11693680718124555,0.0,0.42732086428605864,0.9993331110370124,0.9852219910003078,0.0,0.999,1.0,0.9185668808380164,0.9436965276370092,0.9688261744360019,1
5356,0.21757099996508988,0.1,0.9526501766784452,0.10351487060641174,0.5625,1.0,0.0,0.6666666666666666,0.07832447366354567,0.3333333333333333,0.452380314553224,0.9996665555185061,0.9947903349899355,0.0003333333333333333,0.9976666666666667,1.0,0.9138532196425571,0.942910402815418,0.9719675859882791,1
5357,0.19543844502003493,0.0,0.9674911660777386,0.10351487060641174,0.4375,1.0,0.0,0.6666666666666666,0.11049987198827538,0.0,0.1834327378901427,0.9913304434811604,0.9708477780383115,0.0,0.996,1.0,0.8840015432960551,0.9056907773400791,0.9273800113841032,1
5358,0.08647065826708056,0.0,0.9526501766784452,0.10351487060641174,0.5625,1.0,0.0,0.6666666666666666,0.07664680195378526,0.0,0.13547312953724622,0.9953317772590864,0.9764758799886082,0.0,0.9916666666666667,1.0,0.9104344207213314,0.9246091493147895,0.9387838779082477,1
5359,0.21835735617424024,0.1,0.9929328621908127,0.10351487060641174,0.625,1.0,0.0,0.6666666666666666,0.08550883605851922,0.0,0.3158114776902723,0.9969989996665555,0.982327162087147,0.0,0.9913333333333333,1.0,0.9764648338824677,0.9789133482449954,0.9813618626075232,1
5360,0.11211889883193149,0.1,0.9886925795053003,0.2575250836120402,0.6875,1.0,0.0,0.6666666666666666,0.16804085284556958,0.0,0.37355152518857215,0.9979993331110371,0.9737326333982719,0.0,0.9976666666666667,1.0,0.7633238803087836,0.8461267580629357,0.9289296358170878,1
5361,0.1349660070238673,0.1,0.9964664310954063,0.10351487060641174,0.8125,1.0,0.0,0.6666666666666666,0.09520312601537628,0.5,0.28518529450278474,0.9996665555185061,0.9880976160932831,0.0,0.9966666666666667,1.0,0.8460975543661775,0.9182131176798856,0.9903286809935936,1
5362,0.7299689926971343,1.0,1.0,0.9924012158054711,0.40625,0.2857142857142857,0.0,0.6666666666666666,0.9640586104386084,1.0,0.8767038627495106,1.0,0.9925452110414543,0.004,1.0,1.0,0.7339670107929803,0.8014519185689046,0.868936826344829,1
5363,0.09925172130958149,0.0,0.9696113074204947,0.10351487060641174,0.46875,1.0,0.0,0.6666666666666666,0.09567501857962923,0.0,0.24319499092863828,0.9926642214071357,0.9666628245684847,0.0,0.997,1.0,0.8252239749749174,0.8952155076787007,0.9652070403824841,1
5364,0.22336547792333816,0.1,0.992226148409894,0.10351487060641174,0.625,1.0,0.0,0.6666666666666666,0.20312174033840447,0.0,0.1454685869156208,0.9969989996665555,0.9514765040788605,0.0,0.9983333333333333,1.0,0.75934835522116,0.8430662856412283,0.9267842160612968,1
5365,0.1492275682599934,0.1,0.9915194346289753,0.10351487060641174,0.625,1.0,0.0,0.6666666666666666,0.09633654398022462,0.0,0.2709922505438833,0.9983327775925308,0.9788682302075542,0.0,0.9983333333333333,1.0,0.8489015742010938,0.902043017616374,0.9551844610316541,1
5366,0.23797091255250247,0.1,0.9872791519434629,0.4035087719298246,0.375,0.8571428571428571,0.0,0.6666666666666666,0.25489539130077976,0.0,0.15759773433740754,0.9969989996665555,0.9786018073915879,0.0,0.9976666666666667,1.0,0.8613750717186159,0.8613805390803846,0.8613860064421531,1
5367,0.19321704634685477,0.1,0.9879858657243816,0.10351487060641174,0.5625,1.0,0.0,0.6666666666666666,0.12118999988589019,0.0,0.34742629331925234,0.9983327775925308,0.985768943897518,0.0,0.998,1.0,0.8531891867561375,0.8769302769385336,0.9006713671209298,1
5368,0.4321803825927325,0.2,0.9858657243816255,0.320855614973262,0.28125,0.8571428571428571,0.0,0.6666666666666666,0.25142877796423313,0.5,0.38705554650837326,0.9993331110370124,0.9868039826948355,0.0,0.9986666666666667,1.0,0.8379291357384733,0.9077154557522826,0.977501775766092,1
5369,0.41233911275146273,0.1,0.9858657243816255,0.320855614973262,0.28125,0.8571428571428571,0.0,0.6666666666666666,0.21167791842872996,0.5,0.49701084504515536,0.9996665555185061,0.986947260775803,0.0003333333333333333,0.9983333333333333,1.0,0.8515727312741123,0.9118764909300894,0.9721802505860665,1
5370,0.1408942349266601,0.2,0.9915194346289753,0.10351487060641174,0.625,1.0,0.0,0.6666666666666666,0.11842399242463586,0.0,0.2815556243312244,0.9993331110370124,0.9857203895052645,0.0,0.998,1.0,0.816820722230102,0.8831918765883863,0.9495630309466705,1
5371,0.13999246205032223,0.1,0.9901060070671378,0.10351487060641174,0.71875,1.0,0.0,0.6666666666666666,0.08635298164486993,1.0,0.5976890996657452,1.0,0.9913179108957229,0.0,0.999,1.0,0.8624423359274367,0.867166516215878,0.8718906965043194,1
5372,0.21995992027680433,0.1,0.9858657243816255,0.10351487060641174,0.65625,1.0,0.0,0.6666666666666666,0.10265133696252049,0.0,0.11511657391268448,0.9983327775925308,0.9869370537050464,0.0,0.9976666666666667,1.0,0.930662747548994,0.943961138698125,0.957259529847256,1
5373,0.29413349996509,0.4,0.9985865724381625,0.10351487060641174,0.65625,1.0,0.0,0.6666666666666666,0.12172084950407358,1.0,0.698207839588526,1.0,0.9952278238071205,0.0003333333333333333,1.0,1.0,0.9322459170224677,0.942550611259596,0.9528553054967243,1
5374,0.5359236542552442,0.5,0.9985865724381625,0.4035087719298246,0.65625,0.8571428571428571,0.0,0.6666666666666666,0.3725875068995185,1.0,0.6046081568587092,1.0,0.9876407809338261,0.0,0.9996666666666667,1.0,0.8417825601204743,0.850305889554362,0.8588292189882497,1
5375,0.5201038528249776,0.5,0.9943462897526502,0.2575250836120402,0.46875,1.0,0.0,0.6666666666666666,0.41438368397412073,0.0,0.447943181183317,0.9993331110370124,0.9771550256054785,0.0,0.9996666666666667,1.0,0.7368202811338845,0.8491289799331321,0.9614376787323796,1
5376,0.3422045371821044,0.1,0.9908127208480565,0.10351487060641174,0.5625,1.0,0.0,0.6666666666666666,0.18872003579460916,0.0,0.3822247667499131,0.9973324441480493,0.980039290613122,0.0,0.9986666666666667,1.0,0.9037980692114275,0.9112888265889103,0.9187795839663933,1
5377,0.2261180085120985,0.2,0.9858657243816255,0.10351487060641174,0.71875,1.0,0.0,0.6666666666666666,0.08968907064656384,0.0,0.18135120903061086,0.9979993331110371,0.9818373535977087,0.0,0.9986666666666667,1.0,0.9180275406386019,0.9397157403465034,0.9614039400544049,1
5378,0.19912658694347096,0.0,0.9519434628975265,0.10351487060641174,0.46875,1.0,0.0,0.6666666666666666,0.07905080357654426,0.0,0.21082606250237812,0.9939979993331111,0.968223710273045,0.0,0.9923333333333333,1.0,0.9535381058816661,0.9685406973489692,0.9835432888162723,1
5379,0.10927276156453991,0.1,0.9787985865724381,0.10351487060641174,0.875,1.0,0.0,0.6666666666666666,0.08138978120442619,0.3333333333333333,0.18135966768595535,0.9986662220740247,0.993796676524109,0.0003333333333333333,0.993,1.0,0.8617572995615828,0.9084532257446182,0.9551491519276536,1
5380,0.24352621251569717,0.3,0.995053003533569,0.10351487060641174,0.65625,1.0,0.0,0.6666666666666666,0.13308300398757478,0.0,0.1508468183100521,0.9979993331110371,0.9800465510522509,0.0,0.9986666666666667,1.0,0.9056391458901915,0.9478029395186729,0.9899667331471543,1
5381,0.06762227384288833,0.0,0.9371024734982332,0.10351487060641174,0.5625,1.0,0.0,0.6666666666666666,0.07879259266312133,0.0,0.1886339461634745,0.9933311103701233,0.9682034220887559,0.0,0.9933333333333333,1.0,0.9430505022926353,0.971323292938362,0.9995960835840885,1
5382,0.5359236542552442,0.3,0.9872791519434629,0.4035087719298246,0.375,0.8571428571428571,0.0,0.6666666666666666,0.3362235614281227,0.5,0.5127186892873073,1.0,0.9893345150285943,0.0003333333333333333,0.9993333333333333,1.0,0.8474074722209892,0.849164647009075,0.8509218217971608,1
5383,0.19543844502003493,0.0,0.9674911660777386,0.10351487060641174,0.4375,1.0,0.0,0.6666666666666666,0.1074806033756418,0.0,0.1128223513331883,0.9946648882960987,0.9763378610172379,0.0,0.996,1.0,0.8736100006141436,0.9050802811244939,0.9365505616348442,1
5384,0.1218694847040439,0.0,0.9696113074204947,0.10351487060641174,0.46875,1.0,0.0,0.6666666666666666,0.12059114111586378,0.0,0.2023765217884188,0.9963321107035679,0.9810154528491608,0.0,0.9956666666666667,1.0,0.8092452358673514,0.8956011568203607,0.9819570777733699,1
5385,0.526624827037177,0.6,1.0,0.8064516129032258,0.21875,0.8571428571428571,0.0,0.6666666666666666,0.5808146708779387,0.5,0.48196571186068915,0.9996665555185061,0.9785998760387968,0.0006666666666666666,1.0,1.0,0.8485069146262049,0.860484365652574,0.8724618166789431,1
5386,0.0983257953836556,0.0,0.9901060070671378,0.10351487060641174,0.59375,1.0,0.0,0.6666666666666666,0.08150712618629241,0.0,0.24148276376010092,0.9956652217405801,0.9775669025669279,0.0,0.996,1.0,0.8688656482941568,0.8848528489068538,0.9008400495195508,1
5387,0.36346794240420244,0.3,0.995053003533569,0.320855614973262,0.4375,0.8571428571428571,0.0,0.6666666666666666,0.5103382613605508,0.5,0.7185118874947103,1.0,0.9937031957591822,0.0006666666666666666,0.9983333333333333,1.0,0.7961338965417512,0.8906976082631053,0.9852613199844593,1
5388,0.23804375637534636,0.2,0.9978798586572438,0.10351487060641174,0.78125,1.0,0.0,0.6666666666666666,0.09278462310115987,0.5,0.25372428124404656,0.9996665555185061,0.9941049919440773,0.0003333333333333333,0.9986666666666667,1.0,0.972803969363062,0.9770227410616628,0.9812415127602635,1
5389,0.06374338553980785,0.0,0.9526501766784452,0.10351487060641174,0.5625,1.0,0.0,0.6666666666666666,0.07629468002522133,0.0,0.08508169190020909,0.9856618872957652,0.9583869364144435,0.0,0.988,1.0,0.9076002491094683,0.9176057381070658,0.9276112271046633,1
5390,0.12105306811092831,0.0,0.9809187279151943,0.10351487060641174,0.78125,1.0,0.0,0.6666666666666666,0.08233463668825802,0.0,0.31210835512855795,0.9963321107035679,0.9809926647689285,0.0,0.9963333333333333,1.0,0.8649605536417617,0.8813055490887036,0.8976505445356456,1
5391,0.48314808661899034,0.5,0.9992932862190813,0.5217391304347826,0.25,0.7142857142857143,0.0,0.6666666666666666,0.3104037879080025,0.5,0.8673140280665024,1.0,0.9958028586430707,0.001,0.9996666666666667,1.0,0.7533792803837008,0.8519416152218087,0.9505039500599164,1
5392,0.06762227384288833,0.0,0.9371024734982332,0.10351487060641174,0.5625,1.0,0.0,0.6666666666666666,0.08100615353221907,0.0,0.24299818361109415,0.9963321107035679,0.9788808453077634,0.0,0.9973333333333333,1.0,0.9148062937493715,0.9463970687060469,0.9779878436627223,1
5393,0.06374338553980785,0.2,0.984452296819788,0.10351487060641174,0.59375,1.0,0.0,0.6666666666666666,0.07900821954551762,0.0,0.1330511729590218,0.9983327775925308,0.9808582684163418,0.0,0.9966666666666667,1.0,0.8777332271573052,0.8976645529584167,0.9175958787595283,1
5394,0.14832579538365553,0.2,0.9901060070671378,0.10351487060641174,0.65625,1.0,0.0,0.6666666666666666,0.08594555567622897,0.0,0.24489741631087103,0.9986662220740247,0.9894339579884857,0.0,0.9986666666666667,1.0,0.8531735585873367,0.8708827456642017,0.8885919327410666,1
5395,0.22153734611893605,0.2,0.9908127208480565,0.10351487060641174,0.6875,1.0,0.0,0.6666666666666666,0.10274448710410111,0.0,0.3208689329383322,0.9996665555185061,0.9908242975308228,0.0,0.9986666666666667,1.0,0.9121474357445115,0.9219860128127078,0.9318245898809039,1
5396,0.21757099996508988,0.0,0.9858657243816255,0.10351487060641174,0.6875,1.0,0.0,0.6666666666666666,0.08474918437702761,0.0,0.191852699134479,0.9953317772590864,0.9740899204562093,0.0,0.9983333333333333,1.0,0.8728206233747456,0.9320897240647766,0.9913588247548076,1
5397,0.35615273073432063,0.2,0.9957597173144876,0.4035087719298246,0.5,0.8571428571428571,0.0,0.6666666666666666,0.2375975251535274,0.0,0.176848176264074,0.9979993331110371,0.9783834383466234,0.0,0.9986666666666667,1.0,0.8574603715463948,0.9227432302654357,0.9880260889844766,1
5398,0.07546380153665833,0.0,0.9717314487632509,0.10351487060641174,0.59375,1.0,0.0,0.6666666666666666,0.08111520046610765,0.0,0.05368531316899072,0.9926642214071357,0.9713891635288934,0.0,0.9933333333333333,1.0,0.9840176645720186,0.9862689109238414,0.9885201572756641,1
5399,0.6296418792234691,0.6,0.9985865724381625,0.4035087719298246,0.3125,0.8571428571428571,0.0,0.6666666666666666,0.8759299444625109,0.6666666666666666,0.9322966267674845,1.0,0.9987109747583434,0.0013333333333333333,0.9996666666666667,1.0,0.763207758409436,0.7914289962802142,0.8196502341509925,1
5400,0.1531194847040439,0.3,0.9971731448763251,0.2575250836120402,0.375,1.0,0.0,0.6666666666666666,0.23712451708260962,0.0,0.37561986182179286,0.9986662220740247,0.9789352379060753,0.0,0.9996666666666667,1.0,0.7829521234636395,0.853792802716888,0.9246334819701365,1
5401,0.6512954462730136,0.7,1.0,0.320855614973262,0.46875,0.8571428571428571,0.0,0.6666666666666666,0.8118862080093475,1.0,0.6610172387438277,1.0,0.9865632141462859,0.0003333333333333333,1.0,1.0,0.8002411367245713,0.8415203367327206,0.8827995367408699,1
5402,0.06374338553980785,0.0,0.9526501766784452,0.10351487060641174,0.5625,1.0,0.0,0.6666666666666666,0.07698292039420651,0.0,0.19366954071643827,0.9926642214071357,0.9713521486556247,0.0,0.9933333333333333,1.0,0.9145471596563877,0.9336763645465419,0.9528055694366961,1
5403,0.1219789940368543,0.1,0.9886925795053003,0.10351487060641174,0.71875,1.0,0.0,0.6666666666666666,0.08992492049056211,0.0,0.37032998434760933,0.9989996665555185,0.9861168136364931,0.0,0.998,1.0,0.8401683262014852,0.9043809932419516,0.9685936602824181,1
5404,0.06762227384288833,0.0,0.9943462897526502,0.10351487060641174,0.65625,1.0,0.0,0.6666666666666666,0.0775935416269915,0.0,0.1406920671041474,0.9943314438146049,0.9760183578818489,0.0,0.9943333333333333,1.0,0.9123448884368949,0.9490080457998114,0.9856712031627279,1
5405,0.5539079847395747,0.6,1.0,0.8983050847457628,0.21875,0.5714285714285714,0.0,0.6666666666666666,0.8457672993886547,1.0,0.5005738305324459,1.0,0.9899924086956331,0.0,0.9996666666666667,1.0,0.7817975935191053,0.7981643436205155,0.8145310937219258,1
5406,0.1218694847040439,0.1,0.9929328621908127,0.2575250836120402,0.46875,1.0,0.0,0.6666666666666666,0.11786908617786529,0.0,0.2762131944700811,0.9979993331110371,0.9825601014796242,0.0,0.9973333333333333,1.0,0.8054094536847289,0.9015566878871912,0.9977039220896535,1
5407,0.2399376957692857,0.2,0.9985865724381625,0.10351487060641174,0.4375,1.0,0.0,0.6666666666666666,0.1268122650019674,0.0,0.11438269610305374,0.9986662220740247,0.984754223005389,0.0,0.999,1.0,0.9147297458309894,0.9467953825188664,0.9788610192067435,1
5408,0.2786906095221995,0.3,0.9893992932862191,0.10351487060641174,0.375,1.0,0.0,0.6666666666666666,0.12163198907557393,0.0,0.32440574663933264,0.9986662220740247,0.9827984886078159,0.0,0.999,1.0,0.9081670468829015,0.9407078285632154,0.9732486102435294,1
5409,0.15058043729346993,0.2,0.9957597173144876,0.2575250836120402,0.75,1.0,0.0,0.6666666666666666,0.1701408562906479,0.0,0.35569126631062364,0.9996665555185061,0.9921753195517153,0.0,0.999,1.0,0.7724478088394355,0.885601385759663,0.9987549626798904,1
5410,0.22153734611893605,0.1,0.9858657243816255,0.10351487060641174,0.65625,1.0,0.0,0.6666666666666666,0.09735124485120017,0.0,0.13962958404288106,0.9996665555185061,0.989666195618944,0.0,0.998,1.0,0.9228215062635301,0.9317360937148795,0.940650681166229,1
5411,0.2599988845804745,0.2,0.992226148409894,0.10351487060641174,0.6875,1.0,0.0,0.6666666666666666,0.09803592278426077,0.0,0.4002336329930867,0.9983327775925308,0.9872499483940335,0.0,0.9983333333333333,1.0,0.9029392179183988,0.9229282926206795,0.9429173673229603,1
5412,0.15566558673984043,0.1,0.976678445229682,0.10351487060641174,0.71875,1.0,0.0,0.6666666666666666,0.09724386713702349,0.0,0.35622754189586336,0.9969989996665555,0.9789326228254062,0.0,0.9986666666666667,1.0,0.8323168074164854,0.8516738040473688,0.8710308006782522,1
5413,0.06374338553980785,0.0,0.9371024734982332,0.10351487060641174,0.5625,1.0,0.0,0.6666666666666666,0.07587836798547931,0.0,0.22432958985576423,0.9886628876292097,0.9651341483356001,0.0,0.988,1.0,0.9292481319248984,0.938143203047975,0.9470382741710518,1
5414,0.06374338553980785,0.0,0.9371024734982332,0.10351487060641174,0.5625,1.0,0.0,0.6666666666666666,0.07611266994627353,0.0,0.05315416215078439,0.9936645548516172,0.9735475514054518,0.0,0.9886666666666667,1.0,0.9188347626654183,0.9377963879256512,0.9567580131858842,1
5415,0.11915912871698897,0.1,0.9809187279151943,0.10351487060641174,0.78125,1.0,0.0,0.6666666666666666,0.08786499113409363,0.0,0.2673966199436224,0.9969989996665555,0.9800338089088703,0.0,0.9973333333333333,1.0,0.8445378209743732,0.8697020436593443,0.8948662663443154,1
5416,0.21757099996508988,0.1,0.9929328621908127,0.10351487060641174,0.71875,1.0,0.0,0.6666666666666666,0.07940351375179056,0.0,0.29393484301771466,0.9973324441480493,0.9842996069475686,0.0,0.998,1.0,0.9117079911998369,0.9468641204376724,0.982020249675508,1
5417,0.24352621251569717,0.1,0.9703180212014134,0.10351487060641174,0.53125,1.0,0.0,0.6666666666666666,0.14133386857539676,0.0,0.18535507042606458,0.9973324441480493,0.987181054824075,0.0,0.9966666666666667,1.0,0.896304815424936,0.9465813898655426,0.9968579643061491,1
5418,0.10324157931443612,0.2,0.9717314487632509,0.10351487060641174,0.59375,1.0,0.0,0.6666666666666666,0.0787243495542308,0.0,0.30650343572980177,0.9979993331110371,0.9841033946257947,0.0,0.9956666666666667,1.0,0.9668635749202567,0.974084100429983,0.9813046259397092,1
5419,0.11021104128529491,0.0,0.9879858657243816,0.10351487060641174,0.5625,1.0,0.0,0.6666666666666666,0.18650718499466523,0.0,0.15661353472495432,0.9933311103701233,0.9430810397311414,0.0,0.9973333333333333,1.0,0.7764843440484607,0.8140378032255862,0.8515912624027118,1
5420,0.11915912871698897,0.1,0.9809187279151943,0.10351487060641174,0.78125,1.0,0.0,0.6666666666666666,0.09023488281788239,0.0,0.37512907506075943,0.9993331110370124,0.9886504058976475,0.0,0.998,1.0,0.8411631773597955,0.8637551775614323,0.8863471777630691,1
5421,0.14144748850534872,0.1,0.9971731448763251,0.10351487060641174,0.5625,1.0,0.0,0.6666666666666666,0.15065757981656713,0.0,0.34474805467635594,0.9993331110370124,0.9771935578396265,0.0,0.9983333333333333,1.0,0.8101311729421,0.8141971576469246,0.8182631423517491,1
5422,0.06374338553980785,0.0,0.9526501766784452,0.10351487060641174,0.5625,1.0,0.0,0.6666666666666666,0.07695841059097841,0.0,0.12547004876492418,0.9916638879626543,0.9674134812481024,0.0,0.993,1.0,0.9206941890414092,0.9386273138770205,0.9565604387126316,1
5423,0.2261180085120985,0.1,0.9787985865724381,0.10351487060641174,0.6875,1.0,0.0,0.6666666666666666,0.08692108554002365,0.0,0.316682565909539,0.9976658886295432,0.9825666166009107,0.0,0.9966666666666667,1.0,0.9133612584384495,0.9428674720915864,0.9723736857447234,1
5424,0.3699823149598823,0.1,0.9908127208480565,0.10351487060641174,0.5625,1.0,0.0,0.6666666666666666,0.151970244609393,0.0,0.2563966442933967,0.9973324441480493,0.9802760352118071,0.0,0.9986666666666667,1.0,0.9077228482190591,0.9277706482097718,0.9478184482004844,1
5425,0.1217632953836556,0.1,0.995053003533569,0.2575250836120402,0.40625,1.0,0.0,0.6666666666666666,0.11649208655134546,0.0,0.20529873849126645,0.9979993331110371,0.9810634197651436,0.0,0.9976666666666667,1.0,0.799388867951133,0.8395723740774674,0.8797558802038018,1
5426,0.09676329538365558,0.0,0.9915194346289753,0.10351487060641174,0.78125,1.0,0.0,0.6666666666666666,0.11157215372655482,0.0,0.26009489401420816,0.9939979993331111,0.9611148457716364,0.0,0.9976666666666667,1.0,0.8139616780493197,0.8363631216419225,0.8587645652345252,1
5427,0.11395760366252272,0.1,0.9858657243816255,0.10351487060641174,0.6875,1.0,0.0,0.6666666666666666,0.08355467922707183,0.0,0.4494812487521128,0.9983327775925308,0.9853772296347153,0.0,0.9976666666666667,1.0,0.8667213939803796,0.919978881675358,0.9732363693703365,1
5428,0.37605870384877116,0.1,0.992226148409894,0.10351487060641174,0.5,1.0,0.0,0.6666666666666666,0.09622050228013534,0.0,0.3153899057137939,0.9986662220740247,0.9839905654496912,0.0,0.9983333333333333,1.0,0.9178504861730584,0.9311156911392577,0.9443808961054571,1
5429,0.5925360233676134,0.6,0.9992932862190813,0.803030303030303,0.375,0.42857142857142855,0.0,0.6666666666666666,0.9030222142282809,0.0,0.2676443825848752,0.9993331110370124,0.9773994457389669,0.0,0.9996666666666667,1.0,0.7081794969919986,0.7918653721226336,0.8755512472532688,1
5430,0.12332579538365562,0.0,0.9901060070671378,0.10351487060641174,0.71875,1.0,0.0,0.6666666666666666,0.09761699884365105,0.0,0.1605140438112027,0.9966655551850617,0.9752161726982312,0.0,0.9983333333333333,1.0,0.835256310056228,0.8497859202936417,0.8643155305310555,1
5431,0.5775903209219109,0.5,0.9971731448763251,0.4035087719298246,0.3125,0.8571428571428571,0.0,0.6666666666666666,0.5209242888668605,0.3333333333333333,0.413753173585958,0.9996665555185061,0.9896794402117979,0.0003333333333333333,0.9996666666666667,1.0,0.8201660373262084,0.8492305168068757,0.8782949962875428,1
5432,0.22690436472124875,0.1,0.9738515901060071,0.10351487060641174,0.59375,1.0,0.0,0.6666666666666666,0.09683063135169956,0.0,0.2074255224232434,0.9973324441480493,0.9843504446655322,0.0,0.9953333333333333,1.0,0.9418658492611076,0.9492748983841732,0.9566839475072387,1
5433,0.07722018388377883,0.0,0.9681978798586572,0.10351487060641174,0.5,1.0,0.0,0.6666666666666666,0.10719207455629542,0.0,0.2143703480535346,0.9963321107035679,0.9663944649130408,0.0,0.9973333333333333,1.0,0.8054579584250579,0.8820141203931802,0.9585702823613026,1
5434,0.39776009273766,0.2,0.9943462897526502,0.10351487060641174,0.78125,1.0,0.0,0.6666666666666666,0.13204490846790218,0.0,0.4276719868990835,0.9993331110370124,0.9878716639757811,0.0,0.999,1.0,0.9057195165989227,0.9328106526101527,0.9599017886213826,1
5435,0.08297415477057701,0.1,0.9809187279151943,0.10351487060641174,0.59375,1.0,0.0,0.6666666666666666,0.077285641352276,0.0,0.30364367072865195,0.9986662220740247,0.9901229156417217,0.0,0.9976666666666667,1.0,0.934245022108726,0.9499508770578837,0.9656567320070415,1
5436,0.4983654779233382,0.8,0.9992932862190813,0.9206349206349207,0.3125,0.7142857142857143,0.0,0.6666666666666666,0.9466763150646378,1.0,0.7639386302318718,1.0,0.9790639331907065,0.0036666666666666666,1.0,1.0,0.6689218602402638,0.7969257487052956,0.9249296371703276,1
5437,0.6512954462730136,0.5,1.0,0.320855614973262,0.4375,0.8571428571428571,0.0,0.6666666666666666,0.6682508272196046,0.75,0.8329326735909526,1.0,0.9977743211543715,0.0006666666666666666,1.0,1.0,0.8100931867570662,0.8568332386967834,0.9035732906365006,1
5438,0.2749027307343207,0.4,0.9929328621908127,0.10351487060641174,0.6875,1.0,0.0,0.6666666666666666,0.12662885887297237,0.0,0.14607894857721804,0.9993331110370124,0.9924302322765445,0.0,0.9986666666666667,1.0,0.9222090114853664,0.9417515414552653,0.9612940714251641,1
5439,0.25278734611893605,0.2,0.992226148409894,0.4035087719298246,0.4375,0.8571428571428571,0.0,0.6666666666666666,0.18952510307521042,0.5,0.16210404535080336,0.9989996665555185,0.9831089359512722,0.0,0.9993333333333333,1.0,0.8688870685915658,0.8907094906914022,0.9125319127912386,1
5440,0.37116220425780033,0.6,0.9978798586572438,0.803030303030303,0.25,0.42857142857142855,0.0,0.6666666666666666,0.8749116121474243,0.0,0.4309892203341942,0.9993331110370124,0.9692721515978578,0.0003333333333333333,0.9996666666666667,1.0,0.6795395430928772,0.7776662788368154,0.8757930145807535,1
5441,0.1492275682599934,0.1,0.9915194346289753,0.10351487060641174,0.625,1.0,0.0,0.6666666666666666,0.09776986380374353,0.0,0.13772090287528116,0.9979993331110371,0.9810369644203322,0.0,0.9983333333333333,1.0,0.8501322352144282,0.8994546051096792,0.9487769750049302,1
5442,0.19834023073432072,0.0,0.9646643109540636,0.10351487060641174,0.59375,1.0,0.0,0.6666666666666666,0.07798468420081917,0.0,0.24636023489335346,0.9923307769256419,0.9688183807711889,0.0,0.9943333333333333,1.0,0.8954420086877731,0.9221385029144117,0.9488349971410502,1
5443,0.09994745661105164,0.1,0.9915194346289753,0.10351487060641174,0.875,1.0,0.0,0.6666666666666666,0.08874403934559805,0.0,0.13204794068046022,0.9993331110370124,0.988708090063148,0.0,0.9993333333333333,1.0,0.8375407757172046,0.8744809226206762,0.9114210695241477,1
5444,0.08149498378676212,0.0,0.9915194346289753,0.10351487060641174,0.9375,1.0,0.0,0.6666666666666666,0.08646697828026217,0.0,0.24959779885750377,0.995998666222074,0.9700697953919437,0.0,0.997,1.0,0.8428093245766599,0.901727404464491,0.9606454843523219,1
5445,0.06762227384288833,0.1,0.9851590106007068,0.10351487060641174,0.6875,1.0,0.0,0.6666666666666666,0.07986199916376902,0.0,0.20237364062646235,0.9979993331110371,0.9776424505002607,0.0,0.9976666666666667,1.0,0.8888823545714446,0.9424670893072591,0.9960518240430736,1
5446,0.21995992027680433,0.2,0.9985865724381625,0.10351487060641174,0.4375,1.0,0.0,0.6666666666666666,0.11311613180216074,0.0,0.37449332259065327,0.9989996665555185,0.9868152107037048,0.0,0.999,1.0,0.9149427532656986,0.9310704921255888,0.9471982309854788,1
5447,0.09703403854877068,0.1,0.9681978798586572,0.10351487060641174,0.625,1.0,0.0,0.6666666666666666,0.08543644857426258,0.0,0.012802408074581328,0.9969989996665555,0.9805979467608477,0.0,0.995,1.0,0.8946281349635257,0.9266258500358058,0.9586235651080859,1
5448,0.5457900780560943,0.6,1.0,0.4035087719298246,0.46875,0.8571428571428571,0.0,0.6666666666666666,0.43644022577225594,1.0,0.5326122928840934,1.0,0.9953001519422793,0.0,1.0,1.0,0.7827243598694361,0.8291485411824846,0.8755727224955332,1
5449,0.10717129520975577,0.2,0.9978798586572438,0.10351487060641174,0.78125,1.0,0.0,0.6666666666666666,0.08127635451480597,0.0,0.30806508337533145,0.9989996665555185,0.9902559715739284,0.0,0.997,1.0,0.962490737885281,0.974331748696017,0.986172759506753,1
5450,0.29133532591674727,0.2,0.9943462897526502,0.320855614973262,0.46875,0.8571428571428571,0.0,0.6666666666666666,0.2538304149794619,0.0,0.30948704691114837,0.9986662220740247,0.9774839046967806,0.0,0.9993333333333333,1.0,0.8375369033440259,0.8416283714332706,0.8457198395225154,1
5451,0.33569016462642465,0.5,0.9957597173144876,0.320855614973262,0.59375,0.8571428571428571,0.0,0.6666666666666666,0.2184072684557471,0.0,0.4853336477679526,0.9996665555185061,0.9963920975805394,0.0,0.9993333333333333,1.0,0.833942953088601,0.9037236191586671,0.9735042852287331,1
5452,0.2179250985195441,0.4,0.9971731448763251,0.2575250836120402,0.625,1.0,0.0,0.6666666666666666,0.21195285526846275,0.0,0.2747602577119306,0.9986662220740247,0.984128970765816,0.0,0.999,1.0,0.7839827879605471,0.7990513492026312,0.8141199104447153,1
5453,0.31489398947557945,0.4,0.995053003533569,0.10351487060641174,0.46875,1.0,0.0,0.6666666666666666,0.15811667141976005,0.0,0.4117524760046306,0.9989996665555185,0.9906329567111869,0.0,0.9993333333333333,1.0,0.839343708366019,0.8730268770996159,0.9067100458332127,1
5454,0.2632040127856027,0.2,0.9929328621908127,0.10351487060641174,0.5625,1.0,0.0,0.6666666666666666,0.16274017675537733,0.0,0.2234410557655817,0.9973324441480493,0.9805556507939832,0.0,0.998,1.0,0.878512903459761,0.9040185350870578,0.9295241667143544,1
5455,0.4136331086106759,0.3,0.9971731448763251,0.10351487060641174,0.65625,1.0,0.0,0.6666666666666666,0.19896218361160645,0.0,0.3961026798974382,0.9993331110370124,0.9887000016491444,0.0,0.9996666666666667,1.0,0.8895573228691507,0.9060376949195792,0.9225180669700078,1
5456,0.24352621251569717,0.0,0.9703180212014134,0.10351487060641174,0.53125,1.0,0.0,0.6666666666666666,0.14738431020473175,0.0,0.17628016583475992,0.995998666222074,0.9802662499803078,0.0,0.9963333333333333,1.0,0.8914446343500445,0.9417187032431318,0.9919927721362191,1
5457,0.22668844502003493,0.0,0.9858657243816255,0.10351487060641174,0.6875,1.0,0.0,0.6666666666666666,0.09068481514938298,0.0,0.1324081052283732,0.9943314438146049,0.9749132024638699,0.0,0.9966666666666667,1.0,0.8694053425581406,0.9253724636006162,0.9813395846430917,1
5458,0.06762227384288833,0.0,0.9371024734982332,0.10351487060641174,0.5625,1.0,0.0,0.6666666666666666,0.07714421698721896,0.0,0.08729364095153025,0.9909969989996665,0.9695967219165551,0.0,0.9923333333333333,1.0,0.9298550182058108,0.9558238080199014,0.981792597833992,1
5459,0.22153734611893605,0.0,0.9943462897526502,0.10351487060641174,0.75,1.0,0.0,0.6666666666666666,0.10908918062232931,0.0,0.18245530533594512,0.9963321107035679,0.9774694387363138,0.0,0.9986666666666667,1.0,0.9202119365412198,0.9246148702220727,0.9290178039029257,1
5460,0.705693699025289,1.0,1.0,0.8983050847457628,0.3125,0.5714285714285714,0.0,0.6666666666666666,0.894793486869667,1.0,0.8194153257610055,1.0,0.9914426691463665,0.0023333333333333335,1.0,1.0,0.7921213251345259,0.7941703716109216,0.7962194180873173,1
5461,0.07775953050387341,0.0,0.9795053003533569,0.10351487060641174,0.875,1.0,0.0,0.6666666666666666,0.08866063262180446,0.0,0.04535057330884851,0.991997332444148,0.9661251970372009,0.0,0.9966666666666667,1.0,0.9479657660775014,0.9584002813911938,0.9688347967048863,1
5462,0.1134299620503223,0.1,0.9943462897526502,0.10351487060641174,0.59375,1.0,0.0,0.6666666666666666,0.10354205946535122,0.0,0.461358206039985,0.9993331110370124,0.991062170786091,0.0,0.9983333333333333,1.0,0.8094760229575237,0.8551283456852428,0.9007806684129619,1
5463,0.06374338553980785,0.0,0.9526501766784452,0.10351487060641174,0.5625,1.0,0.0,0.6666666666666666,0.0767130336612678,0.0,0.09314483944300112,0.9886628876292097,0.9638350742919412,0.0,0.992,1.0,0.9096842011820004,0.9108911202400645,0.9120980392981285,1
5464,0.1492275682599934,0.3,0.9915194346289753,0.10351487060641174,0.625,1.0,0.0,0.6666666666666666,0.09212365852178472,0.5,0.4422311367631867,0.9996665555185061,0.9905003570115155,0.0,0.9993333333333333,1.0,0.864655342463106,0.9083467597319571,0.9520381770008082,1
5465,0.19834023073432072,0.0,0.9646643109540636,0.10351487060641174,0.59375,1.0,0.0,0.6666666666666666,0.07947990607507271,0.0,0.19628597802827763,0.9933311103701233,0.9693654675241863,0.0,0.9963333333333333,1.0,0.8953864664564206,0.9332232670268741,0.9710600675973277,1
5466,0.22690436472124875,0.1,0.9858657243816255,0.10351487060641174,0.65625,1.0,0.0,0.6666666666666666,0.09619632470774897,0.0,0.2611211737867144,0.9986662220740247,0.9846891114150791,0.0,0.9983333333333333,1.0,0.9354611068745644,0.9388919389322997,0.942322770990035,1
5467,0.1746188988319315,0.2,0.9929328621908127,0.2575250836120402,0.71875,1.0,0.0,0.6666666666666666,0.14575703094008807,0.5,0.5277283039232189,1.0,0.9912275496685381,0.0,0.9996666666666667,1.0,0.7808329711068849,0.8852303951604037,0.9896278192139224,1
5468,0.06762227384288833,0.0,0.9851590106007068,0.10351487060641174,0.6875,1.0,0.0,0.6666666666666666,0.07811750971230025,0.0,0.13280409156713802,0.9946648882960987,0.9777193778884016,0.0,0.9943333333333333,1.0,0.9064589066425801,0.9481878070142757,0.9899167073859714,1
5469,0.5279329351989513,0.1,0.9872791519434629,0.4035087719298246,0.375,0.8571428571428571,0.0,0.6666666666666666,0.3241363631546531,0.0,0.23529669028762168,0.9979993331110371,0.9757326373479996,0.0,0.999,1.0,0.8370478813831648,0.8471070683140932,0.8571662552450217,1
5470,0.13293831401256773,0.1,0.9681978798586572,0.10351487060641174,0.5,1.0,0.0,0.6666666666666666,0.11295026980574518,0.0,0.23772115404046334,0.9979993331110371,0.9750119701739065,0.0,0.998,1.0,0.8049061514483162,0.8460889397318265,0.8872717280153367,1
5471,0.06762227384288833,0.0,0.9851590106007068,0.10351487060641174,0.6875,1.0,0.0,0.6666666666666666,0.07947760375357849,0.0,0.12600575249412704,0.995998666222074,0.9726015436848544,0.0,0.9976666666666667,1.0,0.8923796910008212,0.943876245745982,0.9953728004911427,1
5472,0.1408942349266601,0.1,0.9915194346289753,0.10351487060641174,0.625,1.0,0.0,0.6666666666666666,0.1024624875850707,0.0,0.3484270034622329,0.9973324441480493,0.9733109697477635,0.0,0.9993333333333333,1.0,0.8410109988251323,0.8939848829522249,0.9469587670793175,1
5473,0.07546380153665833,0.1,0.9717314487632509,0.10351487060641174,0.59375,1.0,0.0,0.6666666666666666,0.08328948714052165,0.0,0.37118085275932866,0.9976658886295432,0.9810906201670139,0.0,0.992,1.0,0.9835745545723186,0.989811240148271,0.9960479257242235,1
5474,0.07546380153665833,0.0,0.9809187279151943,0.10351487060641174,0.59375,1.0,0.0,0.6666666666666666,0.07713702295030644,0.0,0.2995152544260853,0.995998666222074,0.9783409331117405,0.0,0.9953333333333333,1.0,0.9499180456959027,0.9561946644249948,0.962471283154087,1
5475,0.19543844502003493,0.0,0.9674911660777386,0.10351487060641174,0.4375,1.0,0.0,0.6666666666666666,0.1067954775880886,0.0,0.19096287574010984,0.9933311103701233,0.9772168681246693,0.0,0.995,1.0,0.8855491025718636,0.9089677614796973,0.932386420387531,1
5476,0.19834023073432072,0.1,0.9802120141342756,0.10351487060641174,0.625,1.0,0.0,0.6666666666666666,0.08239122179137881,0.3333333333333333,0.6054048667681583,1.0,0.9963013835263926,0.0,0.9973333333333333,1.0,0.8862837318536662,0.9375542268120125,0.9888247217703588,1
5477,0.2733654779233381,0.2,0.9964664310954063,0.10351487060641174,0.75,1.0,0.0,0.6666666666666666,0.21416864140016334,0.5,0.5794504598897419,1.0,0.9850020224309776,0.0,0.9996666666666667,1.0,0.7570318645175388,0.8565940354679591,0.9561562064183794,1
5478,0.1218694847040439,0.0,0.9696113074204947,0.10351487060641174,0.46875,1.0,0.0,0.6666666666666666,0.11758459329666293,0.0,0.2164318592433706,0.995998666222074,0.9759071034096809,0.0,0.9953333333333333,1.0,0.80702569801707,0.9006460638944602,0.9942664297718504,1
5479,0.08297415477057701,0.1,0.9519434628975265,0.10351487060641174,0.46875,1.0,0.0,0.6666666666666666,0.0782398792322081,0.0,0.3007747870125642,0.9973324441480493,0.9809662431452799,0.0,0.9973333333333333,1.0,0.9386616156558196,0.9579646052322265,0.9772675948086333,1
5480,0.10573320279106302,0.3,0.9978798586572438,0.10351487060641174,0.90625,1.0,0.0,0.6666666666666666,0.11739492365702653,0.0,0.30441111560101475,0.9989996665555185,0.9777309847360516,0.0,0.9973333333333333,1.0,0.829324940373685,0.8297391505525972,0.8301533607315094,1
5481,0.09164841939276225,0.1,0.9915194346289753,0.10351487060641174,0.59375,1.0,0.0,0.6666666666666666,0.08915552382737779,1.0,0.5730781481113059,1.0,0.9930388865880582,0.0,0.9946666666666667,1.0,0.9298083423843019,0.9331735357824478,0.9365387291805937,1
5482,0.11482831712009545,0.2,0.9787985865724381,0.10351487060641174,0.875,1.0,0.0,0.6666666666666666,0.07945602051488665,0.0,0.3215433298593823,0.9993331110370124,0.9928036186798618,0.0,0.9983333333333333,1.0,0.8723340664044558,0.8999205647404811,0.9275070630765064,1
5483,0.4707900780560942,0.3,0.9985865724381625,0.10351487060641174,0.46875,1.0,0.0,0.6666666666666666,0.27177722284635875,0.5,0.4506246707139422,0.9996665555185061,0.9909600878968959,0.0003333333333333333,0.9996666666666667,1.0,0.8093751736664927,0.8470371764419377,0.8846991792173826,1
5484,0.5796418792234692,0.6,0.9992932862190813,0.4035087719298246,0.34375,0.8571428571428571,0.0,0.6666666666666666,0.8122420000585744,1.0,0.6228423477969085,1.0,0.9814795181871857,0.0,1.0,1.0,0.7408352100849731,0.7997714842465662,0.8587077584081593,1
5485,0.09925172130958149,0.0,0.9696113074204947,0.10351487060641174,0.46875,1.0,0.0,0.6666666666666666,0.09932996090821633,0.0,0.30651858377879293,0.9963321107035679,0.972752668453757,0.0,0.997,1.0,0.8218172516813971,0.8995997047021114,0.9773821577228256,1
5486,0.2714965270909727,0.3,0.9865724381625441,0.2575250836120402,0.375,1.0,0.0,0.6666666666666666,0.1746317104213171,0.5,0.5024443376469533,1.0,0.9840408098942022,0.0003333333333333333,0.9986666666666667,1.0,0.7645841813766828,0.8250791781593055,0.8855741749419282,1
5487,0.19834023073432072,0.0,0.9787985865724381,0.10351487060641174,0.6875,1.0,0.0,0.6666666666666666,0.0884950351842343,0.0,0.14304996387634983,0.9956652217405801,0.9731671728301434,0.0,0.9963333333333333,1.0,0.892610565083004,0.9332970716527693,0.9739835782225348,1
5488,0.21014432737297617,0.1,0.9858657243816255,0.10351487060641174,0.6875,1.0,0.0,0.6666666666666666,0.09324722078823844,0.0,0.28454334579770235,0.9979993331110371,0.9848921020874534,0.0,0.995,1.0,0.8742630963318215,0.9213138232727563,0.9683645502136912,1
5489,0.1134299620503223,0.0,0.984452296819788,0.10351487060641174,0.5625,1.0,0.0,0.6666666666666666,0.1011673653902675,0.0,0.20339887040511595,0.9966655551850617,0.9823132967706897,0.0,0.9956666666666667,1.0,0.8159932240472445,0.8521699893891502,0.888346754731056,1
5490,0.11021104128529491,0.0,0.9681978798586572,0.10351487060641174,0.5,1.0,0.0,0.6666666666666666,0.12899040292442998,0.0,0.16681948197971563,0.9956652217405801,0.96528331006193,0.0,0.9976666666666667,1.0,0.8004096323924798,0.8300369329388813,0.8596642334852828,1
5491,0.09213046820332504,0.0,0.9371024734982332,0.10351487060641174,0.5625,1.0,0.0,0.6666666666666666,0.07670704644969994,0.0,0.16799800140093557,0.9886628876292097,0.9656790165992751,0.0,0.992,1.0,0.9488676006440263,0.9556009675211293,0.9623343343982323,1
5492,0.1218694847040439,0.0,0.9696113074204947,0.10351487060641174,0.46875,1.0,0.0,0.6666666666666666,0.10350860676664986,0.0,0.11647287775894255,0.9933311103701233,0.9659059653546411,0.0,0.9956666666666667,1.0,0.822245864211558,0.9099639622290328,0.9976820602465075,1
5493,0.29133532591674727,0.3,0.995053003533569,0.320855614973262,0.46875,0.8571428571428571,0.0,0.6666666666666666,0.3699278460873793,0.0,0.16285882617160896,0.9979993331110371,0.9680909874016809,0.0,0.9993333333333333,1.0,0.8229604404514528,0.8267939790013846,0.8306275175513165,1
5494,0.45522537051543777,0.5,1.0,0.10351487060641174,0.75,1.0,0.0,0.6666666666666666,0.12118413769607328,1.0,0.7552478928909625,1.0,0.9961294686189054,0.0006666666666666666,1.0,1.0,0.9019337080104353,0.9432911899918595,0.9846486719732838,1
5495,0.06374338553980785,0.0,0.9526501766784452,0.10351487060641174,0.5625,1.0,0.0,0.6666666666666666,0.07714502856213035,0.0,0.02297443247952602,0.991997332444148,0.972025013143325,0.0,0.9913333333333333,1.0,0.9000937983516674,0.9064033094133453,0.9127128204750233,1
5496,0.48066209411792227,0.5,0.9978798586572438,0.4035087719298246,0.46875,0.8571428571428571,0.0,0.6666666666666666,0.5782678265546464,0.0,0.18330849590362508,0.9986662220740247,0.9756788350796006,0.0,0.9996666666666667,1.0,0.8250797458776754,0.8816187860988856,0.9381578263200957,1
5497,0.10048680323114612,0.1,0.9901060070671378,0.10351487060641174,0.9375,1.0,0.0,0.6666666666666666,0.08619386708595445,0.0,0.4152758265566705,0.9993331110370124,0.9920713334453567,0.0,0.9983333333333333,1.0,0.9716527413205199,0.979689391035031,0.9877260407495422,1
5498,0.22668844502003493,0.0,0.992226148409894,0.10351487060641174,0.6875,1.0,0.0,0.6666666666666666,0.10354252910229056,0.0,0.13939185940471333,0.9933311103701233,0.9768506517229149,0.0,0.996,1.0,0.8941095047154843,0.9144754467632809,0.9348413888110774,1
5499,0.08149498378676212,0.1,0.9915194346289753,0.10351487060641174,0.9375,1.0,0.0,0.6666666666666666,0.08873034752952857,0.0,0.36064477909942416,0.9973324441480493,0.977203438588403,0.0,0.9963333333333333,1.0,0.8377705321121616,0.9036326969021746,0.9694948616921877,1
5500,0.5922045371821045,0.8,1.0,0.6033057851239669,0.40625,0.5714285714285714,0.0,0.6666666666666666,0.8658846666454071,1.0,0.6990744377264606,1.0,0.9909839003289511,0.0026666666666666666,1.0,1.0,0.8020640596398454,0.8450491927074898,0.8880343257751342,1
5501,0.09262227384288835,0.0,0.9816254416961131,0.10351487060641174,0.5625,1.0,0.0,0.6666666666666666,0.08656076223158726,0.0,0.18887080333882655,0.9949983327775925,0.9702521252293694,0.0,0.998,1.0,0.8505898677133561,0.9219929552531403,0.9933960427929244,1
5502,0.36346794240420244,0.4,1.0,0.320855614973262,0.625,0.8571428571428571,0.0,0.6666666666666666,0.30768423090484476,0.6666666666666666,0.6142427173626683,1.0,0.99009214063954,0.001,0.999,1.0,0.8148546993852912,0.8949869510181472,0.9751192026510032,1
5503,0.19543844502003493,0.0,0.9674911660777386,0.10351487060641174,0.4375,1.0,0.0,0.6666666666666666,0.11243240483758776,0.0,0.24352380293128661,0.9953317772590864,0.9781024940812244,0.0,0.9956666666666667,1.0,0.8811746234994376,0.9034802563507822,0.9257858892021268,1
5504,0.07546380153665833,0.0,0.9717314487632509,0.10351487060641174,0.59375,1.0,0.0,0.6666666666666666,0.08107320677232777,0.0,0.05384949630308855,0.9923307769256419,0.971483973264274,0.0,0.9936666666666667,1.0,0.9845606316116966,0.9862103106418195,0.9878599896719424,1
5505,0.15058043729346993,0.2,0.9957597173144876,0.2575250836120402,0.75,1.0,0.0,0.6666666666666666,0.16113871921296474,0.0,0.278681777693882,0.9979993331110371,0.9843263040756883,0.0,0.9983333333333333,1.0,0.7723146874590234,0.8785912757516465,0.9848678640442695,1
5506,0.24966865925008053,0.3,0.9957597173144876,0.320855614973262,0.46875,0.8571428571428571,0.0,0.6666666666666666,0.4385787364865116,0.0,0.2276410161935598,0.9993331110370124,0.9636856096639724,0.0,0.9993333333333333,1.0,0.7973204713483583,0.8386057797792795,0.8798910882102008,1
5507,0.12332579538365562,0.1,0.9901060070671378,0.10351487060641174,0.71875,1.0,0.0,0.6666666666666666,0.0973401425294691,0.0,0.3040071559128169,0.9983327775925308,0.981244502691998,0.0,0.9986666666666667,1.0,0.8378675746718579,0.849451284562657,0.8610349944534561,1
5508,0.283425458007048,0.1,0.9971731448763251,0.4035087719298246,0.4375,0.8571428571428571,0.0,0.6666666666666666,0.23246332924930524,0.0,0.19392918875093113,0.9976658886295432,0.9789149589885864,0.0,0.9976666666666667,1.0,0.8416496141601791,0.8582960533080941,0.8749424924560092,1
5509,0.08149498378676212,0.0,0.9787985865724381,0.10351487060641174,0.875,1.0,0.0,0.6666666666666666,0.07991565844388593,0.0,0.10907928524113542,0.9923307769256419,0.9765451286163382,0.0,0.9936666666666667,1.0,0.8694800044037495,0.9105784238528165,0.9516768433018834,1
5510,0.5775903209219109,0.6,0.9992932862190813,0.6033057851239669,0.375,0.5714285714285714,0.0,0.6666666666666666,0.8753422698729174,1.0,0.6089197008542181,1.0,0.9870540564475618,0.001,1.0,1.0,0.7794479913707598,0.8212967253447394,0.863145459318719,1
5511,0.4061527307343207,0.3,1.0,0.4035087719298246,0.375,0.8571428571428571,0.0,0.6666666666666666,0.30037708418009146,1.0,0.6031672009359107,1.0,0.9902377217409386,0.0,1.0,1.0,0.8488314483431693,0.9174819775729431,0.986132506802717,1
5512,0.09676329538365558,0.1,0.9936395759717315,0.2575250836120402,0.84375,1.0,0.0,0.6666666666666666,0.11808977753190975,0.0,0.2560406331568609,0.9976658886295432,0.9780167751145503,0.0,0.997,1.0,0.7914131388011995,0.8551535081766968,0.9188938775521941,1
5513,0.16172756825999335,0.2,0.9978798586572438,0.10351487060641174,0.59375,1.0,0.0,0.6666666666666666,0.12265442727386655,0.3333333333333333,0.28799620711291873,0.9993331110370124,0.9877553935632497,0.0,0.9996666666666667,1.0,0.8267818648346351,0.876043918240037,0.9253059716454388,1
5514,0.08297415477057701,0.1,0.9519434628975265,0.10351487060641174,0.46875,1.0,0.0,0.6666666666666666,0.0777949262790315,0.5,0.33844607361443635,0.9996665555185061,0.9946624408661234,0.0,0.9993333333333333,1.0,0.932046941142019,0.951947475524316,0.9718480099066129,1
5515,0.19543844502003493,0.0,0.9731448763250884,0.10351487060641174,0.59375,1.0,0.0,0.6666666666666666,0.09204026221777395,0.0,0.04597100064515025,0.9933311103701233,0.9723651071435215,0.0,0.995,1.0,0.8551818753041203,0.9231101252703249,0.9910383752365296,1
5516,0.06374338553980785,0.0,0.9371024734982332,0.10351487060641174,0.5625,1.0,0.0,0.6666666666666666,0.07719265982528234,0.0,0.2862530028687551,0.995998666222074,0.9704880607977411,0.0,0.9913333333333333,1.0,0.8914059317538806,0.9126764806665739,0.9339470295792673,1
5517,0.09699029973464257,0.0,0.9703180212014134,0.10351487060641174,0.75,1.0,0.0,0.6666666666666666,0.09472483162222167,0.0,0.2601363017257494,0.9966655551850617,0.9816562817117271,0.0,0.9983333333333333,1.0,0.9672004719972753,0.9716650979062847,0.9761297238152942,1
5518,0.5715905020943852,0.5,0.9978798586572438,0.6033057851239669,0.1875,0.5714285714285714,0.0,0.6666666666666666,0.9110038324337277,1.0,0.5346090845405985,1.0,0.991490928584867,0.0,0.9996666666666667,1.0,0.7739291856395457,0.859810368985596,0.9456915523316464,1
5519,0.2733654779233381,0.3,0.9978798586572438,0.5217391304347826,0.3125,0.7142857142857143,0.0,0.6666666666666666,0.2844390926854524,0.5,0.4513742241815202,0.9993331110370124,0.9724447032723914,0.0,0.9996666666666667,1.0,0.745977057639234,0.8598019466076079,0.9736268355759818,1
5520,0.19834023073432072,0.1,0.9646643109540636,0.10351487060641174,0.59375,1.0,0.0,0.6666666666666666,0.07970345134465817,0.0,0.27631842612396806,0.9986662220740247,0.9828717844990348,0.0,0.9966666666666667,1.0,0.887951584955113,0.9264864241794857,0.9650212634038585,1
5521,0.1492275682599934,0.3,0.984452296819788,0.10351487060641174,0.53125,1.0,0.0,0.6666666666666666,0.16349358192662655,0.0,0.1606495680836958,0.9983327775925308,0.9774635114627683,0.0,0.9986666666666667,1.0,0.8098333280440193,0.8573094059250277,0.9047854838060361,1
5522,0.07722018388377883,0.0,0.976678445229682,0.10351487060641174,0.71875,1.0,0.0,0.6666666666666666,0.0946774793436077,0.0,0.2517948256635134,0.9923307769256419,0.9627162786132402,0.0,0.9956666666666667,1.0,0.8233094209368375,0.8913194103583164,0.9593293997797954,1
5523,0.47378602336761333,0.3,0.9865724381625441,0.2575250836120402,0.375,1.0,0.0,0.6666666666666666,0.28360628318742975,0.5,0.23936589918343743,0.9996665555185061,0.9859212831664331,0.0003333333333333333,0.999,1.0,0.7399647309046665,0.8126326573881228,0.8853005838715792,1
5524,0.29296591754750745,0.1,0.9703180212014134,0.10351487060641174,0.53125,1.0,0.0,0.6666666666666666,0.13555941732599486,0.0,0.283549982918601,0.9986662220740247,0.9894953721870294,0.0,0.9986666666666667,1.0,0.8941774632049238,0.9123802189166468,0.9305829746283699,1
5525,0.10879713486999165,0.2,0.9929328621908127,0.10351487060641174,0.625,1.0,0.0,0.6666666666666666,0.0883739103516541,0.3333333333333333,0.1353061961452493,0.9983327775925308,0.987544117169022,0.0,0.9966666666666667,1.0,0.9723295713796416,0.9787124656906696,0.9850953600016976,1
5526,0.06374338553980785,0.0,0.9371024734982332,0.10351487060641174,0.5625,1.0,0.0,0.6666666666666666,0.07644107872981842,0.0,0.07793471379108607,0.9746582194064688,0.9450504422759635,0.0,0.9863333333333333,1.0,0.9022381485097932,0.9205454710460185,0.9388527935822437,1
5527,0.09699029973464257,0.2,0.9703180212014134,0.10351487060641174,0.75,1.0,0.0,0.6666666666666666,0.09484260342094275,0.0,0.17537513492806134,0.9986662220740247,0.9837890486656149,0.0,0.9986666666666667,1.0,0.9698548753105651,0.9717844892876215,0.9737141032646778,1
5528,0.45522537051543777,0.3,0.9992932862190813,0.10351487060641174,0.59375,1.0,0.0,0.6666666666666666,0.10771238998078736,0.6666666666666666,0.7001617844580004,1.0,0.99583886779204,0.0003333333333333333,0.9983333333333333,1.0,0.904753628953631,0.9420854724250731,0.9794173158965154,1
5529,0.16172756825999335,0.4,0.9978798586572438,0.10351487060641174,0.59375,1.0,0.0,0.6666666666666666,0.1322950368229694,0.0,0.4181151841469307,0.9993331110370124,0.9888966955249677,0.0,1.0,1.0,0.8152880094991377,0.8719487343794078,0.9286094592596779,1
5530,0.2348837130135214,0.2,0.9809187279151943,0.10351487060641174,0.46875,1.0,0.0,0.6666666666666666,0.11761208606917473,0.0,0.3819778601467132,0.9979993331110371,0.9827648897913555,0.0,0.9976666666666667,1.0,0.8846067675340279,0.8929231710258057,0.9012395745175833,1
5531,0.1055373082816512,0.1,0.9795053003533569,0.10351487060641174,0.875,1.0,0.0,0.6666666666666666,0.09438182163438846,0.0,0.30950479917970486,0.9986662220740247,0.989278613150452,0.0,0.997,1.0,0.9372143700229532,0.9618970771951154,0.9865797843672777,1
5532,0.09922756825999335,0.1,0.9908127208480565,0.10351487060641174,0.53125,1.0,0.0,0.6666666666666666,0.10182135875434084,0.0,0.16755202946671488,0.9979993331110371,0.9775618922094791,0.0,0.997,1.0,0.8540993478643725,0.8936299425628089,0.9331605372612454,1
5533,0.1492275682599934,0.2,0.9908127208480565,0.10351487060641174,0.53125,1.0,0.0,0.6666666666666666,0.09518102560078878,0.0,0.46452960815793154,0.9993331110370124,0.9934935242897365,0.0003333333333333333,0.996,1.0,0.8638489779912684,0.9030565745478484,0.9422641711044284,1
5534,0.235426235007825,0.2,0.9929328621908127,0.10351487060641174,0.5,1.0,0.0,0.6666666666666666,0.1270817240001132,0.0,0.2528409001086187,0.9993331110370124,0.9864443944553875,0.0,0.9983333333333333,1.0,0.8944406758044973,0.9000506849900003,0.9056606941755033,1
5535,0.19543844502003493,0.0,0.9908127208480565,0.10351487060641174,0.6875,1.0,0.0,0.6666666666666666,0.10797978794453467,0.0,0.1576100180769402,0.9939979993331111,0.9754427577659023,0.0,0.9956666666666667,1.0,0.8888112859724897,0.9090830662809285,0.9293548465893673,1
5536,0.3968920371821044,0.2,0.9943462897526502,0.10351487060641174,0.78125,1.0,0.0,0.6666666666666666,0.1473346978517307,0.6666666666666666,0.504048031297168,1.0,0.9934908240015043,0.0,0.999,1.0,0.8921315071844101,0.9253907843815576,0.9586500615787052,1
5537,0.12359034564820581,0.1,0.9915194346289753,0.10351487060641174,0.875,1.0,0.0,0.6666666666666666,0.09348406160314127,0.0,0.2033585377935333,0.9973324441480493,0.9823388738106169,0.0,0.9976666666666667,1.0,0.8423168032436689,0.8542261837859102,0.8661355643281514,1
5538,0.21757099996508988,0.2,0.9929328621908127,0.10351487060641174,0.71875,1.0,0.0,0.6666666666666666,0.07844219455778989,1.0,0.5901852677742063,1.0,0.9920015667051756,0.0,0.997,1.0,0.9182426348429965,0.9467911642841318,0.9753396937252671,1
5539,0.45522537051543777,0.6,0.9992932862190813,0.10351487060641174,0.78125,1.0,0.0,0.6666666666666666,0.11814755285022571,0.0,0.3111843042412191,0.9996665555185061,0.9884055675699455,0.0,0.9996666666666667,1.0,0.8964348239187135,0.9463117907777743,0.9961887576368349,1
5540,0.1492275682599934,0.1,0.9681978798586572,0.10351487060641174,0.625,1.0,0.0,0.6666666666666666,0.08586816595311997,0.0,0.34145402538915903,0.9976658886295432,0.9821451840491296,0.0,0.9973333333333333,1.0,0.8813437114610565,0.9231567470033415,0.9649697825456264,1
5541,0.30989651383277383,0.6,1.0,0.320855614973262,0.34375,0.8571428571428571,0.0,0.6666666666666666,0.5749581341736565,0.5,0.46163485276258676,0.9996665555185061,0.9900787460202757,0.0006666666666666666,0.9996666666666667,1.0,0.8122747442286917,0.8666201122026491,0.9209654801766064,1
5542,0.19834023073432072,0.1,0.9802120141342756,0.10351487060641174,0.625,1.0,0.0,0.6666666666666666,0.08257743913554538,0.0,0.10788393256095541,0.9969989996665555,0.9824600776359328,0.0,0.996,1.0,0.8913419307342311,0.9429332734249645,0.9945246161156979,1
5543,0.11395760366252272,0.2,0.9858657243816255,0.10351487060641174,0.6875,1.0,0.0,0.6666666666666666,0.085325147936819,0.0,0.21446665632610262,0.9973324441480493,0.9805585594701307,0.0,0.9976666666666667,1.0,0.8681800312876222,0.9287942565539935,0.9894084818203648,1
5544,0.06374338553980785,0.0,0.9371024734982332,0.10351487060641174,0.5625,1.0,0.0,0.6666666666666666,0.07624106546492282,0.0,0.08818359335335313,0.9789929976658887,0.9511678996252323,0.0,0.987,1.0,0.9082594119001091,0.9286638966528943,0.9490683814056795,1
5545,0.21244781557762393,0.3,0.9985865724381625,0.10351487060641174,0.5625,1.0,0.0,0.6666666666666666,0.10190977431515691,0.0,0.30648204607071106,0.9996665555185061,0.9928660998804258,0.0,0.9993333333333333,1.0,0.9048323269805966,0.9126402875312265,0.9204482480818564,1
5546,0.5319011891672053,0.5,0.9985865724381625,0.4035087719298246,0.53125,0.8571428571428571,0.0,0.6666666666666666,0.5016533171888775,0.3333333333333333,0.5248977509304703,1.0,0.996216966393137,0.0003333333333333333,0.9996666666666667,1.0,0.7941700259991734,0.8251810595236663,0.8561920930481591,1
5547,0.06374338553980785,0.0,0.9371024734982332,0.10351487060641174,0.5625,1.0,0.0,0.6666666666666666,0.07595343929789,0.0,0.1310879098147827,0.9816605535178393,0.9547122312455059,0.0,0.9873333333333333,1.0,0.9176199373808458,0.9325060680933812,0.9473921988059167,1
5548,0.5279329351989513,0.6,0.9872791519434629,0.4035087719298246,0.375,0.8571428571428571,0.0,0.6666666666666666,0.41141141128631875,1.0,0.8309159083176636,1.0,0.9972937005263697,0.0006666666666666666,1.0,1.0,0.8250173762005604,0.8372646333722373,0.8495118905439143,1
5549,0.09164841939276225,0.1,0.9371024734982332,0.10351487060641174,0.5625,1.0,0.0,0.6666666666666666,0.0881056313989168,1.0,0.5951933151211786,1.0,0.992955572980101,0.0,0.9963333333333333,1.0,0.9335891427653916,0.9370638274698426,0.9405385121742937,1
5550,0.06374338553980785,0.1,0.9646643109540636,0.10351487060641174,0.59375,1.0,0.0,0.6666666666666666,0.0769333552628485,0.0,0.4323235373160482,0.9996665555185061,0.9897523158740851,0.0,0.9943333333333333,1.0,0.90282507079108,0.9136056401421374,0.9243862094931948,1
5551,0.32130424588583584,0.2,0.9943462897526502,0.10351487060641174,0.46875,1.0,0.0,0.6666666666666666,0.13348886173324248,0.0,0.2807662368033651,0.9989996665555185,0.9937602001627976,0.0,0.9983333333333333,1.0,0.8687480448843176,0.8886732163479049,0.9085983878114922,1
5552,0.19543844502003493,0.3,0.9985865724381625,0.10351487060641174,0.40625,1.0,0.0,0.6666666666666666,0.12195850740990755,0.0,0.22547438486232552,0.9993331110370124,0.9849975075746735,0.0,0.998,1.0,0.8803900005110806,0.8975859073226907,0.9147818141343008,1
5553,0.39776009273766,0.2,0.9943462897526502,0.10351487060641174,0.78125,1.0,0.0,0.6666666666666666,0.1370568183932157,0.0,0.24566410384040027,0.9983327775925308,0.9817163392749174,0.0,0.9996666666666667,1.0,0.9101224462771663,0.9292118243224932,0.9483012023678201,1
5554,0.29296591754750745,0.1,0.9703180212014134,0.10351487060641174,0.53125,1.0,0.0,0.6666666666666666,0.13407169407535824,0.0,0.480974437828283,0.9996665555185061,0.9951414279835032,0.0,0.998,1.0,0.8953665170409691,0.9117555764762677,0.9281446359115662,1
5555,0.08297415477057701,0.1,0.9809187279151943,0.10351487060641174,0.59375,1.0,0.0,0.6666666666666666,0.07769488705258476,0.3333333333333333,0.42830476842702647,0.9996665555185061,0.9889851425345495,0.0,0.9976666666666667,1.0,0.9387527706075469,0.9549483113475653,0.9711438520875837,1
5556,0.22690436472124875,0.2,0.9964664310954063,0.10351487060641174,0.75,1.0,0.0,0.6666666666666666,0.09343796815793393,0.25,0.40544024247856036,0.9996665555185061,0.9956799062503322,0.0,0.9926666666666667,1.0,0.9492733617733567,0.9495518883670129,0.949830414960669,1
5557,0.3699823149598823,0.1,0.9957597173144876,0.10351487060641174,0.71875,1.0,0.0,0.6666666666666666,0.14192827743924696,0.0,0.39279640295405605,0.9986662220740247,0.991284797125857,0.0,0.998,1.0,0.9207342725448013,0.926926917750375,0.9331195629559484,1
5558,0.24352621251569717,0.0,0.995053003533569,0.10351487060641174,0.65625,1.0,0.0,0.6666666666666666,0.1391548012956061,0.0,0.22388457661965344,0.995998666222074,0.9803066359862757,0.0,0.9976666666666667,1.0,0.8997887839484678,0.9471341071112441,0.9944794302740204,1
5559,0.3552253705154379,0.1,0.9908127208480565,0.10351487060641174,0.4375,1.0,0.0,0.6666666666666666,0.14959664170182063,0.0,0.15788782631501497,0.9976658886295432,0.9809496567815597,0.0,0.998,1.0,0.8665914157129114,0.9284264471340651,0.9902614785552187,1
5560,0.0962971348699917,0.0,0.9717314487632509,0.10351487060641174,0.625,1.0,0.0,0.6666666666666666,0.08004108682141098,0.0,0.15167923305313558,0.995998666222074,0.9768366953086728,0.0,0.996,1.0,0.9630946104898975,0.9806472102225131,0.9981998099551287,1
5561,0.09034954657016114,0.1,0.9816254416961131,0.10351487060641174,0.5625,1.0,0.0,0.6666666666666666,0.08720860797730512,0.0,0.13339256693471924,0.9973324441480493,0.9802072855109129,0.0,0.9963333333333333,1.0,0.8534407634579169,0.9237211701451038,0.9940015768322907,1
5562,0.19543844502003493,0.0,0.9674911660777386,0.10351487060641174,0.4375,1.0,0.0,0.6666666666666666,0.10072185616535478,0.0,0.09500528676686393,0.9933311103701233,0.9746747051306147,0.0,0.9963333333333333,1.0,0.874431178094571,0.9116150956639579,0.9487990132333448,1
5563,0.43677051949164436,0.4,0.9971731448763251,0.2575250836120402,0.375,1.0,0.0,0.6666666666666666,0.47282759424197285,0.5,0.5181542910899883,1.0,0.9871059931033709,0.0,0.9996666666666667,1.0,0.7452738915514042,0.8336097492790995,0.9219456070067947,1
5564,0.07722018388377883,0.0,0.9681978798586572,0.10351487060641174,0.5,1.0,0.0,0.6666666666666666,0.11423478135726894,0.0,0.20888178631757948,0.9956652217405801,0.9618656465718388,0.0,0.9976666666666667,1.0,0.7981951569969465,0.8608863311425574,0.9235775052881682,1
5565,0.4321803825927325,0.1,0.9858657243816255,0.320855614973262,0.28125,0.8571428571428571,0.0,0.6666666666666666,0.26915585106921014,0.0,0.36754965900565784,0.9989996665555185,0.9857799366651679,0.0,0.998,1.0,0.8356917143356504,0.9038929914117844,0.9720942684879184,1
5566,0.21553512586673462,0.2,0.9936395759717315,0.10351487060641174,0.46875,1.0,0.0,0.6666666666666666,0.19212818428271528,0.0,0.2158177961349843,0.9989996665555185,0.9740623702414927,0.0,0.9983333333333333,1.0,0.8188584753549648,0.8478810695465501,0.8769036637381353,1
5567,0.30989651383277383,0.5,0.9992932862190813,0.320855614973262,0.40625,0.8571428571428571,0.0,0.6666666666666666,0.5320257750571082,0.0,0.35993529098048394,0.9993331110370124,0.9847419820532544,0.0,0.9996666666666667,1.0,0.8172629689525619,0.8695516855683887,0.9218404021842155,1
5568,0.2642348862927465,0.5,0.9978798586572438,0.2575250836120402,0.375,1.0,0.0,0.6666666666666666,0.3414412425814002,0.5,0.6163165142548551,1.0,0.9940079556435044,0.0003333333333333333,1.0,1.0,0.7685643512482538,0.7851623525136497,0.8017603537790458,1
5569,0.19922756825999344,0.3,0.9992932862190813,0.10351487060641174,0.625,1.0,0.0,0.6666666666666666,0.1368890046609187,0.5,0.6611695014045953,1.0,0.993021596149758,0.0003333333333333333,1.0,1.0,0.8092808557152986,0.8710622431542123,0.9328436305931261,1
5570,0.30047091255250247,0.3,0.9943462897526502,0.10351487060641174,0.53125,1.0,0.0,0.6666666666666666,0.11749893212132945,0.0,0.33687580481996704,0.9986662220740247,0.9829974802357652,0.0,0.999,1.0,0.838723698892109,0.8922552320661749,0.9457867652402407,1
5571,0.0962971348699917,0.0,0.9717314487632509,0.10351487060641174,0.625,1.0,0.0,0.6666666666666666,0.0890841328175096,0.0,0.1948046315437052,0.9966655551850617,0.9799435011514231,0.0,0.9976666666666667,1.0,0.9817054130925571,0.9855472557276217,0.9893890983626864,1
5572,0.07546380153665833,0.0,0.9519434628975265,0.10351487060641174,0.46875,1.0,0.0,0.6666666666666666,0.07853582806760251,0.0,0.23511233071796567,0.9943314438146049,0.9667293810121378,0.0,0.9936666666666667,1.0,0.9592438764364591,0.9680672425215944,0.9768906086067295,1
5573,0.11949056811092829,0.1,0.984452296819788,0.10351487060641174,0.5625,1.0,0.0,0.6666666666666666,0.09193081432538608,0.0,0.29096549009135475,0.9973324441480493,0.97688274917226,0.0,0.9963333333333333,1.0,0.8290551544355097,0.8695523741138038,0.9100495937920979,1
5574,0.24966865925008053,0.5,0.9957597173144876,0.320855614973262,0.46875,0.8571428571428571,0.0,0.6666666666666666,0.4599148014794344,0.5,0.2809571039462885,0.9993331110370124,0.97261239293512,0.0006666666666666666,0.9993333333333333,1.0,0.7940099120420986,0.8396204338416633,0.8852309556412279,1
5575,0.2920595934794188,0.2,0.9738515901060071,0.10351487060641174,0.59375,1.0,0.0,0.6666666666666666,0.10024114372357684,0.3333333333333333,0.2677755410328301,0.9993331110370124,0.9935138796607667,0.0003333333333333333,0.9986666666666667,1.0,0.938690464251606,0.9590670769945555,0.9794436897375052,1
5576,0.4255378705154379,0.2,0.9908127208480565,0.10351487060641174,0.5625,1.0,0.0,0.6666666666666666,0.17229495978955045,0.5,0.5406801141207516,1.0,0.9880614835387226,0.0,0.9996666666666667,1.0,0.9077168188395646,0.9167279569093709,0.9257390949791772,1
5577,0.14832579538365553,0.1,0.995053003533569,0.10351487060641174,0.71875,1.0,0.0,0.6666666666666666,0.08483421364392307,0.0,0.3251107568304433,0.9993331110370124,0.9870367113006451,0.0,0.998,1.0,0.8526487875726781,0.8768605016299623,0.9010722156872465,1
5578,0.30047091255250247,0.2,0.9943462897526502,0.10351487060641174,0.53125,1.0,0.0,0.6666666666666666,0.10746613737565924,0.0,0.09950785471521517,0.9993331110370124,0.9907161698091981,0.0,0.9993333333333333,1.0,0.8490052112598209,0.9012136757718002,0.9534221402837796,1
5579,0.19321704634685477,0.1,0.984452296819788,0.10351487060641174,0.53125,1.0,0.0,0.6666666666666666,0.11079135198577417,0.0,0.27618933745316454,0.9976658886295432,0.9839672334203515,0.0,0.9976666666666667,1.0,0.8614431860513334,0.8854833293878919,0.9095234727244502,1
5580,0.08149498378676212,0.0,0.9787985865724381,0.10351487060641174,0.875,1.0,0.0,0.6666666666666666,0.08123770299798438,0.0,0.2685537601809994,0.9956652217405801,0.9830064813214578,0.0,0.994,1.0,0.8617536092159913,0.9051858182870443,0.9486180273580973,1
5581,0.07775953050387341,0.0,0.9703180212014134,0.10351487060641174,0.75,1.0,0.0,0.6666666666666666,0.09998813539044715,0.0,0.322798948802941,0.9949983327775925,0.9794594478020542,0.0,0.9966666666666667,1.0,0.9419628307821789,0.962518834499548,0.9830748382169171,1
5582,0.06374338553980785,0.0,0.9646643109540636,0.10351487060641174,0.59375,1.0,0.0,0.6666666666666666,0.07733266729570609,0.0,0.22098663254595396,0.9966655551850617,0.9795097535917917,0.0,0.9943333333333333,1.0,0.9007617229102545,0.9057903946832159,0.9108190664561773,1
5583,0.21014432737297617,0.1,0.9674911660777386,0.10351487060641174,0.4375,1.0,0.0,0.6666666666666666,0.09392131495213885,0.0,0.2491157728416663,0.9973324441480493,0.9874753887210144,0.0,0.995,1.0,0.8786450202028812,0.9210357838595944,0.9634265475163075,1
5584,0.1219789940368543,0.1,0.9731448763250884,0.10351487060641174,0.59375,1.0,0.0,0.6666666666666666,0.08411705072511522,0.0,0.4491669513064903,0.9986662220740247,0.9860227861389985,0.0,0.998,1.0,0.8572494421431615,0.9077693017278432,0.958289161312525,1
5585,0.06762227384288833,0.0,0.9371024734982332,0.10351487060641174,0.5625,1.0,0.0,0.6666666666666666,0.07857549563774235,0.0,0.06964461850289139,0.9869956652217405,0.9596119536007042,0.0,0.993,1.0,0.9358524014089632,0.9678210604763513,0.9997897195437395,1
5586,0.2736851982667883,0.1,0.9978798586572438,0.10351487060641174,0.5,1.0,0.0,0.6666666666666666,0.16627332724962818,0.0,0.2468359342405244,0.9983327775925308,0.9833341618519704,0.0,0.9986666666666667,1.0,0.8782341902838554,0.881467171237772,0.8847001521916886,1
5587,0.32974966950983087,0.2,0.9929328621908127,0.4035087719298246,0.59375,0.8571428571428571,0.0,0.6666666666666666,0.32446898961764736,0.0,0.16989192899825567,0.9993331110370124,0.9852372284660542,0.0,0.9996666666666667,1.0,0.8381536033618173,0.8892396604827031,0.9403257176035887,1
5588,0.09164841939276225,0.1,0.9795053003533569,0.10351487060641174,0.875,1.0,0.0,0.6666666666666666,0.08990747699449986,0.0,0.3278708747477088,0.9989996665555185,0.9888841174738069,0.0,0.997,1.0,0.9378000582987337,0.9457914463397532,0.9537828343807728,1
5589,0.09213046820332504,0.1,0.9717314487632509,0.10351487060641174,0.625,1.0,0.0,0.6666666666666666,0.0835476223436109,0.0,0.3284881786765552,0.9996665555185061,0.9945833704970679,0.0,0.9976666666666667,1.0,0.9952087882174362,0.9970628688779637,0.9989169495384912,1
5590,0.11915912871698897,0.0,0.9809187279151943,0.10351487060641174,0.78125,1.0,0.0,0.6666666666666666,0.0867151710176075,0.0,0.11642737264374303,0.9956652217405801,0.9771192730020697,0.0,0.9973333333333333,1.0,0.8489549737874028,0.8709297381270282,0.8929045024666536,1
5591,0.06374338553980785,0.0,0.9526501766784452,0.10351487060641174,0.5625,1.0,0.0,0.6666666666666666,0.07602536411948946,0.0,0.08375500040258277,0.9806602200733577,0.9547636543348307,0.0,0.988,1.0,0.9270441257077325,0.9315440970344586,0.9360440683611846,1
5592,0.21579325361013768,0.1,0.9738515901060071,0.10351487060641174,0.59375,1.0,0.0,0.6666666666666666,0.09810706693637239,0.0,0.387212675517865,0.9996665555185061,0.9919624906939012,0.0,0.998,1.0,0.940791957331526,0.9545782783610208,0.9683645993905157,1
5593,0.2179250985195441,0.4,0.9971731448763251,0.2575250836120402,0.625,1.0,0.0,0.6666666666666666,0.2233595320626266,0.0,0.27899311395488446,0.9993331110370124,0.9845538648811933,0.0,0.9996666666666667,1.0,0.7814821733556697,0.7971285570576689,0.812774940759668,1
5594,0.06374338553980785,0.0,0.9526501766784452,0.10351487060641174,0.5625,1.0,0.0,0.6666666666666666,0.07706888237481979,0.0,0.11437154253792381,0.9913304434811604,0.9684183031621645,0.0,0.9906666666666667,1.0,0.899755982914895,0.9073299442419467,0.9149039055689983,1
5595,0.23405451644860642,0.1,0.9908127208480565,0.10351487060641174,0.78125,1.0,0.0,0.6666666666666666,0.07958492508370407,0.0,0.4799008204946237,0.9993331110370124,0.9883820377085174,0.0,0.9993333333333333,1.0,0.8815302244043527,0.9168574111962351,0.9521845979881175,1
5596,0.2632040127856027,0.1,1.0,0.4035087719298246,0.46875,0.8571428571428571,0.0,0.6666666666666666,0.17110449233282043,0.0,0.3516394615072622,0.9986662220740247,0.9859373800776865,0.0,0.9976666666666667,1.0,0.8748631328645753,0.9012883416942146,0.9277135505238538,1
5597,0.4969664419440092,0.3,0.9964664310954063,0.10351487060641174,0.5,1.0,0.0,0.6666666666666666,0.2658508991817091,0.5,0.3910538621515174,0.9993331110370124,0.9916431973936402,0.0,0.9993333333333333,1.0,0.8821660583927492,0.8926970952739703,0.9032281321551914,1
5598,0.22775199544020308,0.2,0.9985865724381625,0.10351487060641174,0.75,1.0,0.0,0.6666666666666666,0.07958393945340925,0.5,0.6258726978453074,1.0,0.9950473861446881,0.0003333333333333333,0.9986666666666667,1.0,0.9216842660944132,0.9545625526179872,0.9874408391415611,1
5599,0.08297415477057701,0.0,0.9526501766784452,0.10351487060641174,0.5625,1.0,0.0,0.6666666666666666,0.0767642560425833,0.0,0.35547535585533396,0.9963321107035679,0.9798056080540624,0.0,0.9943333333333333,1.0,0.9293874730843424,0.9430526525102039,0.9567178319360653,1
5600,0.21757099996508988,0.1,0.9802120141342756,0.10351487060641174,0.625,1.0,0.0,0.6666666666666666,0.08012576461627174,0.0,0.27856263265396974,0.9973324441480493,0.9834212314973747,0.0,0.997,1.0,0.9121791451449043,0.9503814830833615,0.9885838210218186,1
5601,0.235426235007825,0.0,0.9703180212014134,0.10351487060641174,0.53125,1.0,0.0,0.6666666666666666,0.14189775896322665,0.0,0.19869638712615179,0.9949983327775925,0.9742248935103228,0.0,0.9986666666666667,1.0,0.8917411087868021,0.9002281177671532,0.9087151267475042,1
5602,0.22446704634685477,0.1,0.984452296819788,0.10351487060641174,0.53125,1.0,0.0,0.6666666666666666,0.10457089037511624,0.0,0.11119488331222838,0.9979993331110371,0.9828051630320097,0.0,0.9983333333333333,1.0,0.9002979345715354,0.9015809954642828,0.9028640563570303,1
5603,0.1890665361243964,0.2,0.9978798586572438,0.10351487060641174,0.90625,1.0,0.0,0.6666666666666666,0.10120303811573639,0.0,0.41211421614563726,0.9996665555185061,0.9839501967201563,0.0,0.9983333333333333,1.0,0.8385791008120458,0.8434194766039895,0.8482598523959332,1
5604,0.23405451644860642,0.1,0.9787985865724381,0.10351487060641174,0.6875,1.0,0.0,0.6666666666666666,0.08290027674183331,0.5,0.8175815793352514,1.0,0.9979221636446076,0.0003333333333333333,0.9973333333333333,1.0,0.90204883057223,0.9492351714284422,0.9964215122846543,1
5605,0.4006799159699833,0.2,0.9929328621908127,0.10351487060641174,0.5625,1.0,0.0,0.6666666666666666,0.1350007052253429,0.0,0.0792306341206166,0.9976658886295432,0.9816594334773671,0.0,0.998,1.0,0.8806155207638855,0.9402902976637445,0.9999650745636035,1
5606,0.27709290167449163,0.2,0.9985865724381625,0.10351487060641174,0.53125,1.0,0.0,0.6666666666666666,0.15847329875935046,0.0,0.380089465966447,0.9989996665555185,0.9818616214298574,0.0,0.999,1.0,0.885291520277774,0.8882154377176643,0.8911393551575546,1
5607,0.06762227384288833,0.0,0.9851590106007068,0.10351487060641174,0.6875,1.0,0.0,0.6666666666666666,0.07947450229703623,0.0,0.12655195454778279,0.9953317772590864,0.9727405332333554,0.0,0.9976666666666667,1.0,0.8938023201985389,0.9452886747586112,0.9967750293186836,1
5608,0.29296591754750745,0.4,0.9872791519434629,0.4035087719298246,0.375,0.8571428571428571,0.0,0.6666666666666666,0.22592757482087655,0.5,0.2606960341082766,0.9996665555185061,0.9859022878032372,0.0,0.9996666666666667,1.0,0.8613248007438115,0.8752684250284246,0.8892120493130379,1
5609,0.09925172130958149,0.0,0.9724381625441696,0.10351487060641174,0.53125,1.0,0.0,0.6666666666666666,0.08972969450486068,0.0,0.12797286307402234,0.9953317772590864,0.978470072494765,0.0,0.9966666666666667,1.0,0.8356443630133009,0.8699753450637444,0.9043063271141879,1
5610,0.09213046820332504,0.1,0.9371024734982332,0.10351487060641174,0.5625,1.0,0.0,0.6666666666666666,0.07761807846961355,0.5,0.44357357041474677,0.9996665555185061,0.9901153531534074,0.0003333333333333333,0.9926666666666667,1.0,0.9442199636930013,0.9643191994104099,0.9844184351278185,1
5611,0.07722018388377883,0.1,0.9915194346289753,0.10351487060641174,0.75,1.0,0.0,0.6666666666666666,0.10070978735683755,0.0,0.015667425471729723,0.9979993331110371,0.9798339375652055,0.0,0.9976666666666667,1.0,0.8132255018031667,0.868768948912388,0.9243123960216093,1
5612,0.0884556071762217,0.1,0.9371024734982332,0.10351487060641174,0.5625,1.0,0.0,0.6666666666666666,0.07868515891617245,0.0,0.32543760447123615,0.9969989996665555,0.9812198836397301,0.0,0.994,1.0,0.9180394947531972,0.9581947972355271,0.9983500997178572,1
5613,0.14378034083820102,0.2,0.9985865724381625,0.10351487060641174,0.78125,1.0,0.0,0.6666666666666666,0.07923417473304328,0.0,0.42390872594145135,0.9993331110370124,0.9908258831691132,0.0,0.9976666666666667,1.0,0.8788272223233705,0.9051194612376123,0.931411700151854,1
5614,0.19834023073432072,0.0,0.9787985865724381,0.10351487060641174,0.6875,1.0,0.0,0.6666666666666666,0.08710536522345691,0.0,0.07101791315753447,0.991997332444148,0.9671223674310857,0.0,0.9966666666666667,1.0,0.8919026703898747,0.9359918445909581,0.9800810187920413,1
5615,0.12105306811092831,0.1,0.9646643109540636,0.10351487060641174,0.59375,1.0,0.0,0.6666666666666666,0.07873999176294078,0.0,0.26509129089504313,0.9969989996665555,0.9817022926194572,0.0,0.9966666666666667,1.0,0.8863897153081629,0.896883882259047,0.9073780492099311,1
5616,0.07722018388377883,0.1,0.9915194346289753,0.10351487060641174,0.875,1.0,0.0,0.6666666666666666,0.08677810235110706,0.0,0.4293352694286683,0.9989996665555185,0.9812034377112812,0.0,0.9993333333333333,1.0,0.8413906064067695,0.8816257186384133,0.9218608308700572,1
5617,0.08149498378676212,0.0,0.976678445229682,0.10351487060641174,0.71875,1.0,0.0,0.6666666666666666,0.09432529949927881,0.0,0.20344402340621248,0.9966655551850617,0.9775315969596458,0.0,0.9966666666666667,1.0,0.8255140423375887,0.8984256025100527,0.9713371626825166,1
5618,0.5505378705154378,0.5,0.9964664310954063,0.10351487060641174,0.5,1.0,0.0,0.6666666666666666,0.3419815787501682,0.3333333333333333,0.5283688254649217,1.0,0.9867402238407136,0.0006666666666666666,1.0,1.0,0.8633185199886815,0.8822596496968376,0.9012007794049937,1
5619,0.10222018388377885,0.1,0.9681978798586572,0.10351487060641174,0.5,1.0,0.0,0.6666666666666666,0.1049979999181333,0.0,0.18885248515702135,0.9969989996665555,0.9758642093211833,0.0,0.9976666666666667,1.0,0.8072136814017701,0.8721113069222026,0.9370089324426353,1
5620,0.27687770795196165,0.4,0.992226148409894,0.10351487060641174,0.625,1.0,0.0,0.6666666666666666,0.21633811656519153,0.5,0.5469445869813038,1.0,0.9769948190257688,0.0,0.9993333333333333,1.0,0.7591665613424052,0.8260157208337131,0.8928648803250211,1
5621,0.47378602336761333,0.3,0.9865724381625441,0.2575250836120402,0.375,1.0,0.0,0.6666666666666666,0.27778514644129393,0.0,0.2068934950185064,0.9993331110370124,0.982940643691669,0.0,0.999,1.0,0.7403540412344933,0.8146447064197182,0.8889353716049431,1
5622,0.43628602336761335,0.1,0.9886925795053003,0.2575250836120402,0.6875,1.0,0.0,0.6666666666666666,0.23637282651458502,1.0,0.5652996127269035,1.0,0.9878396927998284,0.0003333333333333333,0.9993333333333333,1.0,0.7461247126810464,0.8486317941908048,0.9511388757005632,1
5623,0.22668844502003493,0.0,0.9674911660777386,0.10351487060641174,0.4375,1.0,0.0,0.6666666666666666,0.10322168923103925,0.0,0.3262328640330431,0.9963321107035679,0.9845345257053466,0.0,0.9943333333333333,1.0,0.885566750694255,0.9120330215506635,0.938499292407072,1
5624,0.09676329538365558,0.0,0.984452296819788,0.10351487060641174,0.5625,1.0,0.0,0.6666666666666666,0.10193562124338595,0.0,0.15423764540277418,0.9953317772590864,0.9779442535344279,0.0,0.9956666666666667,1.0,0.815980564321825,0.8502483276925148,0.8845160910632047,1
5625,0.09922756825999335,0.0,0.9681978798586572,0.10351487060641174,0.625,1.0,0.0,0.6666666666666666,0.09537757405725733,0.0,0.21551471990376503,0.9913304434811604,0.9628545709713605,0.0,0.995,1.0,0.8779850812846302,0.9046045105613899,0.9312239398381497,1
5626,0.2529247087562987,0.4,0.9992932862190813,0.10351487060641174,0.59375,1.0,0.0,0.6666666666666666,0.1996348357308605,0.0,0.26445202429462056,0.9993331110370124,0.9782813193264452,0.0,0.9996666666666667,1.0,0.8766296368199304,0.9234324969922041,0.9702353571644778,1
5627,0.451624827037177,0.4,0.9908127208480565,0.10351487060641174,0.4375,1.0,0.0,0.6666666666666666,0.23836828463751136,1.0,0.5123165565159765,1.0,0.9911758868879774,0.0,1.0,1.0,0.8667344732345327,0.8984579586196273,0.930181444004722,1
5628,0.08647065826708056,0.0,0.9526501766784452,0.10351487060641174,0.5625,1.0,0.0,0.6666666666666666,0.07682026537266251,0.0,0.22343016964704498,0.9879959986662221,0.9636501360817985,0.0,0.991,1.0,0.9117252082935419,0.9290096431404244,0.9462940779873071,1
5629,0.1742743048687505,0.1,0.9908127208480565,0.2575250836120402,0.34375,1.0,0.0,0.6666666666666666,0.1424925709706013,0.0,0.11936670110191183,0.9986662220740247,0.9795493277814193,0.0,0.997,1.0,0.7896253019220162,0.8214979207245798,0.8533705395271435,1
5630,0.09703403854877068,0.0,0.9681978798586572,0.10351487060641174,0.625,1.0,0.0,0.6666666666666666,0.08421805723113174,0.0,0.2026304094719621,0.9953317772590864,0.9764354145216628,0.0,0.9956666666666667,1.0,0.8937080960578129,0.9296526778241898,0.9655972595905667,1
5631,0.7594024902340801,1.0,1.0,0.8983050847457628,0.25,0.5714285714285714,0.0,0.6666666666666666,0.9613166289770009,1.0,0.7745633805731806,1.0,0.9804747863925305,0.033,1.0,1.0,0.7480980133683152,0.7624881217490772,0.7768782301298393,1
5632,0.09213046820332504,0.0,0.9717314487632509,0.10351487060641174,0.625,1.0,0.0,0.6666666666666666,0.08498939550271456,0.0,0.17871384865049145,0.9943314438146049,0.9822913896472104,0.0,0.9963333333333333,1.0,0.9954569895625694,0.9967739286421393,0.9980908677217091,1
5633,0.4321803825927325,0.3,0.9978798586572438,0.320855614973262,0.5,0.8571428571428571,0.0,0.6666666666666666,0.23324468153816147,0.0,0.32452381816322395,0.9983327775925308,0.9816545769318592,0.0,0.9993333333333333,1.0,0.8351079950577152,0.9164268080683295,0.9977456210789439,1
5634,0.08149498378676212,0.0,0.9787985865724381,0.10351487060641174,0.875,1.0,0.0,0.6666666666666666,0.07959018775189564,0.0,0.26971603540215083,0.9953317772590864,0.9812403844254131,0.0,0.9933333333333333,1.0,0.8725052440921944,0.9148362402640093,0.9571672364358242,1
5635,0.24053512586673476,0.1,0.9964664310954063,0.10351487060641174,0.5,1.0,0.0,0.6666666666666666,0.12858239343604028,0.0,0.2917774067223423,0.9983327775925308,0.982417082770607,0.0,0.9993333333333333,1.0,0.8566014208310605,0.8733598079241123,0.8901181950171642,1
5636,0.2749027307343207,0.2,0.9908127208480565,0.10351487060641174,0.5625,1.0,0.0,0.6666666666666666,0.143650821340774,0.0,0.0685654824815436,0.9973324441480493,0.9822056410753305,0.0,0.998,1.0,0.907132250164043,0.934526388296358,0.9619205264286731,1
5637,0.3422045371821044,0.1,0.992226148409894,0.10351487060641174,0.59375,1.0,0.0,0.6666666666666666,0.1409076716322929,0.0,0.24772544027418253,0.9989996665555185,0.985759676342915,0.0,0.999,1.0,0.9280303155629667,0.9281831906816493,0.928336065800332,1
5638,0.24352621251569717,0.1,0.9703180212014134,0.10351487060641174,0.53125,1.0,0.0,0.6666666666666666,0.1603574414466472,0.5,0.5408316657035379,1.0,0.9869536756290749,0.0003333333333333333,0.9993333333333333,1.0,0.8869001994401597,0.9407172786064038,0.9945343577726478,1
5639,0.08149498378676212,0.0,0.976678445229682,0.10351487060641174,0.71875,1.0,0.0,0.6666666666666666,0.08948231294926312,0.0,0.1859537549569723,0.9926642214071357,0.961126680863668,0.0,0.9966666666666667,1.0,0.8342493926600868,0.8963177238853874,0.9583860551106881,1
5640,0.24352621251569717,0.0,0.9703180212014134,0.10351487060641174,0.53125,1.0,0.0,0.6666666666666666,0.14638611098410093,0.0,0.21141357710623698,0.9966655551850617,0.9845155276345814,0.0,0.997,1.0,0.8924804462039216,0.943344972473525,0.9942094987431283,1
5641,0.08149498378676212,0.1,0.9787985865724381,0.10351487060641174,0.875,1.0,0.0,0.6666666666666666,0.08066572739818645,0.0,0.2391626847563193,0.9979993331110371,0.9830555059960309,0.0,0.9953333333333333,1.0,0.8672264731973118,0.9153073001177809,0.9633881270382502,1
5642,0.17186948470404395,0.2,0.9929328621908127,0.2575250836120402,0.46875,1.0,0.0,0.6666666666666666,0.14933849866757298,0.0,0.3191371334231201,0.9996665555185061,0.9898360371562557,0.0,0.999,1.0,0.7867227084425147,0.885380570791333,0.9840384331401514,1
5643,0.07546380153665833,0.0,0.9964664310954063,0.10351487060641174,0.5625,1.0,0.0,0.6666666666666666,0.08038408696428778,0.0,0.23414782450184313,0.9936645548516172,0.9713665731257899,0.0,0.993,1.0,0.9741669864504733,0.981001422773446,0.9878358590964187,1
5644,0.08078016857973047,0.1,0.9681978798586572,0.10351487060641174,0.625,1.0,0.0,0.6666666666666666,0.08151360267385654,0.0,0.24092009075473197,0.9983327775925308,0.984826717662007,0.0,0.996,1.0,0.8945035622708861,0.9388158221823015,0.9831280820937168,1
5645,0.22185385967074378,0.1,0.9858657243816255,0.10351487060641174,0.71875,1.0,0.0,0.6666666666666666,0.09068047608394725,0.0,0.2272150467198616,0.9989996665555185,0.9908641947958903,0.0,0.997,1.0,0.9405063513763288,0.9485061567417754,0.956505962107222,1
5646,0.11211889883193149,0.1,0.9929328621908127,0.2575250836120402,0.71875,1.0,0.0,0.6666666666666666,0.134259148968627,0.0,0.3165340510979435,0.9986662220740247,0.9839350295255972,0.0,0.9983333333333333,1.0,0.7804969707781455,0.8649367697797468,0.949376568781348,1
5647,0.19543844502003493,0.1,0.9674911660777386,0.10351487060641174,0.4375,1.0,0.0,0.6666666666666666,0.11413237211142602,0.5,0.4425188989256881,0.9993331110370124,0.9882441859237299,0.0,0.996,1.0,0.8756699182157132,0.9007394539759408,0.9258089897361683,1
5648,0.3422045371821044,0.1,0.992226148409894,0.10351487060641174,0.59375,1.0,0.0,0.6666666666666666,0.134859335393555,0.0,0.31577060593160766,0.9973324441480493,0.9803364303362159,0.0,0.999,1.0,0.9309399806287163,0.931683805726027,0.9324276308233377,1
5649,0.22446704634685477,0.1,0.984452296819788,0.10351487060641174,0.53125,1.0,0.0,0.6666666666666666,0.10411733578501148,0.0,0.1251060341850957,0.9983327775925308,0.984945898966338,0.0,0.998,1.0,0.8996622383963182,0.9017255754367326,0.9037889124771469,1
5650,0.12702949908735928,0.2,0.995053003533569,0.10351487060641174,0.71875,1.0,0.0,0.6666666666666666,0.08036565014484753,0.0,0.355597034338231,0.9979993331110371,0.9876604537228723,0.0,0.9986666666666667,1.0,0.8719215849262989,0.9055844709529361,0.9392473569795735,1
5651,0.09676329538365558,0.1,0.9696113074204947,0.10351487060641174,0.46875,1.0,0.0,0.6666666666666666,0.10793175769959651,0.0,0.2854889575792684,0.9979993331110371,0.9759423295151025,0.0,0.998,1.0,0.8095972195375422,0.8949139772761832,0.9802307350148242,1
5652,0.4707900780560942,0.1,0.9992932862190813,0.10351487060641174,0.5625,1.0,0.0,0.6666666666666666,0.23372487922210006,0.3333333333333333,0.5678983100683237,1.0,0.9913926118411562,0.0003333333333333333,0.9983333333333333,1.0,0.8324301671214571,0.855940800991835,0.8794514348622128,1
5653,0.11395760366252272,0.2,0.9731448763250884,0.10351487060641174,0.59375,1.0,0.0,0.6666666666666666,0.0837438514232286,0.0,0.3598614136310109,0.9989996665555185,0.9910779378078121,0.0,0.9973333333333333,1.0,0.8628917147338854,0.9153290612450261,0.9677664077561668,1
5654,0.2796375792191692,0.3,0.9992932862190813,0.10351487060641174,0.40625,1.0,0.0,0.6666666666666666,0.15789926247268238,0.0,0.309617576238743,0.9996665555185061,0.9857516879183907,0.0,0.9993333333333333,1.0,0.8242031892392037,0.8713378213841156,0.9184724535290275,1
5655,0.10717129520975577,0.1,0.9901060070671378,0.10351487060641174,0.9375,1.0,0.0,0.6666666666666666,0.08280660117879945,0.0,0.26036479512999633,0.9989996665555185,0.9897855729605204,0.0,0.999,1.0,0.9667178189769022,0.9719990811602304,0.9772803433435585,1
5656,0.6255378705154377,0.7,0.9985865724381625,0.4035087719298246,0.34375,0.8571428571428571,0.0,0.6666666666666666,0.6143557504840838,1.0,0.8619829456038162,1.0,0.995491555370468,0.0013333333333333333,1.0,1.0,0.8431118329977907,0.8630154722179894,0.882919111438188,1
5657,0.1055373082816512,0.1,0.9795053003533569,0.10351487060641174,0.875,1.0,0.0,0.6666666666666666,0.09478994752158121,0.0,0.23635255050121518,0.9976658886295432,0.9845106490239065,0.0,0.9966666666666667,1.0,0.9379798514645465,0.9640373133037923,0.9900947751430379,1
5658,0.22668844502003493,0.0,0.9858657243816255,0.10351487060641174,0.6875,1.0,0.0,0.6666666666666666,0.08921024115389697,0.0,0.22200191599954544,0.995998666222074,0.9779535680744806,0.0,0.998,1.0,0.8742203410714229,0.9287304997263471,0.9832406583812714,1
5659,0.15231885093921116,0.1,0.9936395759717315,0.2575250836120402,0.84375,1.0,0.0,0.6666666666666666,0.11738943403807123,0.0,0.3306783961525307,0.9986662220740247,0.9839701907885198,0.0,0.9986666666666667,1.0,0.7928889753640284,0.8695718898057568,0.9462548042474853,1
5660,0.6172045371821044,0.9,1.0,0.8064516129032258,0.3125,0.8571428571428571,0.0,0.6666666666666666,0.9031659944347579,1.0,0.6949974803738647,1.0,0.982509147301071,0.0026666666666666666,1.0,1.0,0.8102090176808671,0.8241252359497308,0.8380414542185944,1
5661,0.19912658694347096,0.0,0.9519434628975265,0.10351487060641174,0.46875,1.0,0.0,0.6666666666666666,0.08067301220568046,0.0,0.05315280600563155,0.9886628876292097,0.9619984285441091,0.0,0.99,1.0,0.9474595221957062,0.9726119624728405,0.9977644027499749,1
5662,0.19834023073432072,0.0,0.9724381625441696,0.10351487060641174,0.53125,1.0,0.0,0.6666666666666666,0.0786836762704044,0.0,0.28954261360779177,0.9939979993331111,0.9751646773350988,0.0,0.9966666666666667,1.0,0.8831164610736294,0.9043155132835172,0.9255145654934049,1
5663,0.3552253705154379,0.2,1.0,0.320855614973262,0.34375,0.8571428571428571,0.0,0.6666666666666666,0.15925698430100432,0.5,0.36110060876871597,0.9993331110370124,0.987182559674859,0.0,0.998,1.0,0.8619675810418617,0.9279755648514949,0.9939835486611283,1
5664,0.13918729147906983,0.3,0.995053003533569,0.10351487060641174,0.875,1.0,0.0,0.6666666666666666,0.08074360978678896,0.6666666666666666,0.3411825892264013,0.9996665555185061,0.9935537042817155,0.0003333333333333333,0.9996666666666667,1.0,0.8709289927809429,0.92384640910156,0.9767638254221771,1
5665,0.5319011891672053,0.5,0.9985865724381625,0.4035087719298246,0.53125,0.8571428571428571,0.0,0.6666666666666666,0.48440128251573233,0.5,0.34421832585836354,0.9993331110370124,0.9920040132586038,0.0,1.0,1.0,0.7958378037436268,0.8265698207172364,0.857301837690846,1
5666,0.1219789940368543,0.2,0.9731448763250884,0.10351487060641174,0.59375,1.0,0.0,0.6666666666666666,0.08340663617111632,0.0,0.1867109756461942,0.9979993331110371,0.9871991969106243,0.0,0.998,1.0,0.8578181036426296,0.9037406315235592,0.9496631594044888,1
5667,0.24053512586673476,0.1,0.9809187279151943,0.10351487060641174,0.46875,1.0,0.0,0.6666666666666666,0.1337731112545869,0.0,0.08968728615672339,0.9986662220740247,0.9860988962620267,0.0,0.9983333333333333,1.0,0.8637909795620407,0.8725130338260595,0.8812350880900783,1
5668,0.29296591754750745,0.3,0.9872791519434629,0.4035087719298246,0.375,0.8571428571428571,0.0,0.6666666666666666,0.2250647851962433,0.0,0.22390164385118494,0.9996665555185061,0.9828224701094913,0.0,0.9996666666666667,1.0,0.8620248279337338,0.8744053242634493,0.8867858205931648,1
5669,0.13149498378676217,0.2,0.9915194346289753,0.10351487060641174,0.875,1.0,0.0,0.6666666666666666,0.08700961893216241,0.3333333333333333,0.7224734841107201,1.0,0.9968463412035216,0.0003333333333333333,0.999,1.0,0.8425389051246353,0.8766996851332831,0.9108604651419311,1
5670,0.19912658694347096,0.0,0.9519434628975265,0.10351487060641174,0.46875,1.0,0.0,0.6666666666666666,0.08715834612602935,0.0,0.048819603102572384,0.9836612204068023,0.9599296013242824,0.0,0.9906666666666667,1.0,0.9583626293835849,0.9641375427778752,0.9699124561721656,1
5671,0.11942619717054004,0.0,0.9703180212014134,0.10351487060641174,0.75,1.0,0.0,0.6666666666666666,0.09448304735210555,0.0,0.15726609910198697,0.9939979993331111,0.9777297900222001,0.0,0.9963333333333333,1.0,0.9549858361737068,0.9715983050177739,0.988210773861841,1
5672,0.08297415477057701,0.1,0.9809187279151943,0.10351487060641174,0.59375,1.0,0.0,0.6666666666666666,0.07678225452128595,0.0,0.13904208500414283,0.9973324441480493,0.9856706399872649,0.0,0.9963333333333333,1.0,0.9375045857231821,0.9479008630053687,0.9582971402875553,1
5673,0.19321704634685477,0.1,0.9879858657243816,0.10351487060641174,0.5625,1.0,0.0,0.6666666666666666,0.12795285338875784,0.0,0.13420698947332843,0.9969989996665555,0.9738018010371173,0.0,0.999,1.0,0.8426783286007253,0.8718509004642607,0.9010234723277962,1
5674,0.14649652709097272,0.0,0.9908127208480565,0.2575250836120402,0.34375,1.0,0.0,0.6666666666666666,0.14841664706218094,0.0,0.16335892603753221,0.9953317772590864,0.9561620574661759,0.0,0.9976666666666667,1.0,0.7823761834175315,0.8223103974530963,0.8622446114886613,1
5675,0.10324157931443612,0.1,0.9717314487632509,0.10351487060641174,0.59375,1.0,0.0,0.6666666666666666,0.07777642305355292,0.0,0.3841085077944346,0.9983327775925308,0.9884208641571783,0.0,0.9936666666666667,1.0,0.9570719951891244,0.9669452573270485,0.9768185194649726,1
5676,0.41545269003428,0.2,0.995053003533569,0.2575250836120402,0.71875,1.0,0.0,0.6666666666666666,0.27513288974750916,0.3333333333333333,0.2118634000122176,0.9986662220740247,0.9751088838091748,0.0,0.999,1.0,0.7414286502903732,0.8570005557372546,0.9725724611841361,1
5677,0.12702949908735928,0.3,0.995053003533569,0.10351487060641174,0.71875,1.0,0.0,0.6666666666666666,0.08098356048005562,0.0,0.28799988595968273,0.9979993331110371,0.9832549492832051,0.0,0.9986666666666667,1.0,0.8678259117344829,0.9027635991891051,0.9377012866437273,1
5678,0.4391248270371769,0.4,0.9957597173144876,0.320855614973262,0.375,0.8571428571428571,0.0,0.6666666666666666,0.4881111692201813,0.0,0.3743864315574289,0.9979993331110371,0.9734817720805423,0.0,1.0,1.0,0.8340247664568322,0.8694934195695716,0.9049620726823109,1
5679,0.1217632953836556,0.1,0.995053003533569,0.2575250836120402,0.40625,1.0,0.0,0.6666666666666666,0.11224015720413238,0.3333333333333333,0.694600100110607,1.0,0.9969137278598965,0.0003333333333333333,0.9983333333333333,1.0,0.7997130560430404,0.8477626945862391,0.8958123331294379,1
5680,0.07546380153665833,0.0,0.9809187279151943,0.10351487060641174,0.59375,1.0,0.0,0.6666666666666666,0.07700029990514035,0.0,0.11016991649244834,0.9846615538512837,0.9617516685590608,0.0,0.993,1.0,0.9559733405233094,0.9571295682646894,0.9582857960060694,1
5681,0.06374338553980785,0.0,0.9526501766784452,0.10351487060641174,0.5625,1.0,0.0,0.6666666666666666,0.07700604816118739,0.0,0.1835112467425256,0.9956652217405801,0.9758403997185152,0.0,0.99,1.0,0.8966243759645875,0.9095646444861871,0.9225049130077866,1
5682,0.11848249054035076,0.0,0.9886925795053003,0.10351487060641174,0.71875,1.0,0.0,0.6666666666666666,0.09229951163003525,0.0,0.1504586642279956,0.9953317772590864,0.9769011450998825,0.0,0.9966666666666667,1.0,0.8319890675700976,0.8972066323959769,0.9624241972218562,1
5683,0.2632040127856027,0.0,0.992226148409894,0.10351487060641174,0.6875,1.0,0.0,0.6666666666666666,0.1013378444868901,0.0,0.2510148710773028,0.9949983327775925,0.9788262702614847,0.0,0.9973333333333333,1.0,0.8966706964054257,0.9173662179294955,0.9380617394535652,1
5684,0.41233911275146273,0.3,0.9858657243816255,0.320855614973262,0.28125,0.8571428571428571,0.0,0.6666666666666666,0.21817000388542784,1.0,0.5071997784399938,1.0,0.9865599949575329,0.0,0.999,1.0,0.8462554801440652,0.913223434242241,0.9801913883404169,1
5685,0.4766248270371769,0.2,0.9957597173144876,0.320855614973262,0.375,0.8571428571428571,0.0,0.6666666666666666,0.31293938814723776,0.3333333333333333,0.44001595926225046,0.9996665555185061,0.986595359023734,0.0,0.9996666666666667,1.0,0.8447856898305603,0.8892063190385139,0.9336269482464674,1
5686,0.22446704634685477,0.1,0.984452296819788,0.10351487060641174,0.53125,1.0,0.0,0.6666666666666666,0.10190543706595667,0.5,0.507781273448696,1.0,0.9918760772228362,0.0,0.9973333333333333,1.0,0.893521440163569,0.9014982496118317,0.9094750590600943,1
5687,0.22668844502003493,0.2,1.0,0.10351487060641174,0.75,1.0,0.0,0.6666666666666666,0.0969926775758726,0.3333333333333333,0.3824811309449264,0.9996665555185061,0.9966605834547833,0.0003333333333333333,0.9983333333333333,1.0,0.8879706000382485,0.9192245344686676,0.9504784688990868,1
5688,0.08078016857973047,0.1,0.9681978798586572,0.10351487060641174,0.625,1.0,0.0,0.6666666666666666,0.08081825640686857,0.0,0.22945913641137405,0.9979993331110371,0.9837137648935577,0.0,0.9976666666666667,1.0,0.8985918825185965,0.942354296409176,0.9861167102997557,1
5689,0.22153734611893605,0.1,0.9858657243816255,0.10351487060641174,0.65625,1.0,0.0,0.6666666666666666,0.10058015072681226,0.0,0.06821526539032186,0.9969989996665555,0.980904739637395,0.0,0.998,1.0,0.9199025236761579,0.9272285449289286,0.9345545661816994,1
5690,0.32811440705066697,0.4,0.9992932862190813,0.8591549295774648,0.25,0.2857142857142857,0.0,0.6666666666666666,0.6380730418666622,0.5,0.44984592027999937,0.9996665555185061,0.9861579711485451,0.0003333333333333333,0.999,1.0,0.7739165117747911,0.8630419783568174,0.9521674449388436,1
5691,0.09676329538365558,0.0,0.984452296819788,0.10351487060641174,0.5625,1.0,0.0,0.6666666666666666,0.10291318022947182,0.0,0.1624164242767112,0.9913304434811604,0.9617210042345887,0.0,0.9956666666666667,1.0,0.8183661677153029,0.8463461190445366,0.8743260703737703,1
5692,0.7674689926971343,0.8,1.0,0.9924012158054711,0.46875,0.2857142857142857,0.0,0.6666666666666666,0.9289549118849584,1.0,0.8134290095085968,1.0,0.992386673770467,0.0013333333333333333,1.0,1.0,0.7655792993766939,0.8071011946930513,0.8486230900094087,1
5693,0.07936838553980785,0.0,0.9371024734982332,0.10351487060641174,0.5625,1.0,0.0,0.6666666666666666,0.075892883879765,0.0,0.17282883343867916,0.9836612204068023,0.9579288182110166,0.0,0.987,1.0,0.9318020847049437,0.9318714737451083,0.9319408627852728,1
5694,0.4061527307343207,0.2,0.9943462897526502,0.4035087719298246,0.46875,0.8571428571428571,0.0,0.6666666666666666,0.3463861874394156,0.0,0.32373933676847266,0.9986662220740247,0.9859524085593042,0.0,0.9993333333333333,1.0,0.8447839064819437,0.9073361026209591,0.9698882987599745,1
5695,0.4006799159699833,0.0,0.9978798586572438,0.10351487060641174,0.59375,1.0,0.0,0.6666666666666666,0.1400741932814531,0.0,0.26032187601765755,0.9956652217405801,0.9778450674448966,0.0,0.9973333333333333,1.0,0.8739487158905983,0.9333104285550877,0.9926721412195771,1
5696,0.1261035731614334,0.2,0.984452296819788,0.10351487060641174,0.59375,1.0,0.0,0.6666666666666666,0.07905074873941509,0.0,0.24569276830666598,0.9993331110370124,0.9900360042372667,0.0,0.999,1.0,0.8920458095499882,0.8927040587986976,0.8933623080474069,1
5697,0.28245992027680433,0.2,0.9908127208480565,0.10351487060641174,0.6875,1.0,0.0,0.6666666666666666,0.10195908984409108,0.5,0.38239129208516287,0.9996665555185061,0.9895930446637488,0.0,0.9996666666666667,1.0,0.9311579433884797,0.9396253911477579,0.9480928389070362,1
5698,0.10705889356119824,0.1,0.9915194346289753,0.10351487060641174,0.6875,1.0,0.0,0.6666666666666666,0.17034657834754885,0.0,0.2241680392364015,0.9976658886295432,0.9605059981768728,0.0,0.999,1.0,0.7769538981826846,0.8771591452155979,0.9773643922485112,1
5699,0.37605870384877116,0.1,0.9879858657243816,0.10351487060641174,0.5,1.0,0.0,0.6666666666666666,0.10468712595024177,0.0,0.13269961590964152,0.9969989996665555,0.9799726798746182,0.0,0.998,1.0,0.9046574286802844,0.9337256446353526,0.9627938605904207,1
5700,0.09676329538365558,0.2,0.9992932862190813,0.2575250836120402,0.5625,1.0,0.0,0.6666666666666666,0.10908331914943858,0.0,0.24250801870857586,0.9976658886295432,0.9795827060159977,0.0,0.9986666666666667,1.0,0.8059998266208905,0.8891033472286854,0.9722068678364804,1
5701,0.28245992027680433,0.3,0.9858657243816255,0.10351487060641174,0.65625,1.0,0.0,0.6666666666666666,0.09908507021245394,0.5,0.5277685362684145,1.0,0.9953996845274915,0.0003333333333333333,0.9993333333333333,1.0,0.9363608686103135,0.9408577373532976,0.9453546060962816,1
5702,0.07546380153665833,0.0,0.9809187279151943,0.10351487060641174,0.59375,1.0,0.0,0.6666666666666666,0.07724911662451073,0.0,0.12044828672779073,0.9903301100366789,0.9695849615874378,0.0,0.9923333333333333,1.0,0.958930791795106,0.9599380302493402,0.9609452687035744,1
5703,0.25406939740098733,0.2,0.9978798586572438,0.10351487060641174,0.71875,1.0,0.0,0.6666666666666666,0.13043634689740535,0.0,0.14704906502356974,0.9973324441480493,0.9789375633198748,0.0,0.9983333333333333,1.0,0.8984573303072767,0.9269266188409706,0.9553959073746644,1
5704,0.22690436472124875,0.1,0.9858657243816255,0.10351487060641174,0.71875,1.0,0.0,0.6666666666666666,0.09103128191544974,0.0,0.20531193679918525,0.9969989996665555,0.986236520225857,0.0,0.9916666666666667,1.0,0.9490678554435978,0.9524502426459691,0.9558326298483405,1
5705,0.2261180085120985,0.1,1.0,0.10351487060641174,0.625,1.0,0.0,0.6666666666666666,0.08959590967488273,0.3333333333333333,0.8647143725647577,1.0,0.9989427854150574,0.0003333333333333333,0.9993333333333333,1.0,0.9093667013513088,0.9365145963696214,0.963662491387934,1
5706,0.12267472933832435,0.2,0.9915194346289753,0.10351487060641174,0.75,1.0,0.0,0.6666666666666666,0.09991505021434488,0.5,0.5861087396247664,1.0,0.9962800731774264,0.0003333333333333333,0.9983333333333333,1.0,0.8172490933348922,0.8979252624236023,0.9786014315123124,1
5707,0.29352646810805805,0.2,0.9936395759717315,0.10351487060641174,0.78125,1.0,0.0,0.6666666666666666,0.10496998973827332,0.0,0.38491064102716177,0.9996665555185061,0.9950547853319976,0.0,0.9996666666666667,1.0,0.8352516630940046,0.9048230116402437,0.9743943601864828,1
5708,0.06374338553980785,0.0,0.9526501766784452,0.10351487060641174,0.5625,1.0,0.0,0.6666666666666666,0.07642721162539434,0.0,0.13962669906123693,0.9879959986662221,0.9611916482772558,0.0,0.99,1.0,0.9167363291231275,0.9287954480216714,0.9408545669202152,1
5709,0.2702006657962619,0.4,0.9964664310954063,0.2575250836120402,0.46875,1.0,0.0,0.6666666666666666,0.35315223663256556,0.0,0.2817095630863006,0.9989996665555185,0.9682028978481865,0.0,0.9996666666666667,1.0,0.7444269779770757,0.7889907001241603,0.8335544222712448,1
5710,0.2749027307343207,0.2,0.9908127208480565,0.10351487060641174,0.5625,1.0,0.0,0.6666666666666666,0.14639537599270014,0.0,0.31175622726992636,0.9989996665555185,0.9876036703413539,0.0,0.9986666666666667,1.0,0.9070160802572877,0.9322944460483666,0.9575728118394454,1
5711,0.1218694847040439,0.0,0.9696113074204947,0.10351487060641174,0.46875,1.0,0.0,0.6666666666666666,0.11993147337038268,0.0,0.1778390805861243,0.9939979993331111,0.9711640796687835,0.0,0.9963333333333333,1.0,0.8120451774252354,0.8948958177805766,0.9777464581359177,1
5712,0.3968920371821044,0.2,0.9908127208480565,0.10351487060641174,0.4375,1.0,0.0,0.6666666666666666,0.18441894647727575,0.0,0.25209813731264863,0.9976658886295432,0.9753954121735118,0.0,0.9986666666666667,1.0,0.8681571201302647,0.9143543320187909,0.9605515439073171,1
5713,0.10717129520975577,0.2,0.995053003533569,0.10351487060641174,0.75,1.0,0.0,0.6666666666666666,0.08209810180133781,0.6666666666666666,0.5687477344816134,1.0,0.9930010423600386,0.0,0.9993333333333333,1.0,0.9707286765456533,0.9780675412932949,0.9854064060409365,1
5714,0.08297415477057701,0.0,0.9809187279151943,0.10351487060641174,0.59375,1.0,0.0,0.6666666666666666,0.07702943646846916,0.0,0.2036266315650972,0.9953317772590864,0.9823453964704179,0.0,0.996,1.0,0.9385808353829148,0.9504155190024561,0.9622502026219975,1
5715,0.14649652709097272,0.0,0.9908127208480565,0.2575250836120402,0.34375,1.0,0.0,0.6666666666666666,0.159859809908519,0.0,0.24157811768412396,0.9963321107035679,0.9640370450369439,0.0,0.9983333333333333,1.0,0.7775849901256853,0.818746698926425,0.8599084077271648,1
5716,0.1218694847040439,0.0,0.9915194346289753,0.10351487060641174,0.40625,1.0,0.0,0.6666666666666666,0.12856621936717982,0.0,0.28922629421580504,0.9963321107035679,0.9746304173747709,0.0,0.9966666666666667,1.0,0.8136385568768115,0.8867790629886756,0.9599195691005395,1
5717,0.24886106406765407,0.1,0.992226148409894,0.4035087719298246,0.4375,0.8571428571428571,0.0,0.6666666666666666,0.2078758912746731,0.0,0.3659183208065737,0.9983327775925308,0.9863477635464655,0.0,0.9983333333333333,1.0,0.8652008904334779,0.9259742334143659,0.9867475763952538,1
5718,0.43855870384877116,0.2,0.9809187279151943,0.10351487060641174,0.46875,1.0,0.0,0.6666666666666666,0.13322309175022107,0.0,0.31102397263263726,0.9986662220740247,0.9861660523312697,0.0,0.9993333333333333,1.0,0.8683212165312851,0.903778589007124,0.939235961482963,1
5719,0.2796375792191692,0.3,0.9978798586572438,0.10351487060641174,0.53125,1.0,0.0,0.6666666666666666,0.18682741812635184,0.0,0.38738974346745736,0.9989996665555185,0.984164337091861,0.0,0.9993333333333333,1.0,0.82735615020649,0.8635238085105923,0.8996914668146946,1
5720,0.09703403854877068,0.0,0.9681978798586572,0.10351487060641174,0.625,1.0,0.0,0.6666666666666666,0.08495595338515427,0.0,0.22995719026681372,0.9933311103701233,0.9732890339173673,0.0,0.9946666666666667,1.0,0.8883761201173515,0.9265636454343145,0.9647511707512776,1
5721,0.24966865925008053,0.3,0.9957597173144876,0.320855614973262,0.46875,0.8571428571428571,0.0,0.6666666666666666,0.38984126405851327,0.5,0.35428855195669207,0.9993331110370124,0.9752145170352027,0.0,0.9993333333333333,1.0,0.8023273339962935,0.8437868167274867,0.8852462994586799,1
5722,0.1055373082816512,0.3,0.9978798586572438,0.10351487060641174,0.53125,1.0,0.0,0.6666666666666666,0.10254321034362546,0.5,0.5526022048352401,1.0,0.9939785418467773,0.0003333333333333333,0.9993333333333333,1.0,0.9537128139210866,0.9591295049238928,0.9645461959266991,1
5723,0.14144748850534872,0.2,0.9978798586572438,0.2575250836120402,0.375,1.0,0.0,0.6666666666666666,0.13143461656969302,0.0,0.39046542807010987,0.9993331110370124,0.9760164277196296,0.0,0.9983333333333333,1.0,0.8054915126628835,0.82274573783688,0.8399999630108764,1
5724,0.1746188988319315,0.2,0.9929328621908127,0.2575250836120402,0.71875,1.0,0.0,0.6666666666666666,0.1401981224562069,0.0,0.1982743147299063,0.9993331110370124,0.9839775469195522,0.0,0.9996666666666667,1.0,0.7801611740116922,0.8760586191031898,0.9719560641946874,1
5725,0.12702949908735928,0.1,0.9915194346289753,0.10351487060641174,0.625,1.0,0.0,0.6666666666666666,0.09089331244354282,0.0,0.14154108075985106,0.9969989996665555,0.9849891485725358,0.0,0.996,1.0,0.8310611362746326,0.8850341531804862,0.9390071700863396,1
5726,0.5922045371821045,0.6,0.9992932862190813,0.8064516129032258,0.3125,0.8571428571428571,0.0,0.6666666666666666,0.5999512980404795,0.0,0.4265144242428818,0.9996665555185061,0.9768064746982771,0.0,1.0,1.0,0.8598160934264897,0.8599498538477042,0.8600836142689187,1
5727,0.06374338553980785,0.0,0.9371024734982332,0.10351487060641174,0.5625,1.0,0.0,0.6666666666666666,0.07606246303105046,0.0,0.08717933346693463,0.9966655551850617,0.9776561662673253,0.0,0.988,1.0,0.9223019559960451,0.9393592268843656,0.9564164977726859,1
5728,0.06374338553980785,0.0,0.9371024734982332,0.10351487060641174,0.5625,1.0,0.0,0.6666666666666666,0.07648671233161397,0.0,0.2358496830336465,0.9943314438146049,0.9779086167789612,0.0,0.992,1.0,0.9505732292556924,0.950821648575859,0.9510700678960257,1
5729,0.4130578086534047,0.5,0.9971731448763251,0.2575250836120402,0.625,1.0,0.0,0.6666666666666666,0.29659224889132074,1.0,0.7885258199112174,1.0,0.9948731849553286,0.0006666666666666666,1.0,1.0,0.7663749005679423,0.7881486929804418,0.8099224853929411,1
5730,0.06374338553980785,0.0,0.984452296819788,0.10351487060641174,0.59375,1.0,0.0,0.6666666666666666,0.08001725563669881,0.0,0.13340237935852162,0.9926642214071357,0.9644954088978336,0.0,0.996,1.0,0.8750990763720705,0.8902665779961021,0.9054340796201338,1
5731,0.17186948470404395,0.1,0.9915194346289753,0.2575250836120402,0.4375,1.0,0.0,0.6666666666666666,0.14828249355166734,1.0,0.5263974858117755,1.0,0.9878010674322125,0.0,0.9996666666666667,1.0,0.7970167591085731,0.8795712933274085,0.9621258275462439,1
5732,0.11949056811092829,0.1,0.995053003533569,0.10351487060641174,0.71875,1.0,0.0,0.6666666666666666,0.0900694771609648,0.0,0.13333579109715832,0.9976658886295432,0.9841767091314821,0.0,0.9966666666666667,1.0,0.8359440746579365,0.8675452635706355,0.8991464524833345,1
5733,0.21244781557762393,0.3,0.9985865724381625,0.10351487060641174,0.5625,1.0,0.0,0.6666666666666666,0.10099394933147188,0.5,0.44192373727928014,0.9996665555185061,0.9960096253654467,0.0003333333333333333,0.9993333333333333,1.0,0.9065636233234295,0.9133129679741738,0.920062312624918,1
5734,0.10927276156453991,0.1,0.9787985865724381,0.10351487060641174,0.875,1.0,0.0,0.6666666666666666,0.08157624040204181,0.0,0.373197280915185,0.9986662220740247,0.9914411268719882,0.0,0.9926666666666667,1.0,0.8604859284593076,0.9065189849415594,0.9525520414238112,1
5735,0.1055373082816512,0.1,0.9703180212014134,0.10351487060641174,0.75,1.0,0.0,0.6666666666666666,0.0957259580194132,0.0,0.22757311003071834,0.9979993331110371,0.9852513719791101,0.0,0.9966666666666667,1.0,0.9582890335764628,0.9693148368860025,0.9803406401955421,1
5736,0.09676329538365558,0.0,0.9915194346289753,0.10351487060641174,0.78125,1.0,0.0,0.6666666666666666,0.10669982447073834,0.0,0.13943473194693035,0.9926642214071357,0.9622570856465616,0.0,0.996,1.0,0.8150186732622441,0.8421251377870335,0.8692316023118228,1
5737,0.3422045371821044,0.0,0.9703180212014134,0.10351487060641174,0.75,1.0,0.0,0.6666666666666666,0.11076348957216064,0.0,0.19832997314441403,0.9956652217405801,0.976515003786716,0.0,0.9983333333333333,1.0,0.9296296997900347,0.9490989856210295,0.9685682714520241,1
5738,0.07936838553980785,0.1,0.9809187279151943,0.10351487060641174,0.59375,1.0,0.0,0.6666666666666666,0.07646785279917989,0.5,0.471023345713938,0.9996665555185061,0.9970118352192728,0.0003333333333333333,0.9946666666666667,1.0,0.9408973074246295,0.9466796202523768,0.9524619330801241,1
5739,0.1903922268945315,0.4,0.9992932862190813,0.10351487060641174,0.84375,1.0,0.0,0.6666666666666666,0.09776614227894298,0.6666666666666666,0.5720093578469234,1.0,0.988153330217695,0.0003333333333333333,0.9996666666666667,1.0,0.8308377313286575,0.9070742877016025,0.9833108440745476,1
5740,0.10879713486999165,0.2,0.9717314487632509,0.10351487060641174,0.59375,1.0,0.0,0.6666666666666666,0.08643307086572138,0.0,0.45968830316827614,0.9989996665555185,0.9867771187121978,0.0,0.998,1.0,0.9845154332839421,0.9894437998838799,0.9943721664838178,1
5741,0.07722018388377883,0.1,0.9681978798586572,0.10351487060641174,0.5,1.0,0.0,0.6666666666666666,0.11266594190920853,0.0,0.21224563520232853,0.9979993331110371,0.977495366960601,0.0,0.9973333333333333,1.0,0.8009856192162266,0.8858105375597489,0.9706354559032714,1
5742,0.11848249054035076,0.3,0.9915194346289753,0.10351487060641174,0.625,1.0,0.0,0.6666666666666666,0.08519315402918504,0.0,0.4077482342495997,0.9996665555185061,0.9879904597825361,0.0,0.999,1.0,0.8485580601415474,0.8944243437277041,0.9402906273138607,1
5743,0.23804375637534636,0.1,0.9738515901060071,0.10351487060641174,0.59375,1.0,0.0,0.6666666666666666,0.10063360536753008,0.0,0.3775925290016222,0.9986662220740247,0.9868065631833156,0.0,0.9983333333333333,1.0,0.9543197593228989,0.9649858012065322,0.9756518430901655,1
5744,0.1349660070238673,0.3,1.0,0.10351487060641174,0.84375,1.0,0.0,0.6666666666666666,0.10342374695208145,0.5,0.5374981502207344,1.0,0.9935561007993641,0.0,1.0,1.0,0.8422965917150952,0.9058186796594283,0.9693407676037615,1
5745,0.06762227384288833,0.0,0.9371024734982332,0.10351487060641174,0.5625,1.0,0.0,0.6666666666666666,0.07685510570481435,0.0,0.1423065387528415,0.9946648882960987,0.9755190295254651,0.0,0.994,1.0,0.9236541129882319,0.9502155686092604,0.9767770242302889,1
5746,0.09925172130958149,0.2,0.9696113074204947,0.10351487060641174,0.46875,1.0,0.0,0.6666666666666666,0.09773738615979477,0.0,0.11042250059862224,0.9976658886295432,0.9750241685954433,0.0,0.998,1.0,0.8188831449829895,0.8867014433279619,0.9545197416729342,1
5747,0.12978616628847095,0.3,0.9816254416961131,0.10351487060641174,0.5625,1.0,0.0,0.6666666666666666,0.09233440142068028,0.0,0.3387214494710097,0.9989996665555185,0.9809746567855024,0.0,0.999,1.0,0.8365244406840038,0.9181055137658862,0.9996865868477687,1
5748,0.10048680323114612,0.1,0.9901060070671378,0.10351487060641174,0.9375,1.0,0.0,0.6666666666666666,0.08697492571551424,0.0,0.21971793220233526,0.9983327775925308,0.9879163373160375,0.0,0.998,1.0,0.9711888659436526,0.9817361128016573,0.9922833596596621,1
5749,0.07936838553980785,0.0,0.9371024734982332,0.10351487060641174,0.5625,1.0,0.0,0.6666666666666666,0.07620222145314604,0.0,0.16349324528511366,0.9963321107035679,0.9807361052393845,0.0,0.99,1.0,0.934028770606195,0.9399339992672214,0.9458392279282478,1
5750,0.2632040127856027,0.1,0.9908127208480565,0.10351487060641174,0.6875,1.0,0.0,0.6666666666666666,0.10508140431050506,0.0,0.3579677779455862,0.9993331110370124,0.992942979445482,0.0,0.998,1.0,0.9028250500206199,0.916329442336927,0.9298338346532341,1
5751,0.19329805613261541,0.3,0.9915194346289753,0.10351487060641174,0.40625,1.0,0.0,0.6666666666666666,0.15857901333441526,0.3333333333333333,0.5042990279135019,1.0,0.9908625816058201,0.0003333333333333333,0.999,1.0,0.8187485891285294,0.8709362611899322,0.9231239332513349,1
5752,0.19543844502003493,0.2,0.9731448763250884,0.10351487060641174,0.59375,1.0,0.0,0.6666666666666666,0.08935299253834261,0.0,0.2590596518696622,0.9979993331110371,0.9858117751479951,0.0,0.9946666666666667,1.0,0.858834883885868,0.9289572661893415,0.999079648492815,1
5753,0.12978616628847095,0.0,0.9816254416961131,0.10351487060641174,0.5625,1.0,0.0,0.6666666666666666,0.09843043532416285,0.0,0.14745430786189861,0.9956652217405801,0.9759292975408539,0.0,0.9983333333333333,1.0,0.8225958693623455,0.9079903768866698,0.9933848844109942,1
5754,0.09676329538365558,0.1,0.9865724381625441,0.2575250836120402,0.375,1.0,0.0,0.6666666666666666,0.12561953729526065,0.0,0.21100392765215203,0.9979993331110371,0.976007829657508,0.0,0.997,1.0,0.7888039488241861,0.8393543797584456,0.8899048106927051,1
5755,0.1055373082816512,0.2,0.995053003533569,0.10351487060641174,0.625,1.0,0.0,0.6666666666666666,0.10068485337467104,0.0,0.23470569496400007,0.9976658886295432,0.9831271660213508,0.0,0.999,1.0,0.9603939298653578,0.9629277556667757,0.9654615814681935,1
5756,0.10879713486999165,0.2,0.995053003533569,0.10351487060641174,0.625,1.0,0.0,0.6666666666666666,0.091876751865964,1.0,0.7783002856452979,1.0,0.996326394318247,0.0003333333333333333,0.9993333333333333,1.0,0.9608246118093106,0.9735536881606355,0.9862827645119603,1
5757,0.1261035731614334,0.2,0.984452296819788,0.10351487060641174,0.59375,1.0,0.0,0.6666666666666666,0.08057744900585972,0.0,0.12686863133039383,0.9979993331110371,0.9811793531872987,0.0,0.9973333333333333,1.0,0.8808042529077843,0.885426417882804,0.8900485828578235,1
5758,0.31656939740098733,0.2,0.9908127208480565,0.10351487060641174,0.5625,1.0,0.0,0.6666666666666666,0.1643131708099198,1.0,0.9407308642175917,1.0,0.9992903716621124,0.0003333333333333333,0.9996666666666667,1.0,0.8798775459334331,0.927597306127415,0.9753170663213967,1
5759,0.3552253705154379,0.4,0.9879858657243816,0.10351487060641174,0.5,1.0,0.0,0.6666666666666666,0.12106420745297286,0.3333333333333333,0.3982354749766389,0.9986662220740247,0.9848012085914762,0.0,0.9983333333333333,1.0,0.884554492376979,0.9276959375507958,0.9708373827246125,1
5760,0.11942619717054004,0.0,0.9703180212014134,0.10351487060641174,0.75,1.0,0.0,0.6666666666666666,0.09618082445055431,0.0,0.13295449286038719,0.995998666222074,0.9820119793906408,0.0,0.996,1.0,0.9508486320949495,0.9685278188743507,0.9862070056537517,1
5761,0.35351253674686767,0.3,0.9978798586572438,0.5217391304347826,0.3125,0.7142857142857143,0.0,0.6666666666666666,0.40907411968561236,0.5,0.48232468273190443,0.9996665555185061,0.9733797407539962,0.0,0.9993333333333333,1.0,0.7470839116970822,0.7883278003766664,0.8295716890562506,1
5762,0.22336547792333816,0.1,0.992226148409894,0.10351487060641174,0.625,1.0,0.0,0.6666666666666666,0.19922208043976553,0.0,0.15864283154434855,0.9976658886295432,0.9563976288692021,0.0,0.998,1.0,0.7604520875998609,0.8414054591533073,0.9223588307067537,1
5763,0.1218694847040439,0.0,0.9696113074204947,0.10351487060641174,0.46875,1.0,0.0,0.6666666666666666,0.10679835149367967,0.0,0.11405160070293385,0.9949983327775925,0.9698148085013073,0.0,0.9966666666666667,1.0,0.8243324405896104,0.9055983092023386,0.9868641778150669,1
5764,0.09213046820332504,0.1,0.9717314487632509,0.10351487060641174,0.59375,1.0,0.0,0.6666666666666666,0.08413376494626024,0.0,0.22264068744524568,0.9989996665555185,0.9877392107668738,0.0,0.997,1.0,0.9951633940455218,0.9961684804174034,0.9971735667892848,1
5765,0.08149498378676212,0.0,0.9787985865724381,0.10351487060641174,0.875,1.0,0.0,0.6666666666666666,0.07969888030657568,0.0,0.18453330248678368,0.9926642214071357,0.9779850752419335,0.0,0.9943333333333333,1.0,0.8712156480263541,0.9126428959152818,0.9540701438042095,1
5766,0.10705889356119824,0.1,0.9915194346289753,0.10351487060641174,0.6875,1.0,0.0,0.6666666666666666,0.15177578784940837,0.0,0.07732830706541183,0.9976658886295432,0.9630777883193995,0.0,0.9986666666666667,1.0,0.7841477992374097,0.8815666592968927,0.9789855193563756,1
5767,0.12233880153665833,0.1,0.9717314487632509,0.10351487060641174,0.625,1.0,0.0,0.6666666666666666,0.08454381867789584,0.0,0.06793299486918614,0.9979993331110371,0.988555272002539,0.0,0.9963333333333333,1.0,0.9898532987220421,0.9923478444241245,0.9948423901262068,1
5768,0.12702949908735928,0.2,0.995053003533569,0.10351487060641174,0.71875,1.0,0.0,0.6666666666666666,0.08092850445555011,0.0,0.0964183944012651,0.9976658886295432,0.978616806399362,0.0,0.9986666666666667,1.0,0.8689432869290441,0.9054390037651457,0.9419347206012474,1
5769,0.13494185397427916,0.3,0.9971731448763251,0.10351487060641174,0.75,1.0,0.0,0.6666666666666666,0.09905462269633858,0.5,0.2810650152987686,0.9996665555185061,0.9896423405190282,0.0,0.9996666666666667,1.0,0.8350818719414893,0.9015571959690132,0.968032519996537,1
5770,0.21014432737297617,0.0,0.9674911660777386,0.10351487060641174,0.4375,1.0,0.0,0.6666666666666666,0.09450339644447114,0.0,0.19943369402416755,0.9966655551850617,0.9833892045580173,0.0,0.995,1.0,0.8768143157071986,0.9198342371167463,0.9628541585262941,1
5771,0.06762227384288833,0.0,0.9371024734982332,0.10351487060641174,0.5625,1.0,0.0,0.6666666666666666,0.07979767827473638,0.0,0.13684152643220848,0.9876625541847283,0.9618725951988898,0.0,0.994,1.0,0.943607038332972,0.9665471568721766,0.9894872754113813,1
5772,0.32130424588583584,0.3,0.9943462897526502,0.10351487060641174,0.46875,1.0,0.0,0.6666666666666666,0.1365246824434957,0.0,0.20391137397620573,0.9989996665555185,0.9909293697909972,0.0,0.9986666666666667,1.0,0.868853304157264,0.8874704808003753,0.9060876574434865,1
5773,0.22153734611893605,0.0,0.9943462897526502,0.10351487060641174,0.75,1.0,0.0,0.6666666666666666,0.10868508981365,0.0,0.1660975869905108,0.9966655551850617,0.974853346653343,0.0,0.999,1.0,0.9206436835115245,0.9261168016127361,0.9315899197139478,1
5774,0.15187770795196165,0.2,0.9915194346289753,0.10351487060641174,0.75,1.0,0.0,0.6666666666666666,0.10476216091228996,0.0,0.08996325024156038,0.9993331110370124,0.9830271738981701,0.0,0.9993333333333333,1.0,0.8161973969269827,0.8485041938269926,0.8808109907270026,1
5775,0.14144748850534872,0.1,0.9915194346289753,0.10351487060641174,0.78125,1.0,0.0,0.6666666666666666,0.13545393938237105,0.0,0.2749268983942599,0.9979993331110371,0.9764393239924162,0.0,0.9983333333333333,1.0,0.8150775477231346,0.8197695063029635,0.8244614648827926,1
5776,0.1492275682599934,0.2,0.9957597173144876,0.10351487060641174,0.625,1.0,0.0,0.6666666666666666,0.1346897404641063,0.6666666666666666,0.41179573906520417,0.9996665555185061,0.9927998881723894,0.0003333333333333333,0.9993333333333333,1.0,0.8228168891829171,0.8686622439035202,0.9145075986241233,1
5777,0.19543844502003493,0.0,0.9731448763250884,0.10351487060641174,0.59375,1.0,0.0,0.6666666666666666,0.09721304291626409,0.0,0.05166661078189394,0.9933311103701233,0.9696915318168847,0.0,0.9963333333333333,1.0,0.8579628451165694,0.9137892651935162,0.969615685270463,1
5778,0.11211889883193149,0.1,0.9929328621908127,0.2575250836120402,0.71875,1.0,0.0,0.6666666666666666,0.12792222232880823,0.0,0.312390187010826,0.9983327775925308,0.9761226063498892,0.0,0.9973333333333333,1.0,0.7835542025701991,0.8572070415799605,0.9308598805897219,1
5779,0.10324157931443612,0.0,0.9717314487632509,0.10351487060641174,0.59375,1.0,0.0,0.6666666666666666,0.07970283173687165,0.0,0.1818230735234745,0.9953317772590864,0.9797323887957665,0.0,0.9956666666666667,1.0,0.9743248340063254,0.9802084287234621,0.9860920234405989,1
5780,0.5965905020943851,0.7,1.0,0.6033057851239669,0.4375,0.5714285714285714,0.0,0.6666666666666666,0.8643328242961267,1.0,0.6692435680429727,1.0,0.9898834069566809,0.0003333333333333333,1.0,1.0,0.7867822362038516,0.8646234323516264,0.9424646284994013,1
5781,0.28586547792333816,0.2,0.9915194346289753,0.10351487060641174,0.6875,1.0,0.0,0.6666666666666666,0.15452230546361778,0.5,0.42071370417157194,0.9993331110370124,0.971617549422149,0.0,0.9986666666666667,1.0,0.7739652991876379,0.858069768003129,0.94217423681862,1
5782,0.09034954657016114,0.2,0.9971731448763251,0.10351487060641174,0.75,1.0,0.0,0.6666666666666666,0.09042650319983048,0.0,0.26067751980493503,0.9986662220740247,0.9830613563927245,0.0,0.9993333333333333,1.0,0.8475895438272428,0.9159754228635764,0.9843613018999099,1
5783,0.09922756825999335,0.0,0.9681978798586572,0.10351487060641174,0.5,1.0,0.0,0.6666666666666666,0.12295345226384602,0.0,0.25404798117261873,0.9953317772590864,0.95955155363256,0.0,0.9983333333333333,1.0,0.8051463920653685,0.8864184382481117,0.9676904844308548,1
5784,0.07546380153665833,0.0,0.9519434628975265,0.10351487060641174,0.46875,1.0,0.0,0.6666666666666666,0.0811961492711375,0.0,0.13479083787144386,0.9826608869623208,0.9543983212047281,0.0,0.991,1.0,0.965701096556542,0.9815848699810997,0.9974686434056574,1
5785,0.44521459479618475,0.2,0.9957597173144876,0.2575250836120402,0.5625,1.0,0.0,0.6666666666666666,0.20549292317030465,1.0,0.7007522509759145,1.0,0.9925958782189915,0.0003333333333333333,0.9966666666666667,1.0,0.7521962500144875,0.8341144971282151,0.9160327442419425,1
5786,0.8536891310196395,1.0,0.9992932862190813,0.8591549295774648,0.25,0.2857142857142857,0.0,0.6666666666666666,0.8841603010301715,1.0,0.8358073958432448,1.0,0.9912558172356605,0.004333333333333333,1.0,1.0,0.7767195039581449,0.834610758619578,0.8925020132810111,1
5787,0.07546380153665833,0.0,0.9519434628975265,0.10351487060641174,0.46875,1.0,0.0,0.6666666666666666,0.08280173063928342,0.0,0.06909533666478773,0.980326775591864,0.9520343035994232,0.0,0.9906666666666667,1.0,0.9627557599418669,0.9770262725155511,0.9912967850892352,1
5788,0.12359034564820581,0.1,0.9992932862190813,0.10351487060641174,0.90625,1.0,0.0,0.6666666666666666,0.08848631966995113,0.3333333333333333,0.40538767248003926,0.9993331110370124,0.9898833469570022,0.0,0.9993333333333333,1.0,0.8539416681937555,0.8628209353110761,0.8717002024283966,1
5789,0.33569016462642465,0.5,0.9957597173144876,0.320855614973262,0.59375,0.8571428571428571,0.0,0.6666666666666666,0.2430176598820657,0.3333333333333333,0.4675004293034578,0.9993331110370124,0.9846897899257429,0.0,1.0,1.0,0.8269805684268592,0.8985974163922137,0.9702142643575681,1
5790,0.06374338553980785,0.0,0.9646643109540636,0.10351487060641174,0.59375,1.0,0.0,0.6666666666666666,0.077323567229171,0.0,0.21649356059016467,0.9943314438146049,0.9732829158090627,0.0,0.996,1.0,0.8982411849699488,0.9082217600508935,0.9182023351318381,1
5791,0.22321622279781272,0.1,0.9674911660777386,0.10351487060641174,0.4375,1.0,0.0,0.6666666666666666,0.11079275553817614,0.0,0.35804899818752156,0.9996665555185061,0.9974195467267649,0.0,0.9973333333333333,1.0,0.8613367203707171,0.899780899958595,0.9382250795464728,1
5792,0.19321704634685477,0.0,0.9681978798586572,0.10351487060641174,0.625,1.0,0.0,0.6666666666666666,0.09357485862845927,0.0,0.18202952373803782,0.9966655551850617,0.9744937150211336,0.0,0.9953333333333333,1.0,0.8963808585296933,0.9120897219233148,0.9277985853169363,1
5793,0.14277317927548394,0.1,0.9971731448763251,0.10351487060641174,0.5625,1.0,0.0,0.6666666666666666,0.1096700009943089,0.0,0.24821457077715137,0.9979993331110371,0.973413183303295,0.0,0.9983333333333333,1.0,0.8109809842136565,0.901209265723863,0.9914375472340694,1
5794,0.4672045371821044,0.1,0.9957597173144876,0.10351487060641174,0.4375,1.0,0.0,0.6666666666666666,0.17297066792065408,0.0,0.31971930802118764,0.9989996665555185,0.9890669388108688,0.0,0.9976666666666667,1.0,0.9100204198420603,0.9142666028305348,0.9185127858190095,1
5795,0.11848249054035076,0.1,0.9724381625441696,0.10351487060641174,0.53125,1.0,0.0,0.6666666666666666,0.08499070572021805,0.0,0.19174510883131557,0.9979993331110371,0.986066322363808,0.0,0.9976666666666667,1.0,0.8483469544101935,0.886627444104171,0.9249079337981485,1
5796,0.4006799159699833,0.2,0.9929328621908127,0.10351487060641174,0.5625,1.0,0.0,0.6666666666666666,0.13737599567751668,0.0,0.18859804972342986,0.9973324441480493,0.9769494060862319,0.0,0.9983333333333333,1.0,0.8836190391885222,0.9357740230156404,0.9879290068427584,1
5797,0.2348837130135214,0.3,0.9964664310954063,0.10351487060641174,0.5,1.0,0.0,0.6666666666666666,0.11344129611959275,0.5,0.42644713854467,0.9996665555185061,0.9880584006842982,0.0,0.9976666666666667,1.0,0.8905193728196985,0.8937485203305244,0.8969776678413505,1
5798,0.15566558673984043,0.3,0.976678445229682,0.10351487060641174,0.71875,1.0,0.0,0.6666666666666666,0.10190030741175105,0.0,0.35605827086613406,0.9993331110370124,0.9877759972747431,0.0,0.999,1.0,0.823129238961222,0.8482569114681866,0.8733845839751513,1
5799,0.11395760366252272,0.0,0.9731448763250884,0.10351487060641174,0.59375,1.0,0.0,0.6666666666666666,0.0863581121764162,0.0,0.21317268326979777,0.9926642214071357,0.9687501655763847,0.0,0.997,1.0,0.8598461801419716,0.9220315868943222,0.9842169936466728,1
5800,0.19912658694347096,0.0,0.9519434628975265,0.10351487060641174,0.46875,1.0,0.0,0.6666666666666666,0.08090941752628455,0.0,0.0507117749984799,0.9863287762587529,0.9601435208637434,0.0,0.9896666666666667,1.0,0.9474033804931944,0.973434760028532,0.9994661395638695,1
5801,0.13494185397427916,0.1,0.9915194346289753,0.10351487060641174,0.625,1.0,0.0,0.6666666666666666,0.09810544134935562,0.0,0.2299943953543686,0.9969989996665555,0.9738363119862417,0.0,0.9986666666666667,1.0,0.8439466755022507,0.9000479395266162,0.9561492035509818,1
5802,0.0962971348699917,0.1,0.9717314487632509,0.10351487060641174,0.625,1.0,0.0,0.6666666666666666,0.08755904727680619,0.0,0.2449812694582767,0.9973324441480493,0.9838722146458398,0.0,0.9976666666666667,1.0,0.9831015730406955,0.9907407398548451,0.9983799066689947,1
5803,0.2538957862898762,0.1,0.9802120141342756,0.10351487060641174,0.625,1.0,0.0,0.6666666666666666,0.08420205421278826,0.0,0.2530704106190613,0.9979993331110371,0.9842244844081884,0.0,0.9963333333333333,1.0,0.888342880833937,0.9427656606259205,0.997188440417904,1
5804,0.09925172130958149,0.0,0.9724381625441696,0.10351487060641174,0.53125,1.0,0.0,0.6666666666666666,0.08762707978200912,0.0,0.14973974619135821,0.995998666222074,0.9747179233016491,0.0,0.997,1.0,0.8409464507578212,0.8747809642346315,0.9086154777114418,1
5805,0.235426235007825,0.0,0.9703180212014134,0.10351487060641174,0.53125,1.0,0.0,0.6666666666666666,0.14710641427751348,0.0,0.2995879819591323,0.995998666222074,0.9762368879205535,0.0,0.9973333333333333,1.0,0.8891135450021093,0.8967804150668954,0.9044472851316815,1
5806,0.07775953050387341,0.0,0.9371024734982332,0.10351487060641174,0.5625,1.0,0.0,0.6666666666666666,0.08473469803053812,0.0,0.32609012658975145,0.995998666222074,0.977573072484479,0.0,0.9956666666666667,1.0,0.9180482900187282,0.9365522053503818,0.9550561206820353,1
5807,0.3552253705154379,0.1,0.9809187279151943,0.10351487060641174,0.46875,1.0,0.0,0.6666666666666666,0.11798304341580945,0.0,0.0614906777500448,0.9969989996665555,0.9747483913248173,0.0,0.999,1.0,0.8829394439684648,0.9134237492840924,0.9439080545997202,1
5808,0.48066209411792227,0.4,0.9985865724381625,0.6033057851239669,0.40625,0.5714285714285714,0.0,0.6666666666666666,0.7146718900993982,0.5,0.6363068548283353,1.0,0.9881093993677466,0.0,0.9996666666666667,1.0,0.8096248097950608,0.87474787355899,0.939870937322919,1
5809,0.08149498378676212,0.0,0.9371024734982332,0.10351487060641174,0.5625,1.0,0.0,0.6666666666666666,0.07670948448611148,0.0,0.06575397929546922,0.991997332444148,0.9703113711105691,0.0,0.9893333333333333,1.0,0.9000849346708769,0.9265138575589675,0.9529427804470583,1
5810,0.1219789940368543,0.2,0.9731448763250884,0.10351487060641174,0.59375,1.0,0.0,0.6666666666666666,0.08365076802667426,0.3333333333333333,0.25402631924585484,0.9983327775925308,0.9904818882360485,0.0,0.998,1.0,0.8565513410552955,0.9027919054945553,0.9490324699338152,1
5811,0.08149498378676212,0.0,0.9915194346289753,0.10351487060641174,0.9375,1.0,0.0,0.6666666666666666,0.08854786845661977,0.0,0.19679526482686593,0.9933311103701233,0.9637807634902632,0.0,0.9966666666666667,1.0,0.8370119153036204,0.899258783172995,0.9615056510423697,1
5812,0.09994745661105164,0.1,0.976678445229682,0.10351487060641174,0.71875,1.0,0.0,0.6666666666666666,0.09518135048200038,0.0,0.21780640310808752,0.9979993331110371,0.9802585845413437,0.0,0.9983333333333333,1.0,0.8235038118362092,0.8673760448354648,0.9112482778347204,1
5813,0.4571193567009467,0.7,0.9992932862190813,0.803030303030303,0.375,0.42857142857142855,0.0,0.6666666666666666,0.571916487024662,1.0,0.5907436072936723,1.0,0.968313671718833,0.0,1.0,1.0,0.7117438144808109,0.7927324048508952,0.8737209952209795,1
5814,0.09994745661105164,0.1,0.976678445229682,0.10351487060641174,0.71875,1.0,0.0,0.6666666666666666,0.08900070107224378,0.0,0.11664518430296145,0.9993331110370124,0.9869960373026189,0.0,0.999,1.0,0.8367957698553019,0.874299246649944,0.9118027234445861,1
5815,0.12702949908735928,0.1,0.9915194346289753,0.10351487060641174,0.625,1.0,0.0,0.6666666666666666,0.0889731447751465,0.0,0.26295750107056803,0.9973324441480493,0.9862134258003197,0.0,0.9963333333333333,1.0,0.8356143811063351,0.8839721690920967,0.9323299570778584,1
5816,0.06374338553980785,0.0,0.9371024734982332,0.10351487060641174,0.5625,1.0,0.0,0.6666666666666666,0.07647108383505452,0.0,0.049210245943049014,0.9873291097032344,0.9641580218844323,0.0,0.9923333333333333,1.0,0.9474427336812027,0.9519417770690521,0.9564408204569016,1
5817,0.23205889356119824,0.5,0.995053003533569,0.5217391304347826,0.28125,0.7142857142857143,0.0,0.6666666666666666,0.3629944248505451,1.0,0.9040311596362792,1.0,0.9974895245022989,0.0006666666666666666,1.0,1.0,0.7408604912327248,0.8622103412473103,0.9835601912618958,1
5818,0.09213046820332504,0.1,0.9908127208480565,0.10351487060641174,0.5625,1.0,0.0,0.6666666666666666,0.07646749079535842,1.0,0.6377504717627638,1.0,0.993085102834486,0.0003333333333333333,0.995,1.0,0.9271545402480837,0.9480010504838388,0.9688475607195937,1
5819,0.10717129520975577,0.1,0.9717314487632509,0.10351487060641174,0.625,1.0,0.0,0.6666666666666666,0.08218919767899358,0.5,0.4554722996946914,0.9996665555185061,0.9934080820662576,0.0,0.999,1.0,0.9775003965109909,0.9840097188271686,0.9905190411433462,1
5820,0.07775953050387341,0.0,0.9703180212014134,0.10351487060641174,0.75,1.0,0.0,0.6666666666666666,0.09960873751064847,0.0,0.02704700803850768,0.9966655551850617,0.9837081060343961,0.0,0.996,1.0,0.9354423253542222,0.9640837033448542,0.992725081335486,1
5821,0.25406939740098733,0.3,0.9908127208480565,0.10351487060641174,0.5625,1.0,0.0,0.6666666666666666,0.15946139964549133,0.5,0.487876121916306,0.9996665555185061,0.9875034664342054,0.0006666666666666666,0.9993333333333333,1.0,0.8799459321855045,0.9116498671098273,0.9433538020341501,1
5822,0.19321704634685477,0.0,0.9957597173144876,0.10351487060641174,0.625,1.0,0.0,0.6666666666666666,0.10261099723744704,0.0,0.2777929693631197,0.9956652217405801,0.9713924425782041,0.0,0.9973333333333333,1.0,0.876753486870277,0.8958553942014231,0.9149573015325694,1
5823,0.5775903209219109,0.7,0.9985865724381625,0.6033057851239669,0.25,0.5714285714285714,0.0,0.6666666666666666,0.6081987800248031,1.0,0.5575648696319637,1.0,0.9940321810326977,0.0003333333333333333,1.0,1.0,0.8159101639428441,0.8361796564162527,0.8564491488896613,1
5824,0.29133532591674727,0.2,0.9943462897526502,0.320855614973262,0.46875,0.8571428571428571,0.0,0.6666666666666666,0.23297521945282829,0.0,0.3078930948658488,0.9986662220740247,0.9770838325619685,0.0,0.9993333333333333,1.0,0.8408080571395183,0.8455983336490727,0.8503886101586269,1
5825,0.2523568312930913,0.1,0.9957597173144876,0.320855614973262,0.40625,0.8571428571428571,0.0,0.6666666666666666,0.15631289730831055,0.0,0.2006196954962114,0.9973324441480493,0.9765788917571825,0.0,0.9976666666666667,1.0,0.8578229476444362,0.8716688498764509,0.8855147521084655,1
5826,0.19329805613261541,0.2,0.9915194346289753,0.10351487060641174,0.40625,1.0,0.0,0.6666666666666666,0.16386047856981667,0.0,0.0371599099649359,0.9989996665555185,0.983395336490603,0.0,0.9993333333333333,1.0,0.8140747242641665,0.8691334840404127,0.9241922438166589,1
5827,0.09262227384288835,0.1,0.9816254416961131,0.10351487060641174,0.5625,1.0,0.0,0.6666666666666666,0.0830323074053202,0.0,0.3789586639999937,0.9996665555185061,0.9843185280319579,0.0,0.998,1.0,0.8685905175038363,0.9342176946070233,0.9998448717102103,1
5828,0.19834023073432072,0.0,0.9787985865724381,0.10351487060641174,0.6875,1.0,0.0,0.6666666666666666,0.08761412403997482,0.0,0.11680367698755445,0.9929976658886296,0.9689806497149325,0.0,0.9966666666666667,1.0,0.8925012427333888,0.9350436562955977,0.9775860698578065,1
5829,0.2632040127856027,0.2,0.9943462897526502,0.10351487060641174,0.75,1.0,0.0,0.6666666666666666,0.10734027625199438,0.3333333333333333,0.6341265755471743,1.0,0.9969031251807096,0.0003333333333333333,0.9986666666666667,1.0,0.9055690259202567,0.915642893686806,0.9257167614533552,1
5830,0.29846042304201303,0.2,0.9929328621908127,0.10351487060641174,0.5,1.0,0.0,0.6666666666666666,0.12397245474427587,0.0,0.28868942470022274,0.9993331110370124,0.9887002445537821,0.0,0.998,1.0,0.905268246404857,0.9083362257811203,0.9114042051573834,1
5831,0.16819186681222698,0.1,0.9696113074204947,0.10351487060641174,0.46875,1.0,0.0,0.6666666666666666,0.09233916807686449,0.0,0.28564096813422346,0.9986662220740247,0.9869867762604029,0.0,0.997,1.0,0.8275805421457441,0.8831684584900215,0.938756374834299,1
5832,0.1218694847040439,0.0,0.9696113074204947,0.10351487060641174,0.46875,1.0,0.0,0.6666666666666666,0.10204078961314378,0.0,0.1004526705773594,0.9953317772590864,0.9703507305000669,0.0,0.996,1.0,0.8268931729225697,0.9122517910097059,0.9976104090968421,1
5833,0.1261035731614334,0.0,0.9724381625441696,0.10351487060641174,0.53125,1.0,0.0,0.6666666666666666,0.08339344440026986,0.0,0.3338446881327821,0.9953317772590864,0.9748373337517235,0.0,0.9973333333333333,1.0,0.8574969266615521,0.8815873650185215,0.905677803375491,1
5834,0.19834023073432072,0.0,0.9802120141342756,0.10351487060641174,0.625,1.0,0.0,0.6666666666666666,0.08281561025547379,0.0,0.13705926067971197,0.995998666222074,0.9777489475153899,0.0,0.9963333333333333,1.0,0.8932319541430621,0.9454067089101846,0.9975814636773072,1
5835,0.06374338553980785,0.0,0.984452296819788,0.10351487060641174,0.59375,1.0,0.0,0.6666666666666666,0.07933548086086151,0.0,0.12392212154177651,0.9933311103701233,0.9676149427147324,0.0,0.996,1.0,0.8782708101198751,0.8938501136289111,0.9094294171379471,1
5836,0.13918729147906983,0.3,0.995053003533569,0.10351487060641174,0.875,1.0,0.0,0.6666666666666666,0.08042942056258584,0.0,0.2543893664942345,0.9996665555185061,0.990182579128574,0.0,0.9996666666666667,1.0,0.8727091483184586,0.9244594395943221,0.9762097308701856,1
5837,0.23405451644860642,0.1,0.9802120141342756,0.10351487060641174,0.625,1.0,0.0,0.6666666666666666,0.08095063107942868,0.0,0.2693354442381619,0.9979993331110371,0.9844236820198532,0.0,0.9976666666666667,1.0,0.9033902319052559,0.9470468559488832,0.9907034799925105,1
5838,0.23405451644860642,0.1,0.9936395759717315,0.10351487060641174,0.65625,1.0,0.0,0.6666666666666666,0.08087573101210832,0.0,0.32403840108285153,0.9969989996665555,0.9784751210653654,0.0,0.9976666666666667,1.0,0.8976762815492746,0.9420082412720109,0.9863402009947472,1
5839,0.11622106896541184,0.2,0.9901060070671378,0.10351487060641174,0.9375,1.0,0.0,0.6666666666666666,0.08333118875129375,0.0,0.3550360210288819,0.9993331110370124,0.9891068290179854,0.0,0.9986666666666667,1.0,0.9601466235151932,0.9651317615845604,0.9701168996539276,1
5840,0.6335899449362408,0.8,0.9985865724381625,0.803030303030303,0.15625,0.42857142857142855,0.0,0.6666666666666666,0.9464813202342403,0.5,0.5106271185003284,1.0,0.9913021961325302,0.005333333333333333,0.9996666666666667,0.5,0.6666666666666666,0.806030639510978,0.9453946123552893,1
5841,0.10222018388377885,0.1,0.976678445229682,0.10351487060641174,0.71875,1.0,0.0,0.6666666666666666,0.0963202022148738,0.5,0.3801146861042626,0.9996665555185061,0.9865658494230816,0.0,0.9973333333333333,1.0,0.8194156698948404,0.8794791626376768,0.9395426553805131,1
5842,0.19321704634685477,0.0,0.9964664310954063,0.10351487060641174,0.5625,1.0,0.0,0.6666666666666666,0.09888665651075246,0.0,0.23092292297551464,0.9913304434811604,0.9617053615770197,0.0,0.997,1.0,0.87806443253765,0.9001691473047482,0.9222738620718463,1
5843,0.08874338553980787,0.1,0.9646643109540636,0.10351487060641174,0.59375,1.0,0.0,0.6666666666666666,0.07772807753658029,0.5,0.4487733349848253,0.9989996665555185,0.9910561947384845,0.0,0.993,1.0,0.900369708878997,0.9012946054043587,0.9022195019297204,1
5844,0.15378556549859812,0.1,0.9886925795053003,0.2575250836120402,0.6875,1.0,0.0,0.6666666666666666,0.20906453462519592,0.0,0.027423589239456092,0.9983327775925308,0.9708105452323796,0.0,0.9993333333333333,1.0,0.7554284186665863,0.8667301022189714,0.9780317857713565,1
5845,0.09164841939276225,0.0,0.9915194346289753,0.10351487060641174,0.59375,1.0,0.0,0.6666666666666666,0.09162077781786537,0.0,0.2658912361434138,0.9956652217405801,0.9707229647833915,0.0,0.997,1.0,0.9207541597835706,0.9247419553819208,0.9287297509802711,1
5846,0.5156144070506671,0.5,0.9978798586572438,0.8591549295774648,0.21875,0.2857142857142857,0.0,0.6666666666666666,0.574827947224948,0.5,0.7092056747811283,1.0,0.9893920658876014,0.0006666666666666666,0.9996666666666667,1.0,0.783189169298116,0.8820165420347437,0.9808439147713712,1
5847,0.19912658694347096,0.0,0.9519434628975265,0.10351487060641174,0.46875,1.0,0.0,0.6666666666666666,0.08615832209464835,0.0,0.15536901625223576,0.9889963321107036,0.9657264735459548,0.0,0.9913333333333333,1.0,0.9523485281200785,0.9627031582461714,0.9730577883722641,1
5848,0.217210423042013,0.0,0.9971731448763251,0.10351487060641174,0.6875,1.0,0.0,0.6666666666666666,0.10400724481640167,0.0,0.27665498372146513,0.9963321107035679,0.9776783667460505,0.0,0.9966666666666667,1.0,0.9366910659954011,0.967408048998627,0.9981250320018529,1
5849,0.3422045371821044,0.1,0.9957597173144876,0.10351487060641174,0.71875,1.0,0.0,0.6666666666666666,0.11926527516553886,0.0,0.17643812253048685,0.9993331110370124,0.9887183738357083,0.0,0.9976666666666667,1.0,0.9212919786838598,0.9413116741993202,0.9613313697147805,1
5850,0.11482831712009545,0.0,0.9787985865724381,0.10351487060641174,0.875,1.0,0.0,0.6666666666666666,0.07991911392943518,0.0,0.3339423517952257,0.9963321107035679,0.9802473733900414,0.0,0.9936666666666667,1.0,0.8686055633574942,0.9032327354324297,0.937859907507365,1
5851,0.06374338553980785,0.0,0.9371024734982332,0.10351487060641174,0.5625,1.0,0.0,0.6666666666666666,0.07591733081104146,0.0,0.016847741539706584,0.9719906635545181,0.9421865765256411,0.0,0.9863333333333333,1.0,0.9181587376728357,0.9257184838550883,0.9332782300373407,1
5852,0.37605870384877116,0.1,0.9879858657243816,0.10351487060641174,0.5,1.0,0.0,0.6666666666666666,0.09945763816814257,0.3333333333333333,0.26720648587618856,0.9993331110370124,0.9934225760329625,0.0003333333333333333,0.997,1.0,0.9135310693687719,0.936036742543426,0.9585424157180801,1
5853,0.08078016857973047,0.1,0.9851590106007068,0.10351487060641174,0.6875,1.0,0.0,0.6666666666666666,0.08140216867525396,0.5,0.492758082580675,0.9996665555185061,0.9880306266778067,0.0,0.9976666666666667,1.0,0.8845349184312478,0.9387062836077402,0.9928776487842328,1
5854,0.3699823149598823,0.1,0.9703180212014134,0.10351487060641174,0.53125,1.0,0.0,0.6666666666666666,0.18612260557516558,0.0,0.29845339422972195,0.9979993331110371,0.9783033890682898,0.0,0.9983333333333333,1.0,0.8929858059118473,0.9166738581923612,0.9403619104728753,1
5855,0.29101253674686767,0.6,0.9992932862190813,0.9206349206349207,0.3125,0.7142857142857143,0.0,0.6666666666666666,0.9602965476526466,1.0,0.6657393709471984,1.0,0.9645049416502915,0.0026666666666666666,1.0,0.5,0.6666666666666666,0.7491350731573763,0.8316034796480858,1
5856,0.2348837130135214,0.3,0.9879858657243816,0.10351487060641174,0.5625,1.0,0.0,0.6666666666666666,0.10962557868648182,0.0,0.43131540963030246,0.9989996665555185,0.9842155073266389,0.0,0.999,1.0,0.8911865268869686,0.8942266228643883,0.8972667188418079,1
5857,0.08874338553980787,0.1,0.9526501766784452,0.10351487060641174,0.5625,1.0,0.0,0.6666666666666666,0.0775875415658065,0.0,0.16659656275474233,0.9973324441480493,0.986427103335764,0.0,0.9916666666666667,1.0,0.898834250910303,0.9023597898866746,0.9058853288630463,1
5858,0.19912658694347096,0.0,0.9519434628975265,0.10351487060641174,0.46875,1.0,0.0,0.6666666666666666,0.07917964160367552,0.0,0.1514480323916475,0.9963321107035679,0.9755770435194989,0.0,0.993,1.0,0.9417069018666672,0.9639870192463447,0.9862671366260221,1
5859,0.06374338553980785,0.1,0.9526501766784452,0.10351487060641174,0.5625,1.0,0.0,0.6666666666666666,0.07767386014024502,0.0,0.13540606191572435,0.9979993331110371,0.9810078345164923,0.0,0.9963333333333333,1.0,0.9209102221046942,0.9441363218651104,0.9673624216255268,1
5860,0.15058043729346993,0.1,0.9886925795053003,0.2575250836120402,0.6875,1.0,0.0,0.6666666666666666,0.17286197038012385,0.0,0.2678535443210167,0.9976658886295432,0.9784551569021573,0.0,0.998,1.0,0.7670617172755151,0.874448407098356,0.9818350969211971,1
5861,0.24886106406765407,0.1,0.9985865724381625,0.4035087719298246,0.40625,0.8571428571428571,0.0,0.6666666666666666,0.17949888446255924,0.0,0.35252740087499645,0.9996665555185061,0.9917315558261525,0.0,0.9983333333333333,1.0,0.8759260303384456,0.9345700404055597,0.9932140504726736,1
5862,0.17186948470404395,0.2,1.0,0.2575250836120402,0.84375,1.0,0.0,0.6666666666666666,0.12192235046215016,0.3333333333333333,0.2539545694284455,0.9983327775925308,0.9879470824172008,0.0003333333333333333,0.9983333333333333,1.0,0.7981639538626455,0.8952456223881943,0.992327290913743,1
5863,0.09922756825999335,0.0,0.9681978798586572,0.10351487060641174,0.5,1.0,0.0,0.6666666666666666,0.13552466988472156,0.0,0.2293090871965957,0.9966655551850617,0.9675489610606144,0.0,0.9976666666666667,1.0,0.8008911269069567,0.8771063401775769,0.9533215534481972,1
5864,0.10705889356119824,0.0,0.9915194346289753,0.10351487060641174,0.6875,1.0,0.0,0.6666666666666666,0.14637846734956794,0.0,0.2907550568288666,0.9956652217405801,0.9542027645144263,0.0,0.9973333333333333,1.0,0.7906821091174219,0.877498415374439,0.9643147216314559,1
5865,0.1349660070238673,0.2,0.9936395759717315,0.10351487060641174,0.78125,1.0,0.0,0.6666666666666666,0.10005965570916164,0.0,0.12043004278714631,0.9989996665555185,0.9909063102322161,0.0,0.999,1.0,0.8402850099220509,0.9108696767382306,0.9814543435544103,1
5866,0.2538957862898762,0.1,0.9802120141342756,0.10351487060641174,0.625,1.0,0.0,0.6666666666666666,0.08294212442708238,0.3333333333333333,0.6910432636631432,1.0,0.9974772835301255,0.0003333333333333333,0.9983333333333333,1.0,0.8853374726231573,0.9386721368165251,0.9920068010098928,1
5867,0.2261180085120985,0.1,0.9964664310954063,0.10351487060641174,0.75,1.0,0.0,0.6666666666666666,0.09373284331936704,0.3333333333333333,0.3560752909146241,0.9993331110370124,0.992440213444951,0.0,0.9993333333333333,1.0,0.9112922545590806,0.9311607698149855,0.9510292850708905,1
5868,0.5359236542552442,0.4,0.9971731448763251,0.4035087719298246,0.53125,0.8571428571428571,0.0,0.6666666666666666,0.4402652461266011,0.0,0.39440429953483613,0.9993331110370124,0.9858208026800657,0.0,0.9996666666666667,1.0,0.8373820364837635,0.8413407950130457,0.8452995535423279,1
5869,0.21553512586673462,0.1,0.9879858657243816,0.10351487060641174,0.5625,1.0,0.0,0.6666666666666666,0.17686189219776005,0.5,0.5910095446457753,1.0,0.9901751337810976,0.0003333333333333333,0.998,1.0,0.810263337734197,0.8525591461406088,0.8948549545470206,1
5870,0.12496397202183218,0.0,0.9915194346289753,0.10351487060641174,0.875,1.0,0.0,0.6666666666666666,0.09640439172612536,0.0,0.13594661551428544,0.9946648882960987,0.9740390999962226,0.0,0.9976666666666667,1.0,0.8426764059277119,0.8493582889898221,0.8560401720519325,1
5871,0.09213046820332504,0.1,0.9908127208480565,0.10351487060641174,0.5625,1.0,0.0,0.6666666666666666,0.07638360581988923,1.0,0.6039501852221786,1.0,0.9919184089167256,0.0,0.9936666666666667,1.0,0.9324679432660081,0.9491782165074107,0.9658884897488135,1
5872,0.1134299620503223,0.1,0.9943462897526502,0.10351487060641174,0.59375,1.0,0.0,0.6666666666666666,0.10468204947408954,0.5,0.44065844419382005,0.9996665555185061,0.9922364974313578,0.0,0.996,1.0,0.8098699275966985,0.8507013998401136,0.8915328720835288,1
5873,0.21835735617424024,0.0,0.9964664310954063,0.10351487060641174,0.5625,1.0,0.0,0.6666666666666666,0.08654765752460836,0.0,0.1668989117399996,0.9929976658886296,0.9728011026969632,0.0,0.9906666666666667,1.0,0.9702069273125027,0.9725480401133879,0.9748891529142731,1
5874,0.09676329538365558,0.0,0.9865724381625441,0.2575250836120402,0.375,1.0,0.0,0.6666666666666666,0.11769167954938953,0.0,0.15704250350411042,0.9963321107035679,0.9760488016355182,0.0,0.9973333333333333,1.0,0.7926970187626947,0.8496868528969854,0.9066766870312762,1
5875,0.23205889356119824,0.4,0.9992932862190813,0.5217391304347826,0.25,0.7142857142857143,0.0,0.6666666666666666,0.2800501265476918,0.3333333333333333,0.5334060340737729,1.0,0.9924398656327438,0.0003333333333333333,0.9996666666666667,1.0,0.7527305122976664,0.8636902443821886,0.9746499764667106,1
5876,0.39220453718210446,0.1,0.992226148409894,0.10351487060641174,0.59375,1.0,0.0,0.6666666666666666,0.13034347377434963,0.0,0.34401398862130916,0.9996665555185061,0.9919380653251368,0.0,0.9993333333333333,1.0,0.9299853613032731,0.935290867991579,0.9405963746798849,1
5877,0.24678512586673462,0.2,0.9936395759717315,0.10351487060641174,0.46875,1.0,0.0,0.6666666666666666,0.17223505377714943,0.0,0.05529712663898645,0.9976658886295432,0.9738731251406711,0.0,0.998,1.0,0.8492456050570533,0.8565275171585183,0.8638094292599833,1
5878,0.0983257953836556,0.0,0.9901060070671378,0.10351487060641174,0.59375,1.0,0.0,0.6666666666666666,0.08249915821556808,0.0,0.1439696107963968,0.9966655551850617,0.9738497518533906,0.0,0.998,1.0,0.875083023810788,0.8780548370115097,0.8810266502122314,1
5879,0.06762227384288833,0.0,0.9371024734982332,0.10351487060641174,0.5625,1.0,0.0,0.6666666666666666,0.07809384701372046,0.0,0.1458737503082137,0.9893297765921975,0.9653793265321194,0.0,0.992,1.0,0.934045891938363,0.9644110867912326,0.9947762816441023,1
5880,0.08297415477057701,0.1,0.9809187279151943,0.10351487060641174,0.59375,1.0,0.0,0.6666666666666666,0.07696465585398682,0.0,0.3084593871820436,0.9976658886295432,0.9836572021839983,0.0,0.9966666666666667,1.0,0.9457197739798772,0.9532196795804795,0.9607195851810819,1
5881,0.11848249054035076,0.1,0.9724381625441696,0.10351487060641174,0.53125,1.0,0.0,0.6666666666666666,0.08510055934251282,0.0,0.2295908349115543,0.9969989996665555,0.9802678490607089,0.0,0.9973333333333333,1.0,0.8481195002157924,0.884234475974125,0.9203494517324574,1
5882,0.22690436472124875,0.0,0.9738515901060071,0.10351487060641174,0.59375,1.0,0.0,0.6666666666666666,0.09623412536016995,0.0,0.2686309085665932,0.995998666222074,0.981794202315803,0.0,0.9963333333333333,1.0,0.9435372273096702,0.9515604140929396,0.959583600876209,1
5883,0.1261035731614334,0.1,0.984452296819788,0.10351487060641174,0.59375,1.0,0.0,0.6666666666666666,0.07840531470190715,0.0,0.4625078203538091,0.9996665555185061,0.9942319905215317,0.0,0.9986666666666667,1.0,0.8947031152192434,0.8965246087190248,0.8983461022188063,1
5884,0.29133532591674727,0.4,0.995053003533569,0.320855614973262,0.46875,0.8571428571428571,0.0,0.6666666666666666,0.41146338353378586,0.0,0.24326770195264646,0.9986662220740247,0.9739587653791109,0.0,0.9993333333333333,1.0,0.8200990714272809,0.822384510754546,0.824669950081811,1
5885,0.2399376957692857,0.1,0.9929328621908127,0.10351487060641174,0.6875,1.0,0.0,0.6666666666666666,0.11241037411268073,0.5,0.8963170892349452,1.0,0.9988563065798876,0.0003333333333333333,0.9973333333333333,1.0,0.9290451485734658,0.9572543149571704,0.9854634813408751,1
5886,0.21553512586673462,0.2,0.9936395759717315,0.10351487060641174,0.46875,1.0,0.0,0.6666666666666666,0.1812491752501103,0.0,0.20728974483824902,0.9986662220740247,0.977730949916644,0.0,0.9986666666666667,1.0,0.8230919784445917,0.8507133965459712,0.8783348146473507,1
5887,0.07546380153665833,0.1,0.9519434628975265,0.10351487060641174,0.46875,1.0,0.0,0.6666666666666666,0.07836445905856226,0.0,0.13504821966372793,0.9973324441480493,0.9764638154271548,0.0,0.9936666666666667,1.0,0.9535522039487412,0.9651564658382608,0.9767607277277803,1
5888,0.217210423042013,0.1,0.9992932862190813,0.10351487060641174,0.40625,1.0,0.0,0.6666666666666666,0.11654525555430095,0.0,0.269736754092918,0.9983327775925308,0.9794306900865714,0.0,0.999,1.0,0.9192461632441657,0.9594444249010659,0.9996426865579658,1
5889,0.19321704634685477,0.1,0.984452296819788,0.10351487060641174,0.53125,1.0,0.0,0.6666666666666666,0.11330117417797625,0.0,0.1828055622937651,0.9983327775925308,0.9854868651180129,0.0,0.998,1.0,0.8595066577565605,0.8832295736840445,0.9069524896115286,1
5890,0.2632040127856027,0.1,0.9943462897526502,0.10351487060641174,0.75,1.0,0.0,0.6666666666666666,0.10833261522095738,0.0,0.40338606767389285,0.9996665555185061,0.9951684601642502,0.0,0.999,1.0,0.9032630016363203,0.9140118297519522,0.924760657867584,1
5891,0.14739986945772965,0.0,0.9681978798586572,0.10351487060641174,0.5,1.0,0.0,0.6666666666666666,0.14947864806066957,0.0,0.11566331782556827,0.9953317772590864,0.9579209571978625,0.0,0.9966666666666667,1.0,0.8018460347240202,0.8163742386558408,0.8309024425876614,1
5892,0.2796375792191692,0.3,0.9971731448763251,0.10351487060641174,0.59375,1.0,0.0,0.6666666666666666,0.12361217972668492,0.5,0.30178897378598113,0.9996665555185061,0.9876449638298035,0.0,0.999,1.0,0.8493206924054971,0.8891585073410209,0.9289963222765445,1
5893,0.12359034564820581,0.1,0.9985865724381625,0.10351487060641174,0.96875,1.0,0.0,0.6666666666666666,0.09320041927068035,0.0,0.21692240621137215,0.9976658886295432,0.9837025096966493,0.0,0.9976666666666667,1.0,0.8414471443539046,0.8549689550678871,0.8684907657818696,1
5894,0.12978616628847095,0.1,0.9816254416961131,0.10351487060641174,0.5625,1.0,0.0,0.6666666666666666,0.09984383142559927,0.5,0.427358126830511,0.9989996665555185,0.9826124346952211,0.0,0.998,1.0,0.8227774143233015,0.9098278652011018,0.996878316078902,1
5895,0.5150903209219109,0.3,0.9992932862190813,0.6033057851239669,0.28125,0.5714285714285714,0.0,0.6666666666666666,0.8670403884270964,1.0,0.6755818445707796,1.0,0.9911334822145751,0.0006666666666666666,1.0,1.0,0.7785341327407043,0.8300087468090201,0.881483360877336,1
5896,0.4969664419440092,0.7,0.9992932862190813,0.8064516129032258,0.3125,0.8571428571428571,0.0,0.6666666666666666,0.43377454572074514,1.0,0.586388596836227,1.0,0.9830532640138787,0.0003333333333333333,1.0,1.0,0.8697353108901958,0.874719823035002,0.879704335179808,1
5897,0.21995992027680433,0.2,0.9936395759717315,0.10351487060641174,0.40625,1.0,0.0,0.6666666666666666,0.11086747379502915,0.0,0.36793276263550057,0.9989996665555185,0.9866789817522168,0.0,0.9996666666666667,1.0,0.9179280767487561,0.934320267336139,0.9507124579235219,1
5898,0.22153734611893605,0.1,0.9893992932862191,0.10351487060641174,0.375,1.0,0.0,0.6666666666666666,0.1172032764401355,0.0,0.3726180749055432,0.9993331110370124,0.9858109249490159,0.0,0.9986666666666667,1.0,0.9102042471013004,0.921598562683392,0.9329928782654835,1
5899,0.7366363976310311,0.9,1.0,0.6033057851239669,0.5,0.5714285714285714,0.0,0.6666666666666666,0.751223376113158,1.0,0.6184695132844349,1.0,0.9848892084375467,0.0006666666666666666,1.0,1.0,0.7923682660671207,0.8727803205670207,0.9531923750669207,1
5900,0.2702006657962619,0.4,0.9978798586572438,0.2575250836120402,0.5,1.0,0.0,0.6666666666666666,0.8116370740795991,0.0,0.22608834664021638,0.9989996665555185,0.9635802521261383,0.0,0.9996666666666667,1.0,0.7368538899813424,0.7483570506867676,0.7598602113921928,1
5901,0.13918729147906983,0.2,0.9971731448763251,0.10351487060641174,0.65625,1.0,0.0,0.6666666666666666,0.08241355191033561,0.0,0.2521322063342539,0.9993331110370124,0.9872206214071592,0.0,0.9986666666666667,1.0,0.8641041846911732,0.9236942790328293,0.9832843733744853,1
5902,0.2523568312930913,0.0,0.9943462897526502,0.320855614973262,0.46875,0.8571428571428571,0.0,0.6666666666666666,0.1710909055158305,0.0,0.23224077732171577,0.995998666222074,0.9692602056658707,0.0,0.9973333333333333,1.0,0.8500995776923219,0.8685346560101557,0.8869697343279895,1
5903,0.10900953050387341,0.1,0.9879858657243816,0.10351487060641174,0.5,1.0,0.0,0.6666666666666666,0.09700781313391316,0.0,0.42830730426313757,0.9986662220740247,0.9858861699671673,0.0,0.999,1.0,0.9202401239691818,0.9415958034971688,0.9629514830251557,1
5904,0.3773568312930913,0.4,0.9957597173144876,0.320855614973262,0.40625,0.8571428571428571,0.0,0.6666666666666666,0.5152489445995991,0.0,0.21032793943052408,0.9989996665555185,0.9845712762913266,0.0,0.9996666666666667,1.0,0.7680682647907738,0.8126305966420413,0.8571929284933086,1
5905,0.4707900780560942,0.2,0.9971731448763251,0.4035087719298246,0.4375,0.8571428571428571,0.0,0.6666666666666666,0.2893350704983766,0.0,0.202653934473211,0.9986662220740247,0.9853868362463862,0.0,0.9983333333333333,1.0,0.8298024097375258,0.8485594313143622,0.8673164528911985,1
5906,0.10879713486999165,0.1,0.9929328621908127,0.10351487060641174,0.625,1.0,0.0,0.6666666666666666,0.08648876186779264,0.0,0.46639575122125654,0.9996665555185061,0.9944546519999107,0.0,0.999,1.0,0.9817083465515855,0.9853119629723595,0.9889155793931335,1
5907,0.08149498378676212,0.0,0.9371024734982332,0.10351487060641174,0.5625,1.0,0.0,0.6666666666666666,0.07708578181493264,0.0,0.04806554361451576,0.9956652217405801,0.9782469123845924,0.0,0.992,1.0,0.8962222177632047,0.927148409789088,0.9580746018149713,1
5908,0.09699029973464257,0.0,0.9703180212014134,0.10351487060641174,0.75,1.0,0.0,0.6666666666666666,0.09254710124971899,0.0,0.2681153715838279,0.9943314438146049,0.9759384823820053,0.0,0.9986666666666667,1.0,0.9682629468410654,0.9756960280504247,0.9831291092597839,1
5909,0.8411891310196395,0.9,0.9992932862190813,0.8591549295774648,0.15625,0.2857142857142857,0.0,0.6666666666666666,0.9538288047447423,1.0,0.7498968879960968,1.0,0.9942377028960803,0.06733333333333333,1.0,1.0,0.7769991692943647,0.8035407863908587,0.8300824034873526,1
5910,0.11211889883193149,0.1,0.9929328621908127,0.2575250836120402,0.71875,1.0,0.0,0.6666666666666666,0.1300007426410167,0.0,0.20934054585214168,0.9969989996665555,0.9773176919123157,0.0,0.9976666666666667,1.0,0.7824550364384398,0.8608256114276128,0.9391961864167858,1
5911,0.09213046820332504,0.0,0.9717314487632509,0.10351487060641174,0.625,1.0,0.0,0.6666666666666666,0.08574189444464309,0.0,0.2946240484073185,0.9949983327775925,0.981702017682519,0.0,0.997,1.0,0.9906378396378107,0.9950177522299692,0.9993976648221278,1
5912,0.14378034083820102,0.1,0.9724381625441696,0.10351487060641174,0.53125,1.0,0.0,0.6666666666666666,0.0796837658798295,0.0,0.1183159760750857,0.9976658886295432,0.9818913335119756,0.0,0.9973333333333333,1.0,0.8755814348818644,0.8980136372297564,0.9204458395776484,1
5913,0.08297415477057701,0.0,0.9809187279151943,0.10351487060641174,0.59375,1.0,0.0,0.6666666666666666,0.07695925267352677,0.0,0.09298818125434427,0.9943314438146049,0.9803087052554076,0.0,0.9963333333333333,1.0,0.9360598349613496,0.9485660447182704,0.9610722544751913,1
5914,0.06762227384288833,0.0,0.9371024734982332,0.10351487060641174,0.5625,1.0,0.0,0.6666666666666666,0.07871885806189793,0.0,0.08753908285697476,0.995998666222074,0.9754140386250689,0.0,0.9946666666666667,1.0,0.9461600914150429,0.972161720246713,0.998163349078383,1
5915,0.15566558673984043,0.2,0.9901060070671378,0.10351487060641174,0.71875,1.0,0.0,0.6666666666666666,0.1106985484145957,0.0,0.16088733586772874,0.9986662220740247,0.9813388652368384,0.0,0.998,1.0,0.8177065747411753,0.8384718364777528,0.8592370982143303,1
5916,0.38220179253340136,0.4,0.9936395759717315,0.10351487060641174,0.46875,1.0,0.0,0.6666666666666666,0.33852789997041843,1.0,0.5070571875756904,1.0,0.9702648466356875,0.0,1.0,1.0,0.7848746645546569,0.8267729268392825,0.8686711891239082,1
5917,0.19321704634685477,0.0,0.9809187279151943,0.10351487060641174,0.46875,1.0,0.0,0.6666666666666666,0.12394324974437787,0.0,0.29395255194315517,0.9966655551850617,0.9736678905345052,0.0,0.9973333333333333,1.0,0.8780958419269538,0.8892869902499017,0.9004781385728496,1
5918,0.45522537051543777,0.2,0.9879858657243816,0.10351487060641174,0.5,1.0,0.0,0.6666666666666666,0.10354615439259884,0.0,0.20002168808200838,0.9983327775925308,0.9829936237968404,0.0,0.9986666666666667,1.0,0.910092616728384,0.942048084893457,0.97400355305853,1
5919,0.23804375637534636,0.1,0.9738515901060071,0.10351487060641174,0.59375,1.0,0.0,0.6666666666666666,0.10223925313075011,0.0,0.16943231073318266,0.9969989996665555,0.9772917011796732,0.0,0.997,1.0,0.9448425516364427,0.9665853103438811,0.9883280690513193,1
5920,0.23205889356119824,0.6,0.9992932862190813,0.5217391304347826,0.375,0.7142857142857143,0.0,0.6666666666666666,0.4748447796712101,1.0,0.6342157291525294,1.0,0.9865092325631087,0.0023333333333333335,1.0,1.0,0.7296790655270883,0.8593304522463328,0.9889818389655771,1
5921,0.06374338553980785,0.0,0.9646643109540636,0.10351487060641174,0.59375,1.0,0.0,0.6666666666666666,0.07719035294228282,0.0,0.18778344728362895,0.9953317772590864,0.9813267469515847,0.0,0.9936666666666667,1.0,0.8997588857262526,0.9166218194143492,0.9334847531024458,1
5922,0.12105306811092831,0.0,0.9964664310954063,0.10351487060641174,0.8125,1.0,0.0,0.6666666666666666,0.08078529777494836,0.0,0.25425273496339074,0.9953317772590864,0.9754260356794379,0.0,0.9966666666666667,1.0,0.8732125621307344,0.886120599360584,0.8990286365904335,1
5923,0.15378556549859812,0.2,0.9929328621908127,0.2575250836120402,0.46875,1.0,0.0,0.6666666666666666,0.14740623587198298,0.0,0.3266659752431831,0.9976658886295432,0.9740640325822171,0.0,0.9996666666666667,1.0,0.7839883959570545,0.8897208103443907,0.9954532247317268,1
5924,0.0962971348699917,0.1,0.9717314487632509,0.10351487060641174,0.625,1.0,0.0,0.6666666666666666,0.09109158984522403,0.0,0.4249095036406322,0.9983327775925308,0.9841761166936671,0.0,0.9983333333333333,1.0,0.972945948555596,0.9820334931470849,0.9911210377385736,1
5925,0.1657665968408505,0.2,0.9879858657243816,0.10351487060641174,0.5625,1.0,0.0,0.6666666666666666,0.23390682978394783,0.5,0.44900279894116524,0.9996665555185061,0.9940639604202265,0.0003333333333333333,0.999,1.0,0.7589873076902495,0.8159094213739047,0.8728315350575597,1
5926,0.12105306811092831,0.0,0.9646643109540636,0.10351487060641174,0.59375,1.0,0.0,0.6666666666666666,0.07838817724862479,0.0,0.11020876869753138,0.9953317772590864,0.9759372333681965,0.0,0.9966666666666667,1.0,0.888840579944137,0.8992566516888667,0.9096727234335964,1
5927,0.4590797636376239,0.6,0.9992932862190813,0.9206349206349207,0.375,0.7142857142857143,0.0,0.6666666666666666,0.8043977784059144,1.0,0.7060336724704639,1.0,0.9830555371451758,0.0003333333333333333,1.0,1.0,0.6991941129971201,0.8030000711380207,0.9068060292789215,1
5928,0.19834023073432072,0.1,0.9787985865724381,0.10351487060641174,0.6875,1.0,0.0,0.6666666666666666,0.08492172873390713,0.0,0.30202817431855766,0.9983327775925308,0.983224584888249,0.0,0.9956666666666667,1.0,0.8989656993184417,0.9428026595405816,0.9866396197627216,1
5929,0.19834023073432072,0.0,0.9787985865724381,0.10351487060641174,0.6875,1.0,0.0,0.6666666666666666,0.08692025944715709,0.0,0.11738178262329346,0.9929976658886296,0.9681677002125182,0.0,0.996,1.0,0.8957782364866159,0.9373170648967983,0.9788558933069806,1
5930,0.06374338553980785,0.1,0.9371024734982332,0.10351487060641174,0.5625,1.0,0.0,0.6666666666666666,0.07629924121566967,0.0,0.1595147311860693,0.9973324441480493,0.9836609769893238,0.0,0.9913333333333333,1.0,0.9459770279675217,0.9469444652993071,0.9479119026310925,1
5931,0.21698372980061387,0.0,0.9915194346289753,0.10351487060641174,0.71875,1.0,0.0,0.6666666666666666,0.08304498000093408,0.0,0.09311421768670891,0.9966655551850617,0.9848667849943767,0.0,0.9933333333333333,1.0,0.9247594333502241,0.9564135026383103,0.9880675719263965,1
5932,0.06762227384288833,0.1,0.9371024734982332,0.10351487060641174,0.5625,1.0,0.0,0.6666666666666666,0.08215300582319918,0.0,0.2312673608820307,0.9976658886295432,0.9792254870986743,0.0,0.995,1.0,0.935982672444228,0.9528011465716416,0.9696196206990553,1
5933,0.42079007805609425,0.3,0.9971731448763251,0.4035087719298246,0.53125,0.8571428571428571,0.0,0.6666666666666666,0.5063979818731607,0.5,0.5555272115024175,1.0,0.9894371064340396,0.0003333333333333333,0.9993333333333333,1.0,0.8332053525596629,0.833670900604069,0.8341364486484752,1
5934,0.09676329538365558,0.0,0.984452296819788,0.10351487060641174,0.5625,1.0,0.0,0.6666666666666666,0.09919428270058372,0.0,0.26622316886819775,0.9939979993331111,0.9670929161630291,0.0,0.9973333333333333,1.0,0.8231211629764049,0.8505467244177937,0.8779722858591824,1
5935,0.09703403854877068,0.2,0.9943462897526502,0.10351487060641174,0.65625,1.0,0.0,0.6666666666666666,0.08352018756662871,0.0,0.3179446993008641,0.9993331110370124,0.9925385922509389,0.0,0.9963333333333333,1.0,0.9116853684842854,0.9370894370934179,0.9624935057025503,1
5936,0.08874338553980787,0.0,0.984452296819788,0.10351487060641174,0.59375,1.0,0.0,0.6666666666666666,0.07777100757790978,0.0,0.24196554489067268,0.995998666222074,0.9821559893768222,0.0,0.992,1.0,0.8943172923615523,0.9012555686673942,0.908193844973236,1
5937,0.2632040127856027,0.2,0.9943462897526502,0.10351487060641174,0.75,1.0,0.0,0.6666666666666666,0.10925838988913827,0.0,0.18290659189226322,0.9986662220740247,0.9849507400626653,0.0,0.9976666666666667,1.0,0.8974574107652319,0.911154122592847,0.9248508344204622,1
5938,0.29846042304201303,0.3,0.9703180212014134,0.10351487060641174,0.53125,1.0,0.0,0.6666666666666666,0.1324499973090102,0.0,0.33390002641576644,0.9993331110370124,0.9921968802034443,0.0,0.999,1.0,0.897428404198943,0.9072052447875716,0.9169820853762002,1
5939,0.283425458007048,0.2,0.9908127208480565,0.10351487060641174,0.4375,1.0,0.0,0.6666666666666666,0.21330232011467953,0.0,0.20265772340799315,0.9983327775925308,0.9793342531960668,0.0,0.998,1.0,0.8395906545483041,0.8607093247079365,0.8818279948675688,1
5940,0.22668844502003493,0.0,0.992226148409894,0.10351487060641174,0.6875,1.0,0.0,0.6666666666666666,0.10338747231457035,0.0,0.33076101354591436,0.9963321107035679,0.9843051888825313,0.0,0.9953333333333333,1.0,0.888917305041681,0.9129095453836116,0.9369017857255422,1
5941,0.08874338553980787,0.0,0.9526501766784452,0.10351487060641174,0.5625,1.0,0.0,0.6666666666666666,0.07705238685120497,0.0,0.2763819397310736,0.9943314438146049,0.9753995231501936,0.0,0.9923333333333333,1.0,0.9058379684425981,0.9076482894522759,0.9094586104619539,1
5942,0.4391248270371769,0.3,0.9957597173144876,0.320855614973262,0.375,0.8571428571428571,0.0,0.6666666666666666,0.5240523153891915,0.0,0.2941354378983305,0.9996665555185061,0.9823018415547747,0.0,0.9993333333333333,1.0,0.8244163845499588,0.8679901259598768,0.9115638673697948,1
5943,0.4624027307343207,0.7,0.9978798586572438,0.4035087719298246,0.46875,0.8571428571428571,0.0,0.6666666666666666,0.5161353431357476,0.5,0.2026615381009934,0.9996665555185061,0.9884652050304129,0.0003333333333333333,0.9996666666666667,1.0,0.8234089974722255,0.8987081383298596,0.9740072791874937,1
5944,0.06762227384288833,0.0,0.9371024734982332,0.10351487060641174,0.5625,1.0,0.0,0.6666666666666666,0.08049869790336739,0.0,0.16971315529113162,0.9906635545181727,0.9680099772282496,0.0,0.9946666666666667,1.0,0.9259337273524824,0.9532717159292983,0.9806097045061143,1
5945,0.2261180085120985,0.2,0.9858657243816255,0.10351487060641174,0.71875,1.0,0.0,0.6666666666666666,0.09233650861825615,1.0,0.6605144329093942,1.0,0.995949859863228,0.0003333333333333333,0.999,1.0,0.9152077279305455,0.9345932160607342,0.953978704190923,1
5946,0.07546380153665833,0.1,0.9519434628975265,0.10351487060641174,0.46875,1.0,0.0,0.6666666666666666,0.07810863126789303,0.0,0.15463714979267906,0.9983327775925308,0.9798413266263885,0.0,0.9946666666666667,1.0,0.953615586612612,0.9637872088287346,0.9739588310448571,1
5947,0.13999246205032223,0.1,0.9901060070671378,0.10351487060641174,0.59375,1.0,0.0,0.6666666666666666,0.08299100517653768,0.0,0.23892012189351042,0.9986662220740247,0.9874509580875369,0.0,0.9963333333333333,1.0,0.8652798259074844,0.8781758381690552,0.891071850430626,1
5948,0.2702006657962619,0.4,0.9964664310954063,0.2575250836120402,0.46875,1.0,0.0,0.6666666666666666,0.3741436527254488,0.3333333333333333,0.3595020762810459,0.9993331110370124,0.9779458059060926,0.0003333333333333333,0.9996666666666667,1.0,0.7457924048641444,0.7851654923941015,0.8245385799240585,1
5949,0.07722018388377883,0.0,0.9915194346289753,0.10351487060641174,0.6875,1.0,0.0,0.6666666666666666,0.12185803502409642,0.0,0.12806526396680717,0.9966655551850617,0.9618271998260522,0.0,0.998,1.0,0.7929736279759181,0.8804720510636734,0.9679704741514287,1
5950,0.11848249054035076,0.1,0.9696113074204947,0.10351487060641174,0.46875,1.0,0.0,0.6666666666666666,0.09776468205987998,0.0,0.36491635887809715,0.9996665555185061,0.9891291327141558,0.0,0.997,1.0,0.8276820142483888,0.906601277843043,0.9855205414376971,1
5951,0.12267472933832435,0.2,0.976678445229682,0.10351487060641174,0.71875,1.0,0.0,0.6666666666666666,0.09760595723982735,0.0,0.18511430831586517,0.9993331110370124,0.993884864649732,0.0,0.9963333333333333,1.0,0.8207357289113613,0.8992250701032658,0.9777144112951703,1
5952,0.25124941158102043,0.1,0.9964664310954063,0.320855614973262,0.4375,0.8571428571428571,0.0,0.6666666666666666,0.19047258185968996,0.5,0.3372842617920244,0.9996665555185061,0.9881415849558542,0.0,0.9986666666666667,1.0,0.8527921978722501,0.853850105886409,0.8549080139005677,1
5953,0.09034954657016114,0.0,0.9816254416961131,0.10351487060641174,0.5625,1.0,0.0,0.6666666666666666,0.08686722181215956,0.0,0.1176931725390451,0.9963321107035679,0.9770908967906142,0.0,0.9966666666666667,1.0,0.8538310234083752,0.9248365907137575,0.9958421580191397,1
5954,0.21698372980061387,0.1,0.9915194346289753,0.10351487060641174,0.71875,1.0,0.0,0.6666666666666666,0.08514777485650105,1.0,0.6040968979604662,1.0,0.9929336322174956,0.0,0.9986666666666667,1.0,0.9227270899671299,0.9503213112291186,0.9779155324911072,1
5955,0.21244781557762393,0.2,0.9957597173144876,0.10351487060641174,0.625,1.0,0.0,0.6666666666666666,0.0971005268727666,0.0,0.15295166862701037,0.9986662220740247,0.9823735016366315,0.0,0.9983333333333333,1.0,0.9130224084123628,0.9141364859137809,0.9152505634151991,1
5956,0.07546380153665833,0.0,0.9964664310954063,0.10351487060641174,0.5625,1.0,0.0,0.6666666666666666,0.08389860164220342,0.0,0.26658512421112956,0.9933311103701233,0.9725923860626376,0.0,0.9916666666666667,1.0,0.9726042564217792,0.9803548353846825,0.9881054143475858,1
5957,0.09699029973464257,0.2,0.9703180212014134,0.10351487060641174,0.75,1.0,0.0,0.6666666666666666,0.09437424699405539,0.0,0.21267262528248143,0.9993331110370124,0.9871959407823997,0.0,0.9986666666666667,1.0,0.9721340671815929,0.9728618645101581,0.9735896618387232,1
5958,0.09164841939276225,0.1,0.9915194346289753,0.10351487060641174,0.59375,1.0,0.0,0.6666666666666666,0.089868976955636,0.5,0.5125409248283959,1.0,0.9958100511226042,0.0003333333333333333,0.997,1.0,0.9344506394082921,0.9347403174272906,0.9350299954462892,1
5959,0.5457900780560943,0.6,0.9992932862190813,0.4035087719298246,0.59375,0.8571428571428571,0.0,0.6666666666666666,0.38606357073154907,0.6666666666666666,0.603794868097844,1.0,0.9922281546574693,0.0003333333333333333,1.0,1.0,0.8106849398405929,0.8360036407223517,0.8613223416041104,1
5960,0.09922756825999335,0.0,0.9908127208480565,0.10351487060641174,0.53125,1.0,0.0,0.6666666666666666,0.09863723684993342,0.0,0.1463237767159553,0.995998666222074,0.9722595843835196,0.0,0.9966666666666667,1.0,0.8681811551733609,0.8986315439360444,0.9290819326987277,1
5961,0.45235683129309123,0.9,0.9971731448763251,0.8591549295774648,0.15625,0.2857142857142857,0.0,0.6666666666666666,0.8726118090046633,0.0,0.49351108499889496,0.9996665555185061,0.9797983362035361,0.002,1.0,1.0,0.7640340384167998,0.7869113384980324,0.8097886385792649,1
5962,0.09213046820332504,0.1,0.9717314487632509,0.10351487060641174,0.625,1.0,0.0,0.6666666666666666,0.08270847713910734,0.0,0.2823408128248628,0.9996665555185061,0.9945723093413389,0.0,0.9976666666666667,1.0,0.9912286305559024,0.9948232118003131,0.9984177930447237,1
5963,0.09676329538365558,0.0,0.984452296819788,0.10351487060641174,0.5625,1.0,0.0,0.6666666666666666,0.10398665857599354,0.0,0.13148843425751633,0.9963321107035679,0.9796130271199944,0.0,0.996,1.0,0.8136633827981532,0.8478973862277632,0.8821313896573734,1
5964,0.3773568312930913,0.3,0.9964664310954063,0.320855614973262,0.4375,0.8571428571428571,0.0,0.6666666666666666,0.6066065743450297,0.0,0.40015359821333774,0.9996665555185061,0.9891109621117361,0.0,0.999,1.0,0.7586045744831323,0.8070517595085438,0.8554989445339553,1
5965,0.19834023073432072,0.0,0.9646643109540636,0.10351487060641174,0.59375,1.0,0.0,0.6666666666666666,0.078907302734474,0.0,0.24729195239190982,0.9923307769256419,0.9686884156157535,0.0,0.9953333333333333,1.0,0.8977904709382744,0.9322517875506283,0.9667131041629823,1
5966,0.45522537051543777,0.4,0.9992932862190813,0.10351487060641174,0.59375,1.0,0.0,0.6666666666666666,0.11340865048435733,1.0,0.5266949511472494,1.0,0.9873922396389407,0.0,1.0,1.0,0.8979726437774553,0.9410953009090147,0.9842179580405741,1
5967,0.3422045371821044,0.1,0.9703180212014134,0.10351487060641174,0.75,1.0,0.0,0.6666666666666666,0.109077629000495,0.0,0.0898307742467983,0.9973324441480493,0.9833726675555237,0.0,0.997,1.0,0.9236619301080923,0.9517544414028356,0.979846952697579,1
5968,0.07775953050387341,0.0,0.9703180212014134,0.10351487060641174,0.75,1.0,0.0,0.6666666666666666,0.09751812306311758,0.0,0.2100647834850341,0.9956652217405801,0.9788015439367299,0.0,0.996,1.0,0.9459678059578248,0.966405848088792,0.9868438902197594,1
5969,0.4707900780560942,0.2,0.9872791519434629,0.4035087719298246,0.375,0.8571428571428571,0.0,0.6666666666666666,0.3001182532504453,0.0,0.10728359671324894,0.9986662220740247,0.9817102987145804,0.0,0.998,1.0,0.8302794923360467,0.8475790985641232,0.8648787047921997,1
5970,0.06374338553980785,0.0,0.9371024734982332,0.10351487060641174,0.5625,1.0,0.0,0.6666666666666666,0.07629863535210035,0.0,0.13757024977414611,0.995998666222074,0.9806201089810312,0.0,0.9916666666666667,1.0,0.9473220833613374,0.9474159340521684,0.9475097847429995,1
5971,0.14378034083820102,0.2,0.9985865724381625,0.10351487060641174,0.78125,1.0,0.0,0.6666666666666666,0.07968480302491265,0.25,0.35103842834389554,0.9996665555185061,0.9954942194528689,0.0,0.997,1.0,0.8754585407192975,0.9033234703639068,0.9311884000085161,1
5972,0.49256685602268424,0.6,1.0,0.4035087719298246,0.53125,0.8571428571428571,0.0,0.6666666666666666,0.28815932891249985,1.0,0.6105709354419602,1.0,0.9883575464272696,0.0006666666666666666,0.9996666666666667,1.0,0.8588860271548977,0.9063659338308045,0.9538458405067113,1
5973,0.10324157931443612,0.1,0.9717314487632509,0.10351487060641174,0.59375,1.0,0.0,0.6666666666666666,0.07830985266826074,0.0,0.16844019900128593,0.9976658886295432,0.9856833145284865,0.0,0.9973333333333333,1.0,0.9588270680498755,0.9713213955797477,0.9838157231096198,1
5974,0.6675360233676133,0.7,1.0,0.803030303030303,0.40625,0.42857142857142855,0.0,0.6666666666666666,0.8206434166170314,1.0,0.7008267186971717,1.0,0.9843308811920831,0.0013333333333333333,1.0,1.0,0.7127565350541052,0.8088786164474286,0.905000697840752,1
5975,0.06762227384288833,0.0,0.9371024734982332,0.10351487060641174,0.5625,1.0,0.0,0.6666666666666666,0.07829399575203466,0.0,0.23800663977472003,0.9926642214071357,0.9719050065151313,0.0,0.9943333333333333,1.0,0.9202925473319422,0.9589043508850101,0.9975161544380781,1
5976,0.11211889883193149,0.1,0.9936395759717315,0.2575250836120402,0.84375,1.0,0.0,0.6666666666666666,0.12207268666917714,0.0,0.1444143718585058,0.9983327775925308,0.9808114970299214,0.0,0.9983333333333333,1.0,0.7889794346621931,0.8682086967754913,0.9474379588887895,1
5977,0.09703403854877068,0.1,0.9681978798586572,0.10351487060641174,0.625,1.0,0.0,0.6666666666666666,0.08543199822750225,0.0,0.012872107198148686,0.9969989996665555,0.980702312624961,0.0,0.995,1.0,0.8947709921005792,0.9266726754592132,0.958574358817847,1
5978,0.10927276156453991,0.1,0.9915194346289753,0.10351487060641174,0.9375,1.0,0.0,0.6666666666666666,0.08400159744239599,0.0,0.31171658037229677,0.9976658886295432,0.9805627457894318,0.0,0.9966666666666667,1.0,0.8503593799766073,0.9023796282097045,0.9543998764428019,1
5979,0.06762227384288833,0.0,0.9371024734982332,0.10351487060641174,0.5625,1.0,0.0,0.6666666666666666,0.08241663956962308,0.0,0.23060344810811395,0.9966655551850617,0.9792771977965933,0.0,0.9953333333333333,1.0,0.9334078433681594,0.9505159264033165,0.9676240094384737,1
5980,0.07936838553980785,0.0,0.9371024734982332,0.10351487060641174,0.5625,1.0,0.0,0.6666666666666666,0.07595041326373941,0.0,0.2606295884217249,0.9949983327775925,0.9761273021472415,0.0,0.9876666666666667,1.0,0.9375442221593056,0.9399458615086571,0.9423475008580088,1
5981,0.45522537051543777,0.5,1.0,0.10351487060641174,0.625,1.0,0.0,0.6666666666666666,0.1073146118447792,1.0,0.589990911755496,1.0,0.993265976364865,0.0006666666666666666,0.9993333333333333,1.0,0.9082181913255843,0.9474424399162091,0.9866666885068338,1
5982,0.17186948470404395,0.2,0.9978798586572438,0.2575250836120402,0.90625,1.0,0.0,0.6666666666666666,0.12017692294932325,0.0,0.38276761414341653,0.9989996665555185,0.9855819567402608,0.0,0.9986666666666667,1.0,0.7972615657353864,0.8904507039623035,0.9836398421892205,1
5983,0.08297415477057701,0.0,0.9809187279151943,0.10351487060641174,0.59375,1.0,0.0,0.6666666666666666,0.07698240374816534,0.0,0.09130766966592474,0.9949983327775925,0.9798684916715029,0.0,0.9966666666666667,1.0,0.9368065808991607,0.9491422568716238,0.9614779328440869,1
5984,0.10900953050387341,0.2,0.9957597173144876,0.10351487060641174,0.84375,1.0,0.0,0.6666666666666666,0.09616226450414034,0.0,0.18371996600095097,0.9976658886295432,0.9752931341564891,0.0,0.999,1.0,0.9237920170380284,0.9456442575037709,0.9674964979695134,1
5985,0.10717129520975577,0.0,0.9901060070671378,0.10351487060641174,0.9375,1.0,0.0,0.6666666666666666,0.08438715741260827,0.0,0.2552714482923143,0.9966655551850617,0.9819238393718474,0.0,0.999,1.0,0.9784684204240021,0.9805302479979856,0.982592075571969,1
5986,0.11848249054035076,0.0,0.9696113074204947,0.10351487060641174,0.46875,1.0,0.0,0.6666666666666666,0.09209930816950151,0.0,0.26855684301138716,0.9929976658886296,0.9734029191006192,0.0,0.996,1.0,0.8308273292777111,0.8932858274503213,0.9557443256229313,1
5987,0.21835735617424024,0.0,0.995053003533569,0.10351487060641174,0.625,1.0,0.0,0.6666666666666666,0.08951719504247924,0.0,0.2609199250224784,0.9946648882960987,0.9752729127993025,0.0,0.9923333333333333,1.0,0.9621918078176039,0.9622744577395512,0.9623571076614986,1
5988,0.15378556549859812,0.2,0.9985865724381625,0.2575250836120402,0.9375,1.0,0.0,0.6666666666666666,0.1252873760681229,1.0,0.5778713306456282,1.0,0.9930836560763399,0.0,1.0,1.0,0.792019100905502,0.8860984518770414,0.9801778028485808,1
5989,0.4130578086534047,0.4,1.0,0.2575250836120402,0.46875,1.0,0.0,0.6666666666666666,0.3183331678829989,0.5,0.5113794836098251,1.0,0.9835965191723068,0.0003333333333333333,1.0,1.0,0.7572836487142013,0.7876760988682567,0.8180685490223121,1
5990,0.09213046820332504,0.1,0.9371024734982332,0.10351487060641174,0.5625,1.0,0.0,0.6666666666666666,0.07662633967674037,0.0,0.1441177903860471,0.9969989996665555,0.9784258368047104,0.0,0.994,1.0,0.9190986721103176,0.9451461651050916,0.9711936580998657,1
5991,0.12702949908735928,0.1,0.9971731448763251,0.10351487060641174,0.71875,1.0,0.0,0.6666666666666666,0.08155896409216701,0.0,0.3755035991704945,0.9989996665555185,0.9853430532565662,0.0,0.999,1.0,0.8650174710582291,0.9027477097298386,0.9404779484014482,1
5992,0.22668844502003493,0.1,0.992226148409894,0.10351487060641174,0.6875,1.0,0.0,0.6666666666666666,0.10162978501657138,0.0,0.3411896189984376,0.9973324441480493,0.9849049095463102,0.0,0.995,1.0,0.8916531293216654,0.9154091557526443,0.9391651821836231,1
5993,0.11211889883193149,0.3,0.9929328621908127,0.2575250836120402,0.71875,1.0,0.0,0.6666666666666666,0.13041820790776593,1.0,0.5091747671828613,1.0,0.9897599716444486,0.0,0.9996666666666667,1.0,0.7841110855333344,0.8713037314047622,0.9584963772761901,1
5994,0.25124941158102043,0.3,0.9943462897526502,0.320855614973262,0.46875,0.8571428571428571,0.0,0.6666666666666666,0.19206553779805613,0.0,0.3963982211881142,0.9996665555185061,0.9891799909508522,0.0,0.999,1.0,0.8489835409596953,0.8556636284122139,0.8623437158647325,1
5995,0.14832579538365553,0.2,0.9971731448763251,0.10351487060641174,0.75,1.0,0.0,0.6666666666666666,0.08539708611490449,0.0,0.29109646638559894,0.9976658886295432,0.9860047444305842,0.0,0.9986666666666667,1.0,0.8527395572677929,0.8736012648986389,0.8944629725294848,1
5996,0.19834023073432072,0.1,0.9908127208480565,0.10351487060641174,0.78125,1.0,0.0,0.6666666666666666,0.08088176827374094,0.0,0.12264354440383007,0.9983327775925308,0.9832278971488172,0.0,0.9963333333333333,1.0,0.8841723429266447,0.9287850085115257,0.9733976740964065,1
5997,0.3552253705154379,0.3,0.9879858657243816,0.10351487060641174,0.5,1.0,0.0,0.6666666666666666,0.1173265518057025,0.0,0.15359884126467793,0.9993331110370124,0.981135790998046,0.0,0.9993333333333333,1.0,0.8900638085028101,0.9327512408428631,0.9754386731829161,1
5998,0.38765908263664994,0.4,0.9957597173144876,0.10351487060641174,0.6875,1.0,0.0,0.6666666666666666,0.11140110002396764,0.0,0.4102761213717394,0.9993331110370124,0.9906108127445261,0.0,0.9993333333333333,1.0,0.9129942508486695,0.9513953497827423,0.989796448716815,1
5999,0.38220179253340136,0.3,0.9879858657243816,0.10351487060641174,0.5625,1.0,0.0,0.6666666666666666,0.15388111116565273,1.0,0.5940444428119334,1.0,0.9880034101667421,0.0003333333333333333,1.0,1.0,0.8254908586939667,0.8594071940920829,0.8933235294901991,1
